0.010137619115492208
0.02260641306696554
0.0009777590432361795
9.975017986161145e-06
3.129224824416514e-05
0.8272305077236223
0.0018960566708519865
0.00032793178020147396
0.13430885270340084
0.0019739024537297084
7.554441143620765e-05
0.0004146777042010742
3.293472231689524e-05
0.0005050342996838997
4.615836710298974e-06
0.46720297866201504
0.007474649336583809
0.00345837367899345
0.0035677647507309234
0.0239960034087088
0.0011358916107061046
0.015023049511626084
0.025419078620512882
0.0003301078529687844
3.627986632491117e-05
0.005348043831345775
0.05405150517993175
0.1829107364280261
0.0003301078529687844
0.000548663198112056
1.2670227263425883e-07
0.021081724728269306
0.00027963745790464915
0.482915126096741
0.5287713700652007
3.311800328073348e-05
1.175169098644077e-05
0.00010298341110163995
0.06645976102759758
0.025104890757419337
0.010300928862901557
0.04926297442939938
0.005950920978467584
0.0015695517430587157
0.1348604262460366
0.00022297851649928248
1.0755514058377112e-05
0.0020904784312145374
1.481867730029864e-05
0.002839834834102471
5.3494893984757526e-05
0.04955733483957912
0.0004789626811160634
0.00011077580820934297
6.773979559758207e-05
0.7420260434606665
8.195619676049855e-06
0.06926533720631174
0.03491990972207979
0.0004714622197084668
0.3977939853452669
0.0008559530401656441
7.63449353879398e-05
0.023278182718232013
0.0008387014183555706
0.00048248193839016445
0.00027133479374716503
0.005252741817658445
0.001300411494218864
0.030932186829945033
0.09148887175061003
0.0018129860009707386
0.02506266842907702
0.014179824993050984
0.0004890900090913148
9.265059093304175e-05
0.08963070063987784
4.841411355506886e-05
5.996191427743534e-07
2.5896550827446654e-05
0.02383085685174199
0.122821471891065
4.0277296407534985e-05
0.014922062357472234
0.5727445385508204
0.0015363181963808862
0.0026474960680981955
3.311548143393913e-05
0.002460746210930523
0.0023529990183468437
0.0003792840844322676
0.0002799053356972761
1.3761082819065075e-05
0.0021803664814313054
0.00010984404603659084
0.00038779226268046573
7.223590902271453e-05
0.0004799219609803197
0.16157356433256095
0.04385594150476704
0.01351033967513548
0.00039264556596009395
0.05460085885506572
7.726876421296846e-06
2.389021550233359e-05
0.0017764775424407694
0.0005050342996838997
0.0031658825448676723
0.35832450198562193
0.004626628001918259
0.0015927474198056109
0.9152759838280061
0.07024439594052306
0.7224315346228264
0.00040678627260044576
5.373022134097523e-05
2.832779908960153e-05
0.0015560717237828713
0.008324717045191289
0.005357877676206968
0.0009966570550981586
0.014522196577970834
0.03161540897945943
0.09460049814681981
0.023399258925847016
0.0016668669131010554
0.001312276830830573
0.027633172224517666
0.002156184547263708
8.358193029597008e-06
0.009201134001786779
0.07191431182308074
0.7875400541187813
0.5127170491145407
0.0003016770120540029
0.00018384352716128933
0.00020707118866260667
4.2773786050614876e-05
0.004587595798822112
3.228410853966189e-06
0.0007607511704378468
0.0010838236421207746
1.0
6.895441336215656e-05
0.07005336027224528
0.26194760154643576
0.9350779792714017
0.0016710013696087742
0.0077536673418053025
0.019804189112408145
0.2921561265578312
0.0004731795572302454
0.0009668039947790779
0.0005050342996838997
0.0495705793015764
5.555935222166047e-05
0.014549773012812217
5.3743943691115246e-05
0.00888362848318023
0.06442941191090087
0.00033105939576328096
0.9389942142082469
0.7764897480266567
5.512496684850471e-05
1.5869895998102786e-05
8.857015523031565e-05
0.07194726601774551
0.04063707756989709
0.0588788238173348
0.0044986357298326856
0.8359593556099588
0.9635979998127748
0.009465287957336603
3.482275586093209e-07
0.014915552240993892
0.0014913052675569055
0.0002679618400827483
3.846142438271642e-05
0.0010847075950417091
0.10007549115650304
0.0003914565389187061
0.05331350013865156
0.012442456343646744
0.012233318851779995
0.013123505340042793
0.003993519641543297
0.2779987533933221
0.0015918663865336425
0.00037944916138480306
0.00013033114983951872
0.022384013361635806
0.010137619115492208
2.1901306831986108e-05
0.0011099523982188747
0.5306023945134193
0.1388580712732173
0.03689337193117988
3.336010787211342e-05
0.002363027662187046
0.007440784211441663
0.004946414583868935
0.014805033484039805
0.02459595997257698
0.14079137406114847
0.003591640004971136
0.00010854469275990174
0.4482623815009341
0.004286586063301328
0.040032982111654764
0.19171307164526405
0.0007675596750405105
0.0006418965237210434
0.00042419581822308807
0.032757934421408515
0.18964228655824836
0.004005287929023378
0.008846441965374405
0.0009086233907256314
0.26781902402557345
0.0015323374301947357
0.011180328065736838
0.03534902804850095
0.019655917659320753
0.10859872101262243
0.03565187926501755
0.13008223992857662
0.0060183690738758065
4.962389200148226e-05
0.00012632076381460846
0.01659427752198358
0.00011973653204726515
0.05138218551488026
0.30883816923330987
0.0017509594601203898
0.35151505468670013
0.0004875398506693272
0.045463525451192525
0.001256138988372651
0.004043485813231011
0.9413126228990829
0.00034072766733161426
0.41285225100043904
0.021699363620563017
1.65931149443387e-05
0.0016052499406076514
0.13271927808608508
0.003839318731763915
0.13081757664427382
0.00021059723412055357
0.002108831811758406
0.11738491921323954
0.05567220278808083
1.2819323243629067e-06
0.0002551949158703504
3.289240565469484e-05
0.07836390140906764
0.0003204405448846099
0.0009917413005271485
0.002110792881575863
6.2354526687965105e-06
0.0003033873716147528
0.0003248839002529274
6.403935950689829e-05
0.0004940728863920523
0.0011792703536108575
0.0001199271121335183
0.001709041475986287
0.0019410258049414777
7.447379805775679e-05
0.004709329744956167
0.02486469660914378
0.022890572924373968
0.10090550484743696
0.0008186037811264572
0.10859872101262243
0.01562486250509278
0.0005820630479949867
0.00013369283365892684
0.009801442792106211
0.003497854807314602
0.00023530876341408636
1.0145167828774968e-05
0.04527808429747736
0.00024615819356984425
0.023119787323962172
5.7242584593955396e-05
8.326645310129491e-06
0.0006704185744695215
0.0005882746011700698
0.49259676802233493
0.41169777041347605
0.20558136873064986
5.178761465366669e-05
0.03175736091075297
0.12000736006020588
0.0007980208398462216
0.0005830756406493615
0.0028320412399386917
0.00014180583741958208
1.705239579927109e-05
0.00017765070353432282
0.0004722999545862702
0.06324081861256342
0.06057589009955674
2.5426418002263906e-05
0.24604059907544074
0.00011127902430687127
0.0005883343371879135
0.029364106434744762
0.006538256717357621
0.9215355019305898
0.000442107952218731
0.03028327359221561
0.06724849415215965
0.05455324381829731
0.034037452595703524
0.023088143000609494
2.4966190884539696e-06
0.00012239386515187987
4.146607892832192e-05
0.012496345122113207
0.00022882579967112743
0.0003196442106291439
0.9063990849804721
0.06909617134379242
0.08891239038266244
0.00038161740949288475
2.7454207272934976e-05
0.3431826138469139
9.479813143083233e-05
9.386132556449149e-05
0.0008486049844340708
0.06727467662979872
0.6492123816540326
0.00011563649820085504
0.010137619115492208
0.0017966060695559427
0.6431366117759078
0.0003301078529687844
0.012060014094886534
0.0043163959128157126
0.0019519448249303393
0.00021837814240957553
0.01102714412808528
0.00011041727531632289
0.15259686861336344
0.00020687469628719745
0.01576653601866093
0.0004008630055642616
8.976515295383886e-05
0.019049678945165495
0.008082328255180998
0.0003313343974993849
0.02808157611700455
0.008873967948681656
0.8544956827594662
0.00011020632337940977
0.0009152556069237303
0.00014355923260609029
0.0007399105993328548
0.0025902258689853154
0.000253135921026575
0.010137619115492208
8.620189656982078e-05
0.4138476784546132
0.0011074063475345977
9.619045362972006e-05
0.006515748325977314
0.002674473157399846
0.005341797183990121
0.3619065459603781
0.16409648485701395
0.0028990661030328085
0.11591055347697679
0.023700478876093348
0.020208369432365484
0.031217023111625893
0.0020578299821894866
0.021879385905797362
0.00258278963985497
0.027849919489449298
0.0018092034205563975
3.361966546352892e-06
0.0026978660856308814
0.0028915476565875816
0.0002813839043266183
0.0005077118513576037
0.01018621982575152
0.0023001503356280158
0.1716252589181351
0.7310797796433737
2.076109449652855e-05
0.6427375438780758
0.006222385267884341
0.0005760617679384321
0.00012126446464149939
2.3628830279094675e-05
2.696323545325768e-05
0.06747726009366668
7.630888502233259e-05
0.002383077475566097
0.0014582138493907388
0.0005435823665885104
5.954344304402225e-06
0.026214183586978263
0.0022171563941215935
0.012123963282973948
0.00022306158051236407
0.01726308548133898
0.3843425449949328
0.0098575234094444
7.124438893475158e-05
0.047678575765770476
0.00013533077132707607
0.0015070120447061093
4.567474561363304e-05
0.0002473829571145754
0.01465377231041127
0.00043875847253200065
0.009614311511997625
0.010584756113899781
0.0004923132139602673
0.00013726268844960798
0.00017702365052590328
0.023901025592842653
0.0050120412854662314
0.20436852879872375
0.10970810166522225
0.5658116755879602
0.0011560186196038157
0.030747274483050577
0.00023569574828627974
0.0008437221051104174
0.008348331166027987
0.0010028207844231794
0.0013622168424635517
1.5715889989490126e-05
0.22728055113783951
0.011043022347021763
0.0005947774769189766
0.004085437198149284
0.0004502251310774076
0.00434339028643924
0.0008697855194646593
0.023633933302573486
0.0010510572392774988
0.09763676116248868
0.3142158094678721
0.001292734452441806
0.020556425223464184
1.1320188424492539e-06
0.29366784885225555
0.003930948527767817
0.17459215294294805
0.013381391159620575
0.01945300532619327
0.0003374012236752253
6.354451550277988e-05
0.00022786441765961562
0.0019134680558534774
0.0024591373675643194
2.463188663003438e-05
0.010454076363334019
0.004932246111366916
6.584279553785368e-06
0.0001047996663303853
0.0026709100178017864
0.003025262674218357
0.0002072557834684796
0.000612624123188313
0.0026107505340721903
0.00019389345524245313
6.090443022443159e-05
0.5056235185697994
0.3056956141781019
0.0008889712335357444
9.834911069094854e-05
0.0004676943251284245
0.0017922875583774097
6.927961116310778e-05
0.0001979921898450734
8.795070060833e-05
0.004336196738530946
0.014161071970956654
7.260190606674536e-06
0.22607316744590097
0.00014919397993145807
0.010137619115492208
0.014739979967927506
0.0002571218257949057
0.9016578665575032
0.2277556476290328
0.0035728832457261298
0.0005229384630378656
0.005047200866173926
2.7385482385837448e-05
0.0003144127252189547
0.005475241958912607
0.002474586047744932
0.0017224877441200848
0.2950264077633571
0.021277951298836657
0.45463972449004425
0.00117086246530464
0.8127795738991782
0.00045308591992021535
0.010137619115492208
0.0019135563460382081
0.00014140031277645485
0.0007646056326097299
0.00048784901229833287
0.007474649336583809
9.477727053897053e-05
7.816761464275178e-06
0.00018489820655550845
0.0018611638292738216
0.0010823135996755793
0.0025479977013450686
0.0061465972535978295
0.5320036167366429
0.0004056462080722171
7.51257994665905e-05
0.0001734568759648812
0.0008705050961488102
0.0017029098627998917
0.002156213276609533
0.0007955441016283965
0.05673417394719945
0.007982849041325088
0.07620258758406609
0.0054793518903690115
0.00662325213662319
1.812210408654249e-05
0.0003301078529687844
3.7147195494545745e-05
0.029033841349441206
0.45232783338998794
2.801499519851083e-05
0.048954857567579696
0.0005620352487691391
0.0009325403959460571
8.922530986003258e-05
0.004808760842997119
0.00042313134340658814
0.0428889201328845
3.836516355630867e-05
4.202193994626771e-05
7.219064716461972e-05
7.925677429291738e-05
0.0003285608185711904
0.48003043443820675
0.0040298003674539215
0.3020229218765383
0.00497533826152917
8.45321566253098e-05
0.0229793694930213
0.0015079101287280392
0.4311518221802932
0.00038685263205375035
0.0006387013182856744
0.0004619313760169614
0.00011239072444539561
0.00013351642846840344
9.123173642417583e-05
0.23058725679935899
0.048823810641959973
0.014794547973529408
9.666211562104872e-05
0.00043428270906016093
0.00023316781402383643
0.007444867982843333
0.00013209714331131504
0.003081992154342741
0.5646968685925782
0.04217537100563087
0.033091377953362366
0.000300780825803901
9.13010196941381e-05
7.3087471061493815e-06
0.28024555827719766
0.0003259068284646417
0.42016349299498656
0.01627910491968679
0.00022823004529962297
7.733867440911689e-05
0.00026657994103066905
0.6129462941626079
0.00020598116691765458
0.24865207512232243
0.0036259129466808477
0.2784707405751526
0.00043875847253200065
0.005561435134969971
0.022829433139307558
7.77083457629421e-05
0.0001443476838093482
0.005400321897870696
0.07842824019511307
7.193880554393829e-05
0.019335165491064055
0.001990099264761359
0.5563784495421299
0.001935536280955677
4.52816968814447e-06
0.0032923479573300062
0.0003066070729049462
0.0030216170837334983
9.031855496587235e-06
0.002138144386660908
0.00017823415158543576
0.0011789069157075744
0.32119504299632545
0.0011014016806852424
0.0009499039570974856
0.0014914565053733423
0.00915578461261596
0.0011196075605633508
0.0012749388416363947
0.0013266899699159386
0.0001754412883758211
0.04675933760243677
0.0065829689223381085
0.0031852022124333156
0.0028289020333704903
0.010137619115492208
0.0006172336649757731
0.6123890102537386
0.0005421851393793599
0.009712038936473958
0.2948081282666481
0.19731748218287207
0.034896219923941894
0.015356558443716778
1.91263885148285e-05
0.0001058899946384788
0.8463558098197351
0.037624717369954666
0.03914690742342371
0.02850652378327081
0.0002466800516260202
0.3079227765980222
0.0005050342996838997
0.00030617776772099125
0.003516140685574378
0.0015329060610273463
0.024475149102660004
0.0005050342996838997
6.069507679532732e-05
0.09929512177515483
0.003960983073466622
0.0671101896799263
0.0035977329620052218
0.00023347101956895154
2.255150718236393e-05
0.00022939181741791356
3.1847427136311497e-06
7.175229836799267e-05
0.06867654164293872
0.10859872101262243
0.004188121485854068
0.0002736975196728694
0.04021290349382085
6.090443022443159e-05
0.11916910221487975
0.00040678627260044576
0.00012829076775790134
7.586853626616387e-05
0.0008898661059438116
0.6612504316185406
0.004829034885416756
0.00010876828677683749
0.016995090669181454
4.958396580187274e-05
0.04480002050864698
0.0048216904500499
0.0020211725047762944
0.16459279341544664
0.007476432891744136
0.1344547211686033
0.018356605666468028
0.011311751509287208
0.22728055113783951
0.014286515039137066
3.5756398812242726e-05
0.00017279491855307357
0.06948715952186196
0.10595161497119164
0.0013196295580004918
0.05433899297001754
0.051848705245271146
0.0010542659334910906
0.0002427530507755778
0.030620157171367124
0.0011607686548995178
0.004922180563163785
0.03425629640216463
0.0003232705898238061
0.23730246810682387
0.036405797093877985
0.0019532981406190416
0.19416362598401862
3.311800328073348e-05
0.017985590690188676
0.13119030510413834
0.2102585174424219
4.340653602407927e-05
0.009951555726189412
5.0236724380608195e-06
0.0008236900431970795
0.0029556183020719795
0.06948469300241551
1.3907797004385246e-05
6.749504872388794e-05
0.012387327765443375
0.005975861787794414
0.24756024412929914
0.012061155794418183
0.004676890809940914
0.0003160527504361146
0.008247336537572784
0.00023738726151295437
0.0028176135026084966
0.00016327581185041125
0.7063504855705286
0.008634279250035085
0.0001570104349466406
0.0014542633307678757
0.4084746423896843
0.0004801644378269428
4.185333021848343e-05
0.0036359558384080034
8.875519528265588e-05
0.30644166904193915
0.0002448254322098621
0.0004748302099696414
0.00019141661483691415
0.04587148776763441
6.714566893037615e-05
0.00013369283365892684
0.001177991313791849
0.013407599797314384
0.0016840333979472814
0.008149746453383809
0.011328990051069915
0.08489534206916972
0.010137619115492208
0.001766589275322851
0.00023079846049497933
0.014419362337095157
0.0013536584170566494
0.0011212276153815836
1.3943633870661819e-05
0.06892060747931505
9.048890735913319e-06
0.8272305077236223
0.00016227441604982094
0.10859872101262243
0.009300855196148988
0.0003301087872564535
2.1106058320979316e-05
0.0001650154262938001
0.001016256775392617
0.0008568334895078195
0.20887408250003678
0.0003080720359701071
1.4601933509749278e-05
0.000492671863639246
0.006419765683723039
0.0002658040735144544
0.005962215582099427
0.007890718934274378
0.00025741682712642644
0.005274562106170455
0.002116051052577601
9.097271144059905e-06
0.0019131592737788373
1.7846427181615193e-05
0.0009769361109786335
0.010127656806076513
0.9356783151560635
0.000418097138677029
0.0480475894978626
0.00036440639999992783
0.0012601570092796073
1.9185341701793075e-05
0.01605311194398167
0.00016139631702506317
2.111737743506423e-05
6.28872295293178e-05
0.0003523253305261239
0.0028061107863983597
0.0015349514503069403
0.008944246935727275
0.00018845543386441182
8.498811820432401e-05
0.010137619115492208
0.011901543023315496
0.00034513306726337425
0.5145987792231371
0.008178575767989464
0.00029419021460356707
0.4588217754802027
0.01360445794634605
0.00027500233999224724
0.22728055113783951
0.0004995105574122177
8.483745701855798e-05
0.044203545100633894
0.012716002693134108
0.06404920167538215
0.11669467495760413
0.0029004175501461727
0.8043288298175788
0.25418207151566136
0.8093465973906034
0.0037710585067993207
0.001256835733401888
0.0028351134113666354
0.00032941516625161003
0.0002714213321425161
0.0003080247084603688
0.007135643522991919
0.002169955480362521
0.007518311869368054
1.0137973631244778e-05
0.00034513306726337425
2.093004728306633e-05
0.5320036167366429
0.02582627855821678
0.6211442274752481
0.0005848301744989664
4.531832946611329e-05
0.0967215927562416
0.00021090357828830708
1.7110633672239003e-05
0.028873478345340226
0.06183010028947096
0.0003453360412594879
8.30164865567326e-05
0.00010197187682001533
0.0002326438246239153
0.000140802792017326
0.07508683135241227
0.016109974560098904
0.00043627971975638896
0.007131246298077264
0.00014133085432755464
0.023774024132830168
0.17000598142724307
0.1857580715283987
0.002083824200863235
0.0003913011843972273
0.0966463564388237
0.014522442295627809
0.000183155468087726
0.09093706650463233
0.0028418124875260547
0.004022648862490737
0.00013369283365892684
0.1292285551252582
0.030211553933584226
9.864781997665607e-05
0.00014769076946484312
0.0033671199337763635
4.101293846012106e-05
0.020135939715105577
0.008522538444809805
0.002902442852240881
0.0016463097815176788
0.0018872268348772085
0.04306445410015645
0.0057989025646832375
1.7631930038135381e-06
0.04130269026542414
0.002668386973951361
0.0010257722617305616
0.10859872101262243
0.006509198502273034
0.04036367510071077
0.0071985103388146725
0.005924493717459204
0.0037339282798255604
0.0006421190593652289
2.72367226214605e-05
0.00044427500327073665
0.0018512195048957568
0.00897450010474065
0.0007144446035500279
0.0007880109401523812
1.2303799343075001e-05
3.0735376297764876e-05
0.003603486539043504
0.025947278154242914
0.0008723924156333871
0.012327637060551755
0.0064949968625587625
0.011010495121821779
0.00022809105541059837
0.01591867355412309
0.01632143562539872
0.02956729344844696
0.05366447838157923
3.659353881156925e-05
0.0036296052515491614
0.9268182185379706
4.519554727841098e-05
5.405622204539208e-05
0.00013569000493584798
0.36837358056572256
0.0003315349189903671
0.003000498912404823
0.0003065599497706356
0.7275143585148263
0.00021155660157427887
0.03999922442959456
0.0011656255493473742
4.640825997203518e-05
0.02568047736172651
6.754799655788565e-05
0.029234543157943584
0.00027847654708280353
0.012451982340720966
0.00876519537538113
0.011707104679346818
0.6464314631954816
5.761646560258462e-06
0.001216390186634299
0.0019684557901907276
0.011517320022257966
0.00021528673049494649
0.002543558199913386
0.016644078791897696
0.000268691898306687
0.00011030440898642123
0.0005231759472847569
0.0016017290775266191
0.0033443011253179947
0.004187709932135826
0.04791252139811504
0.0006089859486118284
0.10328065095984253
4.0856989060165437e-05
0.30065252367209383
0.050029867645408385
0.6513607350404883
5.709497809092e-05
0.0006593734840383097
0.000702877071132847
0.00016518786076172979
0.0006812616251922887
0.3210276784404322
3.46417262201637e-07
0.0001642731639371837
0.0010825704119986253
0.0017541568260959935
0.8375435487303006
0.06444385973541596
0.00011191718657960632
0.0010815223748058037
0.0005302915989586396
0.09450330980632855
0.3950488239443879
3.7948106299765895e-05
0.0009220737463679816
0.005353589762949598
0.0005504156298144054
0.0013018575379587253
0.35005487517440514
0.014592878243001838
0.014401651045751883
0.00032151766178113245
0.01951463654657363
0.0006478552936886536
3.372678293618733e-05
0.006510536869359031
4.2296351251797535e-06
0.01329618786134863
0.00012959279981251671
0.0007522366565513926
0.007216267877397567
0.0033119537504943137
0.698004142530226
0.00010157213308184072
0.0003958136770530588
1.6771474474888686e-05
0.0024335437247287005
0.00021784991951865376
0.3368485321140341
0.7711267873199515
3.911427146331116e-06
0.11893850506954128
0.11678419466490736
0.00012559089536785258
0.0014005695848523395
3.311800328073348e-05
0.00017823415158543576
0.0037663994477653982
9.228097797219584e-05
0.0027549202307202807
0.00024752374258771407
0.005960161083515059
0.000447816449876979
0.019405511746821848
0.20379596741788913
3.0923365195560724e-05
0.01826828745310728
0.00022786441765961562
2.0997208333186462e-05
3.3117538303825893e-06
4.2773786050614876e-05
9.224043864630347e-05
8.245481908690576e-05
0.00242415740366101
0.20616322814236743
0.002794079730511343
5.302195099744504e-05
0.17024488999568593
0.0001108668720605913
0.012615745217649832
0.042605292819447464
0.5206578066662316
0.05591480366139201
0.013025955430223592
0.026627009805025522
0.0007968268785980813
0.034526896008343626
0.30255443439434293
8.21952768920766e-05
0.0011363457912992496
0.00011125443356345546
0.0005076740710999841
0.0007425610566641547
0.00017547264540571553
0.0007207742273292945
0.005702059910629549
0.007203440574844553
0.0013016801400875535
0.009442017654362138
0.012313222870392762
0.1125264887964552
0.00015078677982659355
0.0003732427759883897
0.06777434862384021
0.003629503647765146
0.006691926017453281
0.01493105954772574
0.0011446328061382762
0.02484380593686253
7.1012138956973275e-06
0.00016442847466392803
0.05795725740912968
0.4536673776784478
0.1369862520882148
0.008925978808933211
4.604160315576732e-05
0.05926734547595789
0.0003901006247424239
0.0027333082883584815
0.007631943672835607
0.10795852467884579
0.022125647318196107
0.00117898621337349
0.003009000930193703
0.003325258707618159
0.0008761032894691242
0.0005284922776938969
0.0011173975030820767
0.0015101573241441603
2.576058459988243e-05
0.00036887813435619447
0.007398154066531783
0.011536902691802462
0.021995928949641856
0.007052327018667738
0.0011437954508148383
0.03431697278054716
0.0025441463340010895
0.010693699661843753
3.7122455119120425e-05
3.701936858681565e-06
0.019975743014209697
0.003282719188612182
6.060438884888335e-05
0.004522133064710744
0.00017361887268775757
0.004652431158763674
0.010354729818327121
1.9050231296331997e-05
0.0012186308420367366
0.09280926687900384
0.00638330697601145
0.00014601595663025376
2.0184308719399832e-05
2.4731521817924785e-06
0.0005050342996838997
0.030979572031946834
9.31467824235872e-06
0.0001829578516474649
1.610194239879499e-05
0.0003198044117679062
0.011740802566996195
2.7402706489956018e-05
0.544812356862247
0.1031621309632902
0.017628395697110763
4.2773786050614876e-05
0.0012684538341391596
2.910528336143105e-05
5.8294840679532764e-05
0.04616013781158057
0.30065252367209383
0.9427302885852828
0.2858147798040364
3.757367956768736e-05
0.007073710994838275
0.008548814351215791
9.059936965463823e-05
0.00017778585408495718
0.0752407272172677
1.1641486669293586e-06
0.008626905851750487
0.00039213001434568445
0.03225186068825829
0.05384635055639841
0.0004286339766162462
0.009910776872295869
0.026273959312047773
0.0003728777322781755
0.23279097981023666
0.010406303431949536
5.6283198778375275e-06
0.07713754046599418
0.0009077256570615775
0.20058366218245632
0.0006418965237210434
3.8658613824316254e-05
0.010129028340374763
0.036509476865094204
8.1918662049919e-05
0.00018599107495820234
0.05221500580597218
0.00535560875860254
0.1306472522650448
0.2372933943049815
2.273685744740679e-05
0.026302400897270747
8.984510754077173e-05
0.0009601546110450591
0.005909455890281082
0.0003837883436780151
0.0002308531017253773
0.00028064537912067837
1.6761923573208784e-05
0.0045244543024246416
0.00024935258150350273
0.003427799348593818
2.273685744740679e-05
0.006959036059188162
0.03815695489499058
0.18348763290364536
0.00037622259891953967
0.0018733004596674478
0.006791013764775836
0.00013369283365892684
0.05319731212412133
0.0009914430291887858
0.001982640612726955
0.7628074115589301
0.00034513306726337425
0.00010679742153709965
8.362421958646142e-06
0.0002617145212078321
0.09535440850137888
0.014950506745558216
0.00019503005998665712
0.00030153079603378755
0.0036625526726283266
0.013779452829632928
0.00026194149471844597
0.00015998911921469386
3.0306399574318566e-05
0.010830718554244409
9.34166849243428e-05
4.201737434519719e-05
5.255548598127578e-05
0.00026946794100183956
0.0004196241150862269
2.6117878466872573e-05
0.5355768709330081
0.049444375723233326
0.034774048731178696
0.31451436296111074
0.00034513306726337425
0.013636806722601234
0.42436473799101915
0.04695047043663215
0.0005381654834689827
0.03638492510735012
0.009242451939665396
0.014658027990744055
0.0009260623372133609
0.0006353502619885024
0.00026639725859486886
0.009543806427336082
0.15567826893490225
0.009259121500257617
0.2027296536896845
2.9869961322983617e-05
0.00019381309190466504
0.00016008302972368404
0.02509126136890239
3.269875993702744e-05
0.0002300644023519573
0.005350568743771538
3.168677675937431e-05
0.00026091967597333875
0.0002826632069140337
0.36633148184729913
0.0014031488027488699
0.00249586444940886
0.00015164990105215591
0.0056419048647663814
1.852715246193214e-05
0.14823087506691104
8.896061710790062e-06
2.587723369997561e-05
2.6564557386955634e-05
0.2954038300844712
0.23573486793548554
0.6723100656387535
0.39869063243276154
0.01553921355160267
0.0038318626490206013
0.07714317608921424
3.223196646034951e-05
0.07437799103501094
0.07587108737046397
0.0006026896088307738
0.24721270406499377
0.0018981519277359192
0.004208796804827587
0.018516705201446323
0.0012214922148093374
0.003854349318212602
0.0014735067371025282
0.0001534838931483695
0.0031966561121127414
0.29201474267344046
0.012355799293761668
0.0021616265393643434
6.845596803946792e-06
0.0011099523982188747
0.03163968177310284
0.0008456381539408193
3.2286483605666427e-05
0.000468376968253156
0.010137619115492208
0.0003301078529687844
0.08937353235322994
0.0762236426909771
0.014891530770733463
0.033316358161234176
7.320509379608787e-05
0.00015027260044719805
0.004238537049910623
7.937298259444598e-06
0.0011330145886150461
0.0039614198529519295
0.0040911587758349
0.047702258089607014
3.371381604521725e-05
0.575559719206773
0.0001467884081571782
0.004877532356888632
0.017632228145129443
0.000109413441608846
0.0013628807706384113
0.07108512030529564
2.8330669469491194e-05
0.00023232860472330527
4.602134079194354e-05
0.000318801804312995
0.011756322953755411
0.0008917312360962471
0.0011330145886150461
0.003323413255899754
0.0013451791725297038
0.006253890382374321
0.011696858346479714
0.002284860250779234
0.0005704845960906731
0.04177357498780509
0.005778108124031908
0.00016462956548645864
0.011711723797582885
0.046530515603669595
0.005708836766237422
0.005659650724753413
0.04602377665769897
0.09059794250365029
0.00013369283365892684
0.00042525585517315975
4.4277631540879925e-05
0.00010384694107805757
0.00014114979229693054
0.002097628067602384
7.1012138956973275e-06
0.0004666158943898673
0.01554039635979176
0.0030683193214491845
6.151389964695365e-05
0.000680523771505611
6.928195497974447e-06
2.151899522291888e-05
0.03437195374129881
8.763407197709389e-05
0.003843048408138993
0.0005513013929176988
0.0013256432173686622
0.010137619115492208
0.00021014337468879484
0.0007176264369931327
0.0002529588443167894
0.025454527363254167
0.0014009638542487029
0.020271738427810382
0.12224170528372624
5.170434626515747e-05
7.432382298949777e-05
5.390279529057231e-06
0.013773284662441479
2.3002702434441208e-05
0.0048853668261379345
0.006816774878676142
3.247423528198379e-05
0.0054369445730682135
0.0010807568428469285
0.003855382173230801
0.00036263139941107147
0.00022618580928137052
0.019341630761734282
0.004009003123939584
0.0018431610401777856
0.000260707534279472
0.03245707884335313
0.0013671439252725497
0.0002365957008835477
0.5391839687658991
0.039903504789319144
9.980521992062012e-05
0.06884448172003617
0.01638020979408695
0.01387765113509449
1.3210890482064757e-05
0.43289049416099584
0.029210352581615046
0.000712757571984516
0.3931222779248797
8.738068556558263e-06
0.0005211702652310999
0.005350568743771538
0.00035942895324626693
7.604056198323832e-05
2.4042716066948173e-05
0.0
0.00020494110036651012
0.004877222173382488
0.0001029069819908335
0.004556821297289374
5.966726353188807e-06
0.0030152237532137943
0.03742816193012779
0.0016293990579208711
6.922080213381089e-05
1.0755514058377112e-05
0.08275342405617885
0.0003301078529687844
8.945589643624181e-05
0.00012323253431735233
0.004027879472006236
0.03381053654378132
0.00018219407147796937
0.0005050342996838997
0.003993280463900005
0.001104375985479847
2.8221279346639634e-05
0.0003146201370814966
0.09934585733273806
0.0260575278363483
0.0005050342996838997
4.2368356296079044e-05
0.01982840958594209
0.0338809407253746
0.00012703178592728907
0.7996811298531371
3.036899445312424e-06
0.010870825655303864
0.0016160108324085164
0.007865523064413883
1.5681635207996982e-05
0.0015277922374704854
0.01820661699264482
0.0004262005659890759
0.46057369192290265
0.050383062018687176
0.00012974815433399554
0.016108698323142902
0.9614812776696444
0.0009448360888153489
0.00010290343461733985
0.1010611571731103
0.00034513306726337425
0.049697018320412074
0.009088182359742335
0.2040614695505455
0.0011271951442960917
0.011241531382364743
0.028703049325892276
0.0007669788984682014
0.0018574199050117898
0.026006052322931142
0.003960313189207872
0.016555396206345992
0.0003301078529687844
0.0001587025612995981
0.12031577963123036
0.013577504681379962
0.0016337916113971808
0.0020836742476923434
0.004204699486254715
6.0667018968764426e-05
0.44565214618807697
2.4018232985587982e-05
0.004593848051903781
0.4727737847407406
0.004855523809411296
0.12952607716491019
0.30845880359384403
0.0059363797251855924
0.0018133520081651117
0.0010382218784933388
0.002358265597937604
1.9751124051881327e-05
1.970755182657677e-06
0.0027588049988484303
0.0064912527047248135
0.0014330345631363695
6.080403444517579e-05
0.26284762701814196
0.4138476784546132
5.196207462806651e-05
0.008562684785951364
0.00018193073373948447
0.019354103502116866
0.10308457013815156
0.001880219910930818
0.0006026496096399401
0.002343351563875638
0.006092641206419191
0.0052170987430819864
4.2773786050614876e-05
4.191978872807113e-05
0.0018645470017096192
0.0010875456106225823
0.000869359075536691
0.1256298285098824
0.0002886825012047083
0.00012076867175146704
0.010137619115492208
6.705536418785896e-05
0.0004284095432002327
0.027046030350318967
0.03797315808757304
0.0011622799819902582
0.04188518125560602
8.941770742776703e-05
0.04477964556315908
0.00010063708630400187
0.0023166827895047936
5.9278174801707394e-05
0.08817008761810435
0.007756778986887266
0.2231707168473524
0.13143091781328964
0.008686703999724056
0.0006015093115397941
8.746927239121019e-05
0.03101956514991066
0.0009758361624271971
0.001826805517028345
0.0012274825169857801
0.0013093191096420953
0.001992444093238902
0.002609700161160196
0.00020687469628719745
0.00011246977394114903
0.012321738902496679
0.00019195441417644427
0.9018771326619909
0.0033427119019928423
0.003790033889358898
0.00023698865643787648
0.1084551023121272
0.05951046581321309
8.269252960659193e-05
0.0020192013913663946
0.00031628419100964637
3.440541884271301e-05
0.01436083014891323
0.008138421952546554
0.012297944464139843
0.9552068707587659
9.031577217545166e-06
0.0013235068518272887
0.0006747620778432032
0.009537673763076059
0.965727637548643
0.0005249837939244802
0.001778155406308528
0.0030317335506145964
2.9978548542369537e-05
0.015479245363273324
0.0023785055388573185
0.011235803264665445
0.00813670846896141
0.06622922367666992
0.0008893649190023146
0.0021544572829354453
0.00019024122255619736
0.06132533829620816
0.11142793840651569
4.919444083507898e-05
0.00025796545836362025
5.997660227866109e-05
0.02767188910552549
5.926566775544946e-05
0.17002779143859073
9.262264989243748e-05
0.0777467109748551
0.00013369283365892684
0.6054507657939043
0.0004260877799495208
0.16820383767945193
0.03723661800935801
0.005666522877703534
0.004069603357877082
3.060473660478293e-05
0.011643110645451286
0.08019712330188399
0.0011406613828288167
0.11014656660548516
0.0003158066824212634
0.017997704664106325
0.011279078535210842
1.491989331843581e-05
0.010137217371794491
6.719068261830887e-05
0.009154128120578633
0.00507102193172933
3.0518862429571586e-05
0.10671552594096086
0.08326676654739473
0.03419348984789653
0.00011771587949353526
3.681198694720249e-05
0.00461596264103156
0.00012862400189263135
0.0028933466274944485
0.0015269303570957335
0.0022937586401117326
2.0549373300542157e-06
0.008847311787194344
0.018892163649879952
0.0028351134113666354
0.7850142784112115
0.0017893923176768036
0.15521656639173328
2.9342254844972712e-05
0.00029347443346307197
0.008849156071053162
0.15517080871885108
0.12198002999336256
0.02105463412301586
0.04177357498780509
0.015528121688395024
0.03006948801919505
0.0002553718757941773
0.0005050342996838997
0.0032113003706102524
0.0010809587657694144
0.0018779639565677988
0.00042424051804875693
1.0737237055850192e-05
0.08725266944715007
0.0036552421051894764
0.00020845105855865458
0.2559281879005115
0.010887241089650087
5.2016131928671294e-05
0.01647152146513952
0.0029400304130286696
0.0023179244578170376
0.00031894939256822436
0.0005401450054679046
0.0008192142797252398
0.005077551201104889
2.852178786602243e-05
0.015384792617077214
0.00012003622671449868
0.21816281535211354
0.001361211432145633
1.993749984362348e-05
0.18558350174600127
0.0007111999976541549
0.007571165924240979
0.0004746130172830636
0.4679288828094049
0.0008889712335357444
0.0001088908244439389
0.0012496947391749808
0.48174545772942895
0.011888277072701835
0.0003096299898548338
0.0027804608527306775
0.0032728257829120837
5.825833411877462e-05
0.049271607247461935
0.5164030755697179
5.7913443285548e-05
8.115255346037311e-05
1.2054309864591776e-05
0.06721974051485519
0.002507488155872146
0.00028530548922822886
0.00035706479669256927
0.0002698564294932504
0.001109373490221904
0.2252475860156693
0.0005050342996838997
2.257488889458098e-06
0.0054951296733810676
2.389920060797755e-06
0.057573810801125176
0.0008252344207141145
0.006545356836499005
0.07028937628606459
0.000585738652471215
7.317459076351599e-05
0.0010325757445370037
7.07576834521258e-05
2.124121069639428e-05
0.002047297990867553
0.22961888631608224
0.4577622783148319
8.19826242596408e-05
0.00163901451303941
0.0006079342326613098
0.2656530910823358
0.06719609929967608
0.10902459175510577
0.015720262618985365
2.3413194130371776e-05
0.03827708186633377
8.605073904373054e-05
2.1669532323603856e-05
0.0037742306470078587
0.0020209587864719863
2.6994092493266683e-05
0.0009446541362917901
0.007181773042366443
0.9673976954429263
0.0006776381072536133
0.000672303266270029
0.0005400250078954036
7.976566625646478e-06
0.01651425952027518
0.02199942131694898
0.0005379743048546915
0.010137619115492208
0.2856678649366446
5.549679509300353e-05
0.6547595091460724
0.35407589981621757
0.00041962230490386797
0.00013369283365892684
0.06718837087207723
0.315615088372744
0.04857975227988499
0.0011330145886150461
0.003788946378512057
0.6592000214770128
0.11789471888561416
0.0004930538705099524
0.001463932974571223
0.007231689229663859
0.001049198824317685
4.761523190588005e-05
0.024539762569280154
0.0012186476592147804
0.00019024068242113866
0.021113619440717303
0.020664740930094516
0.0019372184659039054
7.894824768756182e-05
0.00037384034054225305
0.0012762506983097805
0.0011140692200468391
0.09203149855452643
0.0019542560190517946
0.009333502010170618
0.0025591500596792898
0.07398016387120354
0.1263537743903179
0.002185995331065762
0.006716314195623834
4.326106086478902e-05
0.0003683781152742839
0.0003077502322610788
8.238674576053255e-07
0.020828205769256935
0.0028351134113666354
0.0005050342996838997
0.004842012141140661
3.982447151232979e-06
0.012489237995814305
0.0035936389134391916
0.00012381736920172407
0.23537311175000702
4.091971771819912e-05
2.0147309467878683e-05
0.20641838584195144
0.013700697984853164
0.0009456802177243876
0.00141262434828896
0.0006275961414787431
0.00041998358226691607
0.0006905458753321291
0.0002771150563769963
0.005640511374707907
0.0032365284733953327
0.0005759129242341474
0.018567917245740792
0.21312304343590607
0.0007353635380332663
0.010137619115492208
5.009057770205578e-06
2.9195396501984848e-05
0.05879406523999335
0.0004222731709860231
0.014059991388035892
0.00020277769887571195
0.002470854502794516
0.0002457392531397184
0.05748218334084045
0.01765861429748038
0.0003329112999059007
0.0001321332739672688
8.817487855505894e-05
0.00047415711409702865
0.0009394584457779236
0.023327610273078486
0.4195186700686725
3.400240509769651e-05
0.01465353126419264
0.00784392420207945
7.55405720978174e-05
0.018876852543558618
0.20641838584195144
1.2721758953626317e-05
0.01068486503764467
0.0013682064439242425
0.0018027069680352158
0.0010000715261708714
0.0048808598224221586
0.6496867307150906
1.766234878865313e-05
0.0002666517060022524
0.07997688553822056
0.23083926034377206
2.777817699653988e-05
0.010194762017910173
0.00016950562742977648
0.008991578883331939
0.0067780925663120765
0.003317398545457956
0.046184604937059164
0.13818749190444127
0.00034027532611731785
6.790661704037471e-05
0.02984811229315066
7.631042513716213e-05
0.001161590711262374
0.0019402951919842355
0.023741755705314525
0.015148162776259301
0.0025699170243500043
0.0012826581599304796
0.0027653601947068072
0.05258928892051807
0.0012247541634200683
0.04897312476008609
0.2757231276034299
7.841413440485123e-05
0.012407997945834715
0.007104831182808582
2.474933315925139e-05
0.2779191371353114
0.061012916236809225
0.012756795561342687
0.03207467116323668
0.00036338706295644166
0.004587595798822112
0.9103386995319491
0.00032407746401203917
0.00024881846092166974
0.5869311810794273
0.024444754856208593
0.000106204214559318
0.8514973518231631
0.032259095811967856
0.05073423459345002
0.0003403072962734951
0.09075644253813908
0.02292526863125395
0.0027167851773583947
0.14758212065808538
4.603129679491747e-05
0.00020880214634681144
0.04420827259623958
0.22728055113783951
0.06681597875577361
0.003398955552529291
0.001310606441264167
0.0005050342996838997
0.00010024475117507838
0.11281395042648626
0.004283676224355892
0.11751317822445465
0.00955873821286376
0.0004575725444862084
0.00024463568422356425
0.0004561121068769448
0.009296589238651842
0.29517900309977707
0.08546777638688133
0.541823832209319
0.0019046768760310087
0.00025950636149838576
0.005644323735541701
0.0003556779634337375
0.008342525502452151
0.1099598884548961
0.005719443734144802
0.0059450223532686725
0.038882429270052705
0.012274334080453824
0.0017599631903875805
0.06898583570722149
0.004988607015005838
0.9690537614450772
0.8272305077236223
0.00792978150171977
0.00017208563363152772
0.00016201627528649544
0.159217410419893
0.045969830887684686
0.0014689411068355162
8.008418091250363e-05
0.007840443980512025
0.0032368961155931266
0.0033791857918790548
1.2319961767028564e-06
0.462065502678523
0.00044258732938245223
7.357956067333969e-05
0.0005493459872192357
2.9209261185011957e-05
0.0013201319711945545
0.0002674466096297251
0.04204147637119571
0.0005287584912866132
0.019330550109978663
0.007314858583680156
0.011426716541258578
0.32964811905994684
0.0030256695564982532
0.06159481675718423
0.5145066958304699
0.0040974591447315275
0.07842824019511307
0.0003301078529687844
0.00046858163564566987
0.03572287765356838
0.001529809598120006
1.4900112582642632e-06
0.0025117583176638026
0.5324746771051057
0.008732556969948523
0.008412418628690427
0.0005371344970261223
0.00052878021347492
0.00013369283365892684
0.00022265763247967846
1.3284489358154835e-05
0.0001630519185694565
0.42522559812363636
0.0022786336906084658
0.010137619115492208
0.0002861512823371783
0.0001740194485258875
0.004894386906439335
0.2454078546201129
0.0003990924428418336
0.010572817786063922
0.0006620747432616173
0.0012514521342805725
0.00016229813819766938
0.001443655428572827
0.001928601881089601
0.00030794179042973555
0.0003301078529687844
0.00026087955999654647
0.00025066259879804
0.22728055113783951
0.0067209636782091485
0.00629462672617892
0.011270562503106927
0.0004087525393930622
0.04585842268886961
0.00157146843421189
0.012437213121247712
0.004088544638936736
0.00426967452220281
0.0011080686407060364
6.123182129761969e-06
0.0001521690730312832
0.008525963543404754
2.5224330849523672e-05
0.0013018575379587253
0.00013015245272455706
0.006101067079763039
0.0071439904490277276
7.048776920434507e-05
7.048776920434507e-05
0.00028484097307774443
0.0002714213321425161
0.028865869506563013
5.436028603573245e-06
0.0005050342996838997
0.006138477826609449
2.4961038730553863e-05
0.01143050414346914
0.13069519243392208
0.014179824993050984
0.36978801735373806
0.6970662074020582
0.0006312873368804497
6.53880840476018e-05
0.0018740141386606876
0.0028351134113666354
7.024519746913057e-05
0.055129744155944876
0.0006228621642523538
0.0023259782510966632
0.007173637265343853
0.0016828487211828528
0.19262045182950144
0.22607316744590097
2.7452112424801897e-05
0.025598757087884998
0.6591979884670448
0.00010501285909787981
1.460398638792847e-05
0.0002459463146443844
2.208592900956808e-05
0.010723344609584538
0.027166106870128028
0.0046066991787923565
0.0004885791873082302
0.023828622035637483
0.3586181822343785
0.02444152035229814
0.012530281253118206
0.00388604853096584
0.07444480381480417
0.03782680752993334
0.0012473608885775497
0.06386158176282263
0.000715168793279545
0.10859872101262243
0.00036801076504138663
0.010606497922247585
0.1959352596336874
0.9734344195707839
0.00033515300638196595
0.04186293026047855
0.000250186287265733
0.01697527255914434
0.0001651162125761051
4.970310835061213e-06
0.00012925682120775868
0.0014994930143310894
0.04194466922007344
0.0009276905670486984
0.05907646303085784
0.006419719903627253
0.014350311938334416
0.001861485457803912
0.002212645419683224
0.020588463816213227
0.000348700469548924
0.000752107608067097
8.006523968983696e-05
0.0025153515880391906
8.198309870259776e-05
0.0009357024341691728
0.08742661138823386
9.336528450429705e-05
0.010137619115492208
0.00020251349984078208
0.0012736415832078386
9.36151334645592e-05
0.005169580872231169
1.1536151779187443e-07
7.803043413774456e-05
3.838685004734486e-06
0.0005764156877860859
0.3117065669148948
0.002589975713461912
0.0005018816043374751
0.14475483163394115
0.06554634160786708
0.010132347864463103
8.467793002217996e-06
5.050678290010541e-05
0.2562975977705753
0.00031848581070540897
0.007173637265343853
0.04599501554609316
0.00023175581339091812
0.00019864534451524864
0.004878067236579196
0.005805672413133592
0.00034507184222455807
0.022768566166240532
0.0015263704852100208
0.7550801200538769
0.34229807512761085
0.07364252725619072
0.004062257521078722
8.0089553066601e-05
0.11401918899393654
8.920804823386285e-06
0.010794149600587865
4.640714685586691e-05
0.17354398681842817
0.002620156708752849
0.002380541118116387
0.017630593141708503
0.7333407259054089
0.0016019495694165285
0.00021515787178783376
1.0737237055850192e-05
4.4859433639888285e-05
0.0016046461572014907
0.13378100259325906
0.0021667328886198515
1.4277042271939495e-05
0.00031306548240010143
0.021689581628667458
0.12074114212122171
0.004914926286556998
0.008106391768386536
8.894182654368255e-05
0.00017042138992619515
0.002613428202531853
3.6777268671436e-05
0.0003091595760134381
4.3014755628459304e-05
0.03221972492959166
0.00011299717203123789
0.0007031599851176487
0.00011558244090025026
0.4391046881001757
0.020594822578089172
0.00407431683916773
0.04239443156683121
9.0609288135561e-06
0.009470466713886466
2.9858609362847837e-05
0.008592856671937528
0.0001978608056416051
0.014628062582332764
0.02701902569953108
0.0006259235913721025
0.0061020798475963514
0.20641838584195144
0.0008360568003222027
0.004730266664477036
0.22174572634582665
0.12430696686204216
0.8512656484812244
0.0004825109305043964
6.41575468970404e-05
0.031655052673835005
0.004409216925597727
0.9454404104614197
0.3541244229806003
0.03152634520453873
0.04106022766668799
0.0005608823377854602
1.1810282866845807e-05
0.013367829974103476
0.0008549219369368251
0.002215967746634571
0.04230797258593198
0.004645951873778413
0.003541983549645731
1.6828194016345513e-06
0.00010981158683921177
0.00013369283365892684
0.03198619412097218
0.18796539715252847
0.019323847530240485
0.0012496947391749808
0.9236263330938338
0.0009847905506268633
0.1777485803014669
0.0008065775134637443
3.077919657918275e-05
8.924000299345378e-05
0.03409139089141645
0.00025050231006980874
0.00020892243588420907
0.010137619115492208
0.021067547847178267
0.001220210956057115
6.200722543360975e-05
0.0023043490244129858
0.3041480750315947
0.003055899835463736
0.0002648726471013334
0.828818408097435
0.02059565222553934
0.008063837767921687
0.0005591974083672038
0.0009061108576114836
2.81062214552329e-05
0.0019542560190517946
0.04227277983801204
0.3646899757841837
0.19798447388699872
0.31055444820715933
0.0005807475709568831
0.00024752374258771407
0.0001278907612513198
0.1331364487417937
0.023938916563550985
0.00012420181397931705
0.011880683182527328
0.0055808636470490655
0.03571743262503282
0.0005603596622275737
0.029710366524943438
0.005008447080803174
0.0009645183183895852
