0.21274583041667938
0.17944194376468658
-0.0011809736024588346
0.10626537352800369
0.05417822301387787
0.1761038601398468
0.10866934806108475
0.12261077016592026
0.09778207540512085
0.22697895765304565
0.16437818109989166
0.15908992290496826
0.05142991617321968
0.06956902146339417
0.04556354507803917
0.03231290727853775
0.14398448169231415
0.10100891441106796
0.1854400485754013
0.11669213324785233
0.16472886502742767
0.06308037787675858
0.22586049139499664
0.06044119969010353
0.10757984220981598
0.17351730167865753
0.16376614570617676
0.10497139394283295
0.1619148701429367
0.18589456379413605
0.08706536889076233
0.08481714129447937
0.1184399276971817
0.06758919358253479
0.19325728714466095
0.17946560680866241
0.0547923743724823
0.08022533357143402
0.17176702618598938
0.20581962168216705
0.13741108775138855
0.0714104101061821
0.12551799416542053
0.19399821758270264
0.002511334838345647
0.2020796239376068
0.16593845188617706
0.19633474946022034
0.1774483472108841
0.20051759481430054
0.17177480459213257
0.20238158106803894
0.04074111580848694
0.11277909576892853
0.06364967674016953
0.14221550524234772
0.0792241171002388
0.12161379307508469
0.16745668649673462
0.2604445815086365
0.3448743224143982
0.2670610845088959
0.12092124670743942
0.2713202238082886
0.10774123668670654
0.08716849237680435
0.12926645576953888
0.17982476949691772
0.2894105911254883
0.16057638823986053
0.1300656646490097
0.2041671723127365
0.13232626020908356
0.019993910565972328
0.1454942524433136
0.13619162142276764
0.15823881328105927
0.16451908648014069
0.12641361355781555
0.1539987474679947
0.043501079082489014
0.05446746200323105
0.025740209966897964
0.4109781086444855
0.11872033774852753
-0.0425429493188858
0.16268371045589447
0.016049444675445557
0.09388281404972076
-0.018531113862991333
0.12487171590328217
0.24396252632141113
0.15982133150100708
0.09030598402023315
0.09107446670532227
0.13570071756839752
0.14232215285301208
0.1499130129814148
0.13573956489562988
0.006158791482448578
0.2296990156173706
0.1654680371284485
0.17786578834056854
0.10239789634943008
0.19735856354236603
0.12870493531227112
0.021386075764894485
0.0713348314166069
0.202357217669487
0.12425155937671661
0.017214173451066017
0.1313130408525467
0.12114055454730988
0.11768380552530289
0.15301024913787842
0.0910017192363739
0.009713719598948956
0.16948843002319336
0.09403078258037567
0.16813264787197113
0.1674475073814392
0.12165476381778717
0.22955138981342316
0.09321427345275879
0.18748839199543
-0.026393558830022812
0.1469333916902542
-0.22536782920360565
0.11346811056137085
0.14787209033966064
0.14520925283432007
0.13072608411312103
0.060524895787239075
0.18697595596313477
0.11667482554912567
0.19425179064273834
0.08305415511131287
-0.009363383054733276
0.27841630578041077
0.05958690121769905
0.19373123347759247
0.14910286664962769
0.05864819511771202
0.04661243408918381
0.16729281842708588
0.11365599930286407
0.18097785115242004
0.13150621950626373
0.033378396183252335
0.11179518699645996
0.09730318188667297
0.10078571736812592
0.1648288071155548
0.07567518949508667
0.20370206236839294
0.001773226191289723
0.08723030239343643
0.03779221326112747
0.03596213087439537
-0.10354956239461899
0.18802271783351898
0.22972585260868073
0.10799939930438995
0.0710734948515892
0.12234166264533997
0.21638834476470947
-0.03640040382742882
0.16437429189682007
-0.018438586965203285
0.052037354558706284
0.01803421601653099
0.16144728660583496
0.12704789638519287
0.07507587969303131
-0.0323086678981781
0.12930284440517426
0.16755662858486176
0.06454353034496307
0.18209384381771088
0.15427668392658234
0.2006072998046875
0.30354446172714233
0.1465240716934204
0.14140604436397552
0.12111089378595352
0.15491697192192078
0.16299201548099518
0.1342237889766693
0.06923951953649521
0.10207510739564896
0.08107009530067444
0.1446855068206787
0.15754978358745575
0.06553661823272705
0.18489935994148254
0.17734768986701965
0.1586209237575531
0.19590140879154205
0.06304682791233063
0.08061981201171875
0.1956937611103058
0.28259456157684326
0.2261175960302353
0.2658635079860687
0.14967603981494904
0.2983883023262024
0.09345512837171555
0.10333024710416794
0.18912141025066376
0.03631458431482315
0.21708901226520538
0.09567616879940033
0.14612464606761932
0.13626790046691895
0.11984869092702866
0.20096999406814575
0.1561555117368698
0.12434903532266617
0.07317374646663666
0.17848311364650726
-0.17220070958137512
0.14079013466835022
0.09152369201183319
0.18966351449489594
0.14170482754707336
-0.06582055985927582
0.21452116966247559
0.21241386234760284
0.21680684387683868
0.04121929779648781
0.09195172041654587
0.06758036464452744
0.022688889876008034
0.07937668263912201
0.15290994942188263
0.25374582409858704
0.14053939282894135
0.18420715630054474
0.2969152629375458
0.28627273440361023
0.18723729252815247
0.14756520092487335
0.09195101261138916
0.07999047636985779
-0.017762281000614166
0.1521570086479187
0.25829559564590454
0.12872295081615448
0.12921595573425293
0.2148510217666626
0.18736089766025543
0.10993437469005585
0.16557398438453674
0.22070221602916718
0.2340506762266159
0.1551882028579712
0.17437760531902313
0.19567079842090607
0.13437847793102264
0.1351413130760193
0.07579491287469864
0.17768390476703644
-0.03494608402252197
0.18878978490829468
0.1660037785768509
0.17488934099674225
0.19591166079044342
0.05637700855731964
0.06994231790304184
0.18587303161621094
0.22251145541667938
0.1815640926361084
0.10792488604784012
0.10840941965579987
-0.05790196359157562
-0.4015620946884155
0.08852957934141159
0.0028860396705567837
-0.051458876579999924
0.036986298859119415
-0.029310323297977448
0.014243021607398987
0.05542170628905296
0.14645838737487793
0.2080703228712082
0.2052171230316162
0.17401279509067535
0.14880585670471191
0.10370813310146332
-0.03741079941391945
0.24409425258636475
0.110347218811512
0.07293253391981125
0.25173595547676086
0.26789772510528564
0.24388094246387482
0.06277206540107727
0.2126038521528244
0.1505759060382843
0.07179782539606094
0.0462832897901535
0.16464658081531525
0.1323930025100708
0.2691468596458435
0.17064256966114044
0.05925881117582321
0.11960465461015701
0.24179516732692719
0.15545235574245453
0.20855344831943512
0.19793526828289032
0.1360224485397339
0.1250889152288437
0.08332962542772293
0.33036360144615173
0.07712598145008087
0.19911977648735046
0.15895219147205353
0.13893674314022064
0.14423911273479462
0.18237778544425964
0.12996995449066162
0.0729837417602539
0.25057652592658997
0.20595240592956543
0.1424330472946167
0.15826670825481415
0.17065350711345673
0.17679712176322937
0.10002641379833221
0.0565716028213501
0.22945356369018555
0.14397388696670532
-0.10856764018535614
0.056746065616607666
0.006706899031996727
0.07268461585044861
0.09252949804067612
0.1569758951663971
0.07153860479593277
0.11518871784210205
0.10244380682706833
0.16440360248088837
0.1267801970243454
0.023667503148317337
0.2013242095708847
0.052753567695617676
0.1355506181716919
0.19974593818187714
0.07404428720474243
0.1639501452445984
0.046238791197538376
0.05124697834253311
-0.0183132141828537
0.1378486454486847
0.38523295521736145
0.008708267472684383
0.14927661418914795
0.32764706015586853
0.08549768477678299
-0.08072999864816666
0.24238741397857666
0.03566335514187813
0.09576693177223206
0.08268687129020691
0.07053598016500473
0.19707603752613068
0.24522259831428528
0.3198619782924652
0.09815748035907745
0.15674033761024475
0.16785399615764618
0.25534069538116455
0.19376760721206665
0.19391664862632751
0.026135044172406197
0.10970305651426315
0.16339533030986786
0.11224829405546188
0.14470705389976501
-0.03683125972747803
-0.11135338246822357
-0.04737985506653786
0.06303234398365021
0.10453452914953232
-0.07669477164745331
-0.015281318686902523
0.19876061379909515
-0.1523258239030838
0.15996471047401428
0.24456572532653809
0.13383848965168
0.22086572647094727
0.09290420264005661
0.13280513882637024
0.09872819483280182
-0.13585399091243744
0.09694225341081619
0.17832736670970917
0.10496114939451218
0.19138941168785095
0.08032809942960739
0.0559980683028698
0.01224589068442583
0.21956150233745575
0.07614525407552719
0.10089766979217529
0.17245322465896606
0.22428856790065765
0.12141990661621094
0.2746865451335907
0.16836148500442505
0.10612552613019943
0.10919167846441269
0.13143275678157806
0.05881983041763306
0.09172852337360382
0.010005785152316093
0.037112731486558914
0.03833714500069618
0.033502355217933655
-0.00773919140920043
-0.0643051415681839
0.03181883320212364
0.1017162948846817
0.10731426626443863
0.12797671556472778
0.20371052622795105
0.1661393940448761
0.023819362744688988
0.09573196619749069
0.1772078424692154
0.20382460951805115
0.14702379703521729
0.15395742654800415
0.2201685905456543
-0.1845758557319641
0.19663916528224945
0.1868947297334671
0.20976760983467102
0.18856234848499298
0.14529331028461456
0.11004350334405899
0.23414427042007446
0.17085905373096466
0.21428491175174713
0.17863427102565765
0.2018084079027176
0.17958886921405792
0.3019912540912628
0.09995437413454056
0.2139327973127365
-0.042403098195791245
-0.10948055982589722
-0.1262589395046234
0.03019781969487667
-0.06776118278503418
0.04258497431874275
0.04808971285820007
0.0012674982426688075
0.1054181382060051
0.038585416972637177
0.11455832421779633
0.20798802375793457
0.16899612545967102
0.12061011046171188
0.03239731118083
0.07606332004070282
-0.01160949282348156
0.0725822001695633
0.20122568309307098
0.2174912691116333
0.18060173094272614
0.17270785570144653
0.2238072156906128
-0.008104713633656502
0.061763081699609756
0.05916592851281166
0.13504454493522644
-0.15516841411590576
0.06668227910995483
0.11066047847270966
0.03610127419233322
0.055286094546318054
0.1748049259185791
0.06541866064071655
0.13996055722236633
0.2613599896430969
0.2998443841934204
-0.008164751343429089
0.16800938546657562
0.15970231592655182
0.19050121307373047
-0.024576187133789062
-0.016375413164496422
0.19856320321559906
0.1044783741235733
0.004849973134696484
0.20961327850818634
0.14725087583065033
0.09107235074043274
0.1966589391231537
0.034714408218860626
0.03332436457276344
0.10258260369300842
0.17648915946483612
0.07846622914075851
0.07632995396852493
0.042218394577503204
0.060465212911367416
0.1064310073852539
0.17767861485481262
0.14879807829856873
0.14589226245880127
0.08638165146112442
0.1965293288230896
0.03557930141687393
0.1406290978193283
0.14524951577186584
0.19829337298870087
0.08876549452543259
0.1870451718568802
0.17337815463542938
0.07639104872941971
0.12945999205112457
0.21442723274230957
0.017352260649204254
0.14756695926189423
-0.0007547071436420083
0.09633869677782059
0.18219873309135437
0.12376666814088821
0.11243899911642075
0.23957695066928864
0.11071662604808807
0.06951145827770233
0.05017513409256935
0.16752097010612488
-0.10163118690252304
0.12665483355522156
0.1998571753501892
0.23974576592445374
0.35526716709136963
0.2383638471364975
0.21291781961917877
0.05833493918180466
-0.09758924692869186
0.05379363149404526
0.004574153572320938
-0.008671185933053493
0.1735307276248932
0.1634567826986313
0.10547994077205658
0.15025028586387634
0.14136366546154022
0.27889764308929443
0.177549347281456
0.06451421231031418
0.10593870282173157
0.11432841420173645
0.11096031218767166
0.16112731397151947
0.01964675262570381
0.17812217772006989
0.3212096393108368
0.10025455802679062
0.06271344423294067
0.011329082772135735
0.20567411184310913
0.03377852961421013
0.029447350651025772
0.07973655313253403
0.037101078778505325
0.024449756368994713
0.12087533622980118
0.16965124011039734
0.18409733474254608
0.13108772039413452
0.22845235466957092
0.3159267008304596
0.08633574098348618
0.2086099535226822
0.14799675345420837
0.07463053613901138
0.1551966667175293
0.19145970046520233
0.06263398379087448
0.19080811738967896
0.08151295781135559
0.1970735639333725
0.0353829450905323
0.17496773600578308
0.03665750473737717
0.07753812521696091
0.18224534392356873
-0.06614229083061218
-0.102800153195858
0.10766071826219559
0.24675461649894714
0.07537571340799332
0.15862587094306946
0.24003465473651886
0.10083621740341187
0.10806120187044144
0.281802773475647
0.0253298357129097
0.001768635120242834
0.22447893023490906
0.015924425795674324
0.15582530200481415
0.11991225928068161
0.18424919247627258
0.15170636773109436
0.10080796480178833
0.14696799218654633
0.14781488478183746
0.11369024962186813
0.1608172506093979
0.11555954068899155
0.08474015444517136
0.1563027799129486
0.19847384095191956
0.2492009699344635
0.20515672862529755
0.2784152328968048
0.18207688629627228
0.009403997100889683
0.1292763501405716
0.1319674402475357
0.09611973911523819
0.10233185440301895
0.1500101387500763
0.1721145361661911
0.25731876492500305
0.07272205501794815
0.29080697894096375
0.15533052384853363
0.1275610476732254
0.2064397633075714
0.14161935448646545
0.07983332127332687
0.08963250368833542
0.03993025794625282
0.21130739152431488
0.11805568635463715
0.20794211328029633
0.1338529735803604
0.19495847821235657
0.2111120969057083
0.009225296787917614
0.13043224811553955
0.14933064579963684
0.227463498711586
0.03947467729449272
0.12882041931152344
0.06383084505796432
-0.012568327598273754
0.02802269533276558
0.09580754488706589
0.10769215226173401
-0.05391547083854675
0.20728699862957
0.24985185265541077
0.08912324905395508
0.007501866668462753
0.08849320560693741
0.14389090240001678
0.09009020775556564
0.12597252428531647
0.08989137411117554
0.10623712092638016
0.08881422877311707
0.15956245362758636
0.24190428853034973
0.14157910645008087
0.09372954070568085
0.24245557188987732
-0.05531929060816765
-0.17438149452209473
-0.06877617537975311
0.002364772604778409
-0.05119789019227028
0.09557551890611649
0.12746992707252502
0.18969741463661194
0.1760021448135376
0.11032991856336594
0.01933703012764454
-0.17460186779499054
0.0949232280254364
0.13250848650932312
0.17629139125347137
0.08939730376005173
0.25450828671455383
0.2167287915945053
0.1717945784330368
0.04301830753684044
0.1605788618326187
-0.046268101781606674
0.1876663863658905
-0.05268999934196472
0.10536905378103256
0.1356869488954544
0.04491407796740532
0.3306298851966858
0.18754525482654572
0.23992270231246948
0.17245569825172424
0.2539690136909485
0.12392594665288925
0.16604404151439667
0.12243807315826416
0.1909380704164505
0.14704640209674835
0.15376530587673187
0.10065045207738876
0.1089395210146904
0.02587052620947361
0.06481793522834778
0.05223088711500168
0.06413880735635757
0.07859725505113602
0.11326999217271805
0.06186020374298096
0.11771665513515472
0.11642725765705109
0.16285111010074615
0.08077061176300049
0.13516144454479218
0.115993931889534
0.0722113773226738
0.06012794375419617
0.19346211850643158
0.16455581784248352
0.24140103161334991
0.0941137820482254
0.21129433810710907
0.1486486941576004
0.1154797226190567
0.09715909510850906
0.22901387512683868
0.13538004457950592
0.16827425360679626
0.17762316763401031
0.20445570349693298
0.15390904247760773
0.1477668583393097
0.19609352946281433
-0.29225707054138184
0.2020711600780487
0.09618472307920456
0.17695356905460358
0.08903248608112335
0.10812971740961075
0.13781298696994781
0.05347190052270889
0.11731510609388351
0.09647960960865021
0.16404619812965393
0.09291832894086838
0.15086513757705688
0.20012205839157104
0.06225397810339928
0.12400081753730774
0.06989146023988724
0.1452590525150299
0.06147348880767822
0.12633980810642242
0.22140394151210785
0.1481878161430359
0.11334732919931412
0.19669179618358612
0.03906501084566116
0.008144620805978775
0.04917144775390625
-0.0792657881975174
0.3086134195327759
0.12401317805051804
0.03038852848112583
0.04881969839334488
0.14666110277175903
0.09172499179840088
0.09147248417139053
0.0043304720893502235
0.10521825402975082
0.21295560896396637
0.26259464025497437
0.15066242218017578
0.12560240924358368
0.09765776246786118
0.13552697002887726
0.12685824930667877
0.1732185333967209
0.07260586321353912
0.0650768056511879
0.19116833806037903
0.2817240059375763
0.17017143964767456
0.05417469143867493
0.09259836375713348
0.06944400072097778
-0.006033419165760279
0.09583014249801636
0.1784025877714157
0.12536685168743134
0.07826563715934753
0.21715082228183746
0.12748193740844727
0.26952967047691345
0.17431403696537018
0.15434342622756958
0.20038056373596191
0.0768928974866867
-0.08811073005199432
0.2082313597202301
0.1096695065498352
0.1325017809867859
0.1583772450685501
0.04546995460987091
0.1611040085554123
0.10935236513614655
0.0657813623547554
0.07759003341197968
0.014592299237847328
0.05661822110414505
0.2648178040981293
0.07359330356121063
0.03544403985142708
0.1450987160205841
-0.23772144317626953
0.11090168356895447
0.041355621069669724
0.11648552864789963
0.0010852667037397623
0.11419845372438431
-0.017207464203238487
0.18830984830856323
0.13010840117931366
0.22124254703521729
0.05664929747581482
0.05734961852431297
0.14535121619701385
0.1972632110118866
0.23681345582008362
0.1418015956878662
0.1836131364107132
0.04646234214305878
0.1925400197505951
0.11958982050418854
0.02682335674762726
0.0766771137714386
0.1935052126646042
0.12909412384033203
0.13056185841560364
0.07636315375566483
0.13420754671096802
0.12439918518066406
0.2641298472881317
0.15512533485889435
0.15510450303554535
0.09503800421953201
0.13776177167892456
0.09264674037694931
0.15998131036758423
0.0995146855711937
0.13276489078998566
0.1433558613061905
0.22267957031726837
0.21136850118637085
0.030314363539218903
0.13947425782680511
0.09632068872451782
0.05415703356266022
0.16652680933475494
0.10818304866552353
0.1916203796863556
0.21535146236419678
0.1863713413476944
0.09944334626197815
0.08777310699224472
0.11007210612297058
0.14402933418750763
0.14268378913402557
0.18441270291805267
0.09758571535348892
0.0946325734257698
-0.09721948206424713
0.2697542905807495
0.1342262625694275
0.20970721542835236
0.19605326652526855
0.13117706775665283
0.21310605108737946
0.16301603615283966
0.1739877164363861
0.1293943077325821
0.17813488841056824
0.05648649111390114
0.14346039295196533
0.16425174474716187
0.07683497667312622
0.12508678436279297
-0.01010714191943407
0.0572969987988472
-0.3667226731777191
0.0197597648948431
0.1378447711467743
0.18271470069885254
0.18377700448036194
0.11538472771644592
0.10066916793584824
0.13118307292461395
0.18708154559135437
0.12115398049354553
0.2625049352645874
0.2562338411808014
0.24184778332710266
-0.22991091012954712
-0.008123784326016903
0.181573286652565
0.06287695467472076
0.15109999477863312
0.09888853132724762
0.12018066644668579
0.006887717638164759
0.08470624685287476
0.08515547215938568
0.12595626711845398
0.06004142016172409
0.0794144719839096
0.040731582790613174
0.08402711898088455
0.13754034042358398
0.18882369995117188
0.06820369511842728
0.1608172506093979
0.09080394357442856
0.1606498509645462
-0.00207906449213624
0.004062775056809187
0.12844429910182953
0.10969916731119156
0.06416670233011246
-0.16701912879943848
0.10003454238176346
0.10025738179683685
0.01491120457649231
0.017659511417150497
-0.0003966008953284472
0.11895554512739182
-0.09763233363628387
0.14336927235126495
0.14599609375
0.20219263434410095
0.08337200433015823
0.18836529552936554
0.15439040958881378
0.21262504160404205
0.074488565325737
0.12361516058444977
0.29844728112220764
-0.1016322448849678
0.26588964462280273
0.1458957940340042
0.23857256770133972
0.06269296258687973
0.006846397649496794
0.1619226485490799
0.13495519757270813
0.1121193915605545
0.18492867052555084
0.24424681067466736
0.14832660555839539
0.18736125528812408
0.21127067506313324
0.03045068494975567
0.08573818951845169
0.20129702985286713
0.21971406042575836
0.2449008673429489
0.16135546565055847
0.18164531886577606
0.09854914247989655
0.0918782651424408
0.06834213435649872
0.041807666420936584
0.028934912756085396
0.17958462238311768
0.1040690615773201
0.2052972912788391
0.16777700185775757
0.24169239401817322
0.14200501143932343
0.04705988988280296
0.13227610290050507
0.1624297797679901
0.09781385958194733
0.24236764013767242
0.16680721938610077
0.17785201966762543
0.11071627587080002
0.0311110969632864
0.3342176377773285
0.3596329391002655
0.17462623119354248
0.3001375198364258
0.2783558964729309
0.21953853964805603
0.17250125110149384
0.127323716878891
0.20758754014968872
0.05681457743048668
0.004307163413614035
0.11109733581542969
0.039723657071590424
0.03980876877903938
0.30658024549484253
0.09397216141223907
0.04481130838394165
0.11421999335289001
0.07223010063171387
0.260762095451355
0.23776665329933167
0.03155749291181564
0.16196008026599884
0.18960736691951752
0.05009743571281433
0.07044556736946106
0.03583711013197899
-0.024175701662898064
0.11928998678922653
0.1861237734556198
0.17809322476387024
0.15230463445186615
0.2064800262451172
0.08861540257930756
0.048798155039548874
0.12163674831390381
0.006172211840748787
0.13439755141735077
0.09814971685409546
0.1356406807899475
0.2279028296470642
0.22665122151374817
0.1373136043548584
-0.1773928999900818
0.13914793729782104
0.06635701656341553
0.12197684496641159
0.15494275093078613
-0.054984141141176224
0.08676906675100327
-0.10495726019144058
-0.11232740432024002
0.14846964180469513
0.15185469388961792
0.23270830512046814
0.16095320880413055
0.13213308155536652
0.13974902033805847
0.2442333996295929
0.11549102514982224
0.13598395884037018
0.19436268508434296
0.12484169751405716
0.09244967997074127
0.20960551500320435
0.17249242961406708
0.07152130454778671
0.13225243985652924
0.11370614171028137
0.11551963537931442
0.1585460603237152
0.035176344215869904
0.04301830753684044
0.19253931939601898
0.14771564304828644
0.08447174727916718
0.07891616225242615
0.027071276679635048
0.1498074233531952
0.08984652161598206
0.2277972400188446
0.18574801087379456
0.14310970902442932
0.2976364195346832
-0.02179044671356678
-0.047604113817214966
-0.11413029581308365
-0.06268659979104996
0.01904108002781868
0.16780491173267365
0.12258145958185196
0.1612519919872284
0.10671777278184891
0.2380901426076889
0.15772318840026855
0.07191825658082962
0.20923610031604767
0.1799907684326172
0.0754205659031868
0.021518511697649956
0.21242938935756683
0.2771826982498169
0.21154966950416565
0.1930803507566452
0.16862459480762482
0.20029404759407043
0.1984604299068451
0.15252500772476196
0.10644442588090897
0.11415395140647888
0.0805993303656578
0.029304319992661476
0.09066515415906906
0.1030145213007927
-0.08747609704732895
0.08199255168437958
0.12163887172937393
-0.10516209900379181
0.1118827685713768
0.17342689633369446
-0.11383010447025299
0.250728040933609
0.1444852650165558
0.05836955085396767
0.19810833036899567
0.1391567587852478
0.16082748770713806
0.19027695059776306
0.10689011961221695
0.12015558779239655
0.11575095355510712
0.04968564957380295
0.10025879740715027
0.22084523737430573
0.12423884868621826
0.1827249377965927
0.0972212478518486
0.11925714462995529
0.18025244772434235
0.06215297430753708
0.11637075245380402
0.1948687732219696
0.2091795951128006
0.2720869183540344
0.20325106382369995
0.12402200698852539
-0.01027030311524868
0.041048720479011536
0.06040553003549576
0.16288429498672485
0.04947869852185249
0.07980648428201675
0.12981809675693512
0.16440537571907043
0.1131439134478569
0.08829261362552643
0.06459014862775803
0.34772858023643494
0.10360217839479446
0.08326923102140427
0.14451493322849274
0.0923122987151146
-0.22065947949886322
0.040745001286268234
0.15947310626506805
0.0546235628426075
0.17597989737987518
0.14048077166080475
0.019379056990146637
0.15129882097244263
0.14695210754871368
0.1350664347410202
0.16796065866947174
0.1952395886182785
0.17835350334644318
0.1385878175497055
-0.03422316163778305
0.1352483183145523
0.020963694900274277
0.0913177952170372
0.14844809472560883
0.3091318607330322
0.15794497728347778
0.2786101698875427
0.1836639940738678
0.10935024917125702
0.1141677275300026
0.000987087725661695
0.156846284866333
0.07582740485668182
0.18814915418624878
0.09848910570144653
0.1772223263978958
0.17670705914497375
0.2239265888929367
0.1053810566663742
0.08273030817508698
0.07059495896100998
0.0536113977432251
0.09369245916604996
0.058819480240345
0.2089352160692215
0.09448530524969101
0.24676768481731415
0.061481259763240814
0.13020339608192444
0.08720169216394424
0.1485861837863922
0.06672500818967819
0.1476111114025116
0.15221033990383148
0.0959346815943718
0.06452622264623642
0.030435850843787193
0.003830747911706567
0.07487881183624268
0.164938285946846
0.13403521478176117
0.08556125313043594
0.07820771634578705
0.18579533696174622
-0.00525045907124877
0.13065120577812195
0.11028788983821869
0.10843025892972946
0.10099619626998901
0.16296128928661346
0.19165393710136414
0.08358531445264816
0.16279777884483337
0.23113921284675598
-0.007401215378195047
-0.11566760390996933
0.016835583373904228
-0.04644574224948883
-0.0637192502617836
0.09422396868467331
0.08118204772472382
0.12036607414484024
-0.15738804638385773
0.16778653860092163
0.16419559717178345
0.2026778906583786
0.11677476763725281
-0.015194087289273739
0.12874625623226166
0.0893358513712883
0.07988135516643524
0.11053086817264557
0.07081709802150726
0.008657765574753284
0.038195524364709854
0.10829252749681473
0.08442583680152893
0.14253969490528107
0.10532808303833008
0.04685964807868004
0.02008361555635929
0.03883439674973488
0.11602853983640671
0.20079730451107025
0.1552235186100006
0.12699703872203827
0.12685224413871765
0.052985597401857376
0.022404948249459267
0.1498088389635086
0.1476573646068573
0.10851430892944336
0.15387549996376038
0.3044743537902832
0.17853043973445892
0.15721428394317627
0.059654705226421356
0.11501707881689072
0.2508452832698822
0.17034873366355896
0.08867932111024857
0.14456579089164734
0.13354113698005676
0.12610989809036255
0.025151841342449188
0.08020873367786407
0.12162156403064728
0.1761130392551422
0.07515781372785568
0.130087211728096
-0.07724923640489578
-0.05707697570323944
-0.06791692972183228
-0.01157664880156517
0.0015517936553806067
0.1957675665616989
0.060532666742801666
0.16821493208408356
0.31168273091316223
0.18901829421520233
0.09828639030456543
0.1485653519630432
0.14032572507858276
0.21635372936725616
0.2376091331243515
0.19167335331439972
0.13125793635845184
0.04752924293279648
0.1765672117471695
0.0334765762090683
-0.06784947961568832
0.11326999217271805
-0.06489845365285873
0.10470333695411682
0.3226741850376129
-0.3033156394958496
0.09403714537620544
0.053282253444194794
0.14874723553657532
0.1569211632013321
0.15624697506427765
0.09404385089874268
0.14688818156719208
0.14727453887462616
0.013078293763101101
0.13640351593494415
0.20892885327339172
0.26832470297813416
0.2925717234611511
0.290829598903656
-0.01641744002699852
0.07367311418056488
0.1682399958372116
0.17990070581436157
0.09474346786737442
0.06903716176748276
0.16141267120838165
0.007092904765158892
0.20558440685272217
0.11330001056194305
0.16846178472042084
0.1963598132133484
-0.5990700721740723
0.02559894509613514
0.21592427790164948
-0.0251189973205328
0.13966001570224762
0.14903470873832703
-0.0058568380773067474
0.18985174596309662
0.17660781741142273
0.16940543055534363
0.18359088897705078
0.27240511775016785
0.2919522821903229
0.12999962270259857
0.26764944195747375
0.2318359911441803
-0.10654861479997635
0.16888628900051117
0.05293544754385948
0.06302669644355774
0.06864550709724426
0.09348797798156738
0.14982472360134125
0.18932729959487915
0.13479945063591003
0.20341598987579346
0.0900026187300682
0.037203848361968994
0.08040791749954224
0.13323353230953217
0.16396109759807587
0.1315952092409134
0.18598885834217072
0.05282808467745781
-0.10539200901985168
0.26517802476882935
0.09011245518922806
0.11197423934936523
0.11712828278541565
0.10707800090312958
0.0652410238981247
0.10070449113845825
0.04123024642467499
0.06428289413452148
0.04480389133095741
0.022729504853487015
0.13983695209026337
0.10216587036848068
0.13400624692440033
0.2266925424337387
0.0179589930921793
-0.15821267664432526
0.20912909507751465
0.21965402364730835
0.11015545576810837
0.08581376820802689
0.17621122300624847
0.202134370803833
0.023315399885177612
0.03677687421441078
0.036686111241579056
0.11236695200204849
0.1285308301448822
0.023292796686291695
0.14545117318630219
0.0830107182264328
0.11511879414319992
0.05597440525889397
0.2997998893260956
0.16173192858695984
0.2665497064590454
0.18675027787685394
0.1744920313358307
0.15800678730010986
0.17569206655025482
0.15425407886505127
0.04815928637981415
0.17834360897541046
0.10258930921554565
0.1302637904882431
0.1253972202539444
0.18863122165203094
0.19308282434940338
0.236014261841774
0.2272568941116333
0.2302457094192505
0.12972627580165863
0.18638475239276886
0.226378932595253
0.12528526782989502
0.14311853051185608
0.10030612349510193
0.16424009203910828
-0.02397475391626358
0.07705323398113251
0.13739342987537384
-0.21002471446990967
0.1021425649523735
0.16141514480113983
0.14245423674583435
0.23143444955348969
0.14753200113773346
0.07544881850481033
0.21079601347446442
0.11740586906671524
0.1285255253314972
-0.05271436646580696
-0.20662234723567963
0.09373624622821808
0.08517207205295563
0.04685964807868004
0.04241899028420448
0.11383575201034546
0.1536070853471756
0.056314852088689804
-0.04283218830823898
0.03207028657197952
0.02941097505390644
-0.011359808035194874
0.0880662351846695
0.1039341539144516
0.10200942307710648
0.1111782118678093
0.08510532230138779
0.03939945623278618
0.07796403765678406
0.0017852337332442403
0.058833956718444824
0.05942197144031525
0.1806504726409912
0.1772124320268631
0.07152236253023148
0.044383276253938675
0.203968346118927
0.26025140285491943
0.0015380203258246183
0.14266224205493927
0.10138396918773651
0.15918387472629547
0.22890157997608185
0.14419956505298615
0.142496258020401
0.16340027749538422
0.14732716977596283
0.1880340278148651
0.22014562785625458
0.10791252553462982
0.021141335368156433
-0.016548464074730873
-0.07385676354169846
0.15478064119815826
0.035212013870477676
0.020834436640143394
0.13245834410190582
0.09385102987289429
0.08187177032232285
0.1525755077600479
0.03599497303366661
0.10971223562955856
0.046344030648469925
0.1416497379541397
0.09976154565811157
0.12262383848428726
0.14360129833221436
0.24853137135505676
0.15607428550720215
0.11561251431703568
0.09769872575998306
0.17414557933807373
0.1225002333521843
0.2686803340911865
0.16553302109241486
0.06029357761144638
0.11263465136289597
0.2526792585849762
0.2174326330423355
0.2898206114768982
-0.06400778144598007
-0.09481339156627655
0.0006010816432535648
0.0976676493883133
0.21535110473632812
-0.05134303867816925
0.07532238215208054
0.23744350671768188
0.17433275282382965
0.2261892855167389
0.19973957538604736
0.1476372331380844
0.18058089911937714
-0.020249953493475914
-0.021326038986444473
-0.01467635203152895
0.08783279359340668
0.08271053433418274
0.13601043820381165
0.1647903174161911
0.0989326760172844
0.18419232964515686
0.16716957092285156
0.04646905139088631
0.07791141420602798
-0.05677325651049614
-0.010071473196148872
0.10853762179613113
0.19809313118457794
0.03804578632116318
0.2584916055202484
0.09253620356321335
0.16086845099925995
0.10799763351678848
0.19719575345516205
0.24460633099079132
0.07073304057121277
0.0916677787899971
0.0500229187309742
0.0878811776638031
0.1130460873246193
0.15232688188552856
0.22525306046009064
0.001253371825441718
0.08579681813716888
0.10404998809099197
0.09465976804494858
0.1733301281929016
0.12816812098026276
0.18470193445682526
0.0982920378446579
0.12292473018169403
0.23023369908332825
0.13033194839954376
0.07628651708364487
0.10964513570070267
0.11310046911239624
0.15592947602272034
0.16667760908603668
0.05524759739637375
0.19283455610275269
0.18750321865081787
0.14564505219459534
0.009745504707098007
0.18046364188194275
-0.04197259247303009
-0.12654004991054535
0.06151869520545006
0.010709636844694614
0.0036308581475168467
0.18899603188037872
0.16342993080615997
0.10528217256069183
0.15020401775836945
0.11952095478773117
0.1364925056695938
0.1322633922100067
0.1650816798210144
-0.056577254086732864
0.20014147460460663
0.18754595518112183
0.15251405537128448
0.22501219809055328
0.16336460411548615
0.1646423488855362
0.12462203204631805
0.1546524465084076
0.17860035598278046
0.11285043507814407
0.18093299865722656
0.08477088063955307
0.014767114073038101
-0.0031378441490232944
0.29807329177856445
0.2599833607673645
0.21815486252307892
0.13565339148044586
0.13155530393123627
0.06362142413854599
0.06120755895972252
0.11297827959060669
0.18707837164402008
0.11937227845191956
0.12410818040370941
0.02312292717397213
0.10036651045084
0.1902140974998474
0.11123083531856537
0.01364582497626543
0.11112064868211746
0.06286812573671341
0.14197394251823425
0.16593492031097412
0.09937765449285507
0.013982388190925121
0.1111411303281784
-0.000843703921418637
0.01834040693938732
0.0427156463265419
0.09508144110441208
0.15985523164272308
0.15935339033603668
0.14364227652549744
0.14860066771507263
0.13525821268558502
0.15028983354568481
0.15304520726203918
0.18810465931892395
0.12509703636169434
0.2075529396533966
0.13430608808994293
-0.1907438337802887
-0.07242539525032043
-0.06821570545434952
-0.1601635366678238
-0.05013381317257881
0.18065470457077026
0.07869402319192886
0.1349262297153473
0.231233149766922
0.0034405039623379707
0.17164519429206848
0.28635361790657043
0.2049035131931305
0.21436189115047455
0.08249828219413757
0.030118005350232124
0.2988721430301666
0.07479440420866013
0.07563881576061249
0.00969888735562563
0.12104979157447815
0.2204207479953766
0.13735739886760712
0.12350709736347198
0.0924525037407875
0.18447238206863403
0.1652406007051468
0.05309648811817169
0.0009224590612575412
0.3081952631473541
0.20617878437042236
0.1723264455795288
0.10638262331485748
-0.010006844066083431
0.11217059940099716
0.15790577232837677
0.13848929107189178
0.13653771579265594
0.014288227073848248
-0.013651829212903976
0.053375132381916046
0.033654920756816864
0.14443087577819824
0.07104171067476273
0.10516739636659622
0.09186519682407379
0.15700697898864746
0.08567673712968826
-0.07221420854330063
0.08169060200452805
0.16787271201610565
0.041494060307741165
0.13333594799041748
0.07733752578496933
0.12300631403923035
0.03133606165647507
0.024579012766480446
0.10628444701433182
0.10208499431610107
0.040033381432294846
0.11889585852622986
0.06496696919202805
0.22980955243110657
0.2675120532512665
0.0902717262506485
0.1250048577785492
0.03415711969137192
0.19105921685695648
0.25938650965690613
0.12562677264213562
0.16494464874267578
0.1928391456604004
-0.13641586899757385
0.1190127581357956
-0.009111578576266766
0.057170212268829346
0.03380219265818596
0.17061395943164825
-0.1493981033563614
0.13895192742347717
0.22451460361480713
0.05327412858605385
-0.15298163890838623
-0.05116575211286545
-0.09780679643154144
0.015524293296039104
-0.06848905235528946
0.1590588539838791
0.18096089363098145
0.26571518182754517
0.23920966684818268
0.18697454035282135
0.06075657159090042
0.1340235471725464
0.11316227912902832
0.2835657596588135
0.16228851675987244
0.08973386138677597
0.17067046463489532
0.035280175507068634
0.05838226526975632
0.13537581264972687
0.08156593143939972
0.13615170121192932
0.18533410131931305
0.083086296916008
0.17171157896518707
0.09355331212282181
0.2016604244709015
0.1365726739168167
0.08956152200698853
0.156049907207489
0.2627592086791992
0.17778703570365906
0.05312474071979523
0.08796311169862747
0.19599005579948425
0.092523492872715
-0.00011442447430454195
0.18181024491786957
0.09426034241914749
0.13924257457256317
0.03339746594429016
0.1138979122042656
0.12927882373332977
0.20793117582798004
0.21940328180789948
0.2147376537322998
0.24406634271144867
0.11886443197727203
0.10652212798595428
0.18859343230724335
0.08842398971319199
0.1688513308763504
0.03919956460595131
0.18297214806079865
-0.0011746167438104749
0.1997862011194229
0.19054818153381348
0.024464234709739685
0.05185901001095772
0.08080734312534332
0.11405789107084274
0.31361064314842224
0.22442136704921722
0.09812216460704803
0.12268669903278351
0.1664692461490631
0.12146264314651489
0.23618094623088837
0.10693038254976273
0.22433342039585114
0.23369185626506805
0.2024080753326416
0.14405123889446259
0.026135751977562904
0.1351935714483261
0.2396112084388733
0.12258145958185196
0.11013497412204742
0.16155606508255005
0.03158362954854965
0.23368939757347107
0.12813705205917358
0.22763054072856903
0.21918079257011414
0.22298045456409454
0.13096128404140472
0.03868677467107773
0.10039370507001877
0.18985246121883392
0.0902424156665802
0.17514044046401978
0.2146613746881485
0.0788148045539856
0.012633309699594975
0.19565525650978088
0.10343725234270096
0.13779708743095398
0.1734011173248291
0.12300737202167511
0.12508819997310638
0.11136891692876816
0.22980672121047974
0.10111591964960098
0.122188039124012
0.1014132872223854
0.19090628623962402
0.19324351847171783
0.22747303545475006
0.15379992127418518
0.16407939791679382
0.18833491206169128
-0.03586112707853317
0.24557577073574066
0.1527474969625473
0.287617564201355
0.1609998345375061
0.06967461854219437
0.22007499635219574
0.056729819625616074
0.09806884080171585
0.18621595203876495
0.11228007823228836
0.09221694618463516
0.1448529064655304
0.17541272938251495
0.21796520054340363
0.1820613443851471
0.07918915152549744
0.05142885819077492
0.17109425365924835
0.13379894196987152
0.019648166373372078
0.18109121918678284
0.03682490438222885
0.1354302018880844
0.21396741271018982
0.1595274955034256
0.12267009913921356
0.1889359951019287
0.2776481807231903
0.20892037451267242
0.08094048500061035
0.14948710799217224
0.10880390554666519
0.11223840713500977
0.12632779777050018
0.12269199639558792
0.1053810566663742
0.1562166064977646
0.2165038287639618
0.14862291514873505
0.016101714223623276
0.1787635236978531
0.09725338965654373
0.12386414408683777
0.0882859006524086
0.201542466878891
0.10043078660964966
-0.07465949654579163
0.1075688973069191
0.0929582342505455
0.08682063221931458
0.13675031065940857
-0.015903236344456673
0.10276836901903152
-0.09878858178853989
0.0960865393280983
0.02331504598259926
0.05605845898389816
0.029984863474965096
0.08013492077589035
-0.08960990607738495
0.12015170603990555
0.028591640293598175
0.05541782081127167
0.1264270395040512
0.18172726035118103
0.16880789399147034
-0.009811545722186565
0.02706315368413925
0.16405150294303894
0.09344524145126343
0.1426866203546524
0.13248765468597412
0.19236202538013458
0.10588466376066208
0.13431385159492493
0.0818127915263176
0.0363311842083931
0.10764729976654053
0.1503993272781372
0.1881265491247177
0.11171113699674606
0.15851286053657532
0.0854899138212204
0.07298974692821503
0.17977851629257202
0.2360580414533615
0.13964977860450745
0.25336191058158875
0.13821063935756683
0.1803382784128189
0.1429511308670044
0.20989298820495605
0.1893940567970276
0.2885894775390625
0.10746542364358902
0.2586483955383301
0.1302136480808258
0.2086745798587799
0.04167205095291138
0.12047025561332703
0.11188241839408875
0.13369794189929962
0.1377490609884262
0.1328054964542389
0.17398841679096222
0.18644267320632935
0.16140666604042053
0.15401816368103027
0.034078363329172134
0.19879381358623505
0.05337972566485405
0.1656474471092224
0.06644918769598007
-0.019523147493600845
0.15031562745571136
0.18277084827423096
0.14942707121372223
0.13165348768234253
0.05846419930458069
0.07422511279582977
0.08921683579683304
0.1043943241238594
0.08572229743003845
0.1398404836654663
0.2325984686613083
0.14911521971225739
0.17549429833889008
0.2022085338830948
0.050961270928382874
0.15541492402553558
0.19298888742923737
0.15866754949092865
0.08605074137449265
0.09581884741783142
0.26060599088668823
-0.01625392585992813
0.0566139817237854
0.10691660642623901
0.0600675530731678
0.03922146186232567
0.20783546566963196
0.008262577466666698
0.19986742734909058
0.08034152537584305
0.10991813242435455
0.1966480016708374
0.09509450942277908
0.06987344473600388
0.15340790152549744
0.07547742128372192
0.17826980352401733
-0.015629535540938377
0.20556074380874634
0.047558557242155075
0.09191039949655533
0.04052639380097389
0.09060299396514893
0.14358118176460266
0.08850627392530441
-0.035060860216617584
0.11658229678869247
0.24717947840690613
0.18902111053466797
0.10330799967050552
0.0645156279206276
0.054429322481155396
0.08200456202030182
0.2192019820213318
0.11232633888721466
0.2031203955411911
0.037632234394550323
0.08907204121351242
0.04578850790858269
0.02046891488134861
-0.019972369074821472
0.022883836179971695
0.021754423156380653
0.05605881288647652
0.021365592256188393
-0.01140748430043459
0.16384348273277283
0.0674009621143341
0.041085802018642426
0.09793393313884735
0.11468299478292465
0.10378900170326233
0.348198264837265
0.11092040687799454
0.2068353146314621
0.22649794816970825
0.1827705055475235
0.19915439188480377
0.13811881840229034
0.19557861983776093
0.03715052083134651
0.1148676946759224
0.06976820528507233
0.11142577975988388
0.09582449495792389
0.17093674838542938
0.03671930730342865
0.2138604074716568
0.009619778953492641
0.1016654446721077
0.22734306752681732
0.2028375118970871
0.13027791678905487
0.10287042707204819
0.09247616678476334
0.08601365238428116
0.09833654016256332
0.11364080756902695
-0.01796923391520977
0.0764496773481369
0.11396677792072296
0.13273203372955322
0.11117786169052124
0.09782445430755615
0.0660720095038414
0.10632506012916565
-0.011656464077532291
0.22112777829170227
0.05808666720986366
0.09090600907802582
0.19691216945648193
0.15054552257061005
0.05089841037988663
0.24565275013446808
0.059109777212142944
0.08597339689731598
0.01561117172241211
0.0247439406812191
-0.24267065525054932
0.19747580587863922
0.07981884479522705
0.09884508699178696
0.1479942798614502
0.06500475853681564
0.11061915755271912
0.05477647855877876
0.2715504765510559
0.19779188930988312
0.2448030412197113
0.21412068605422974
0.08204905688762665
0.23875868320465088
0.13112832605838776
0.21522961556911469
0.18213480710983276
-0.22027701139450073
0.19582229852676392
0.1416405439376831
-0.09026360511779785
-0.08060391992330551
0.04483850300312042
0.027130255475640297
0.07727819681167603
0.06060294806957245
0.18982067704200745
0.162947878241539
0.24525156617164612
0.07643873244524002
0.18680360913276672
0.23162445425987244
0.2221519500017166
0.06677727401256561
0.19902406632900238
0.13292309641838074
0.1948133260011673
0.17670316994190216
0.058359310030937195
0.17186379432678223
0.15876007080078125
-0.01289429608732462
0.026510102674365044
0.07965603470802307
0.09707610309123993
0.05493752285838127
0.20761191844940186
0.23872089385986328
0.0943451002240181
0.16900883615016937
0.11096595972776413
0.23843589425086975
0.1715625524520874
0.061243582516908646
0.1402861773967743
0.0939742773771286
0.15036576986312866
0.12156717479228973
0.1313600093126297
0.20253485441207886
0.06689664721488953
0.2098827362060547
0.09331315755844116
0.05118764936923981
0.07637904584407806
0.1550493985414505
0.23242436349391937
0.1168118491768837
0.24404339492321014
0.24840494990348816
0.013387664221227169
-0.034210801124572754
0.059115782380104065
0.15618763864040375
0.14347204566001892
0.05051911249756813
-0.01735014095902443
0.18646633625030518
0.1983378827571869
0.12271848320960999
0.11101081222295761
-0.056153811514377594
0.0974825918674469
-0.013085709884762764
0.14453153312206268
0.20154140889644623
0.04584925249218941
0.12158377468585968
0.21344614028930664
0.12016583234071732
0.06924411654472351
