0.9014472387396256
0.9238759490943442
0.9205525947975933
0.8485759069456802
0.7946966977299466
0.872358958610523
0.8889635025156551
0.8188781068208357
0.8566738387551016
0.8597827374014834
0.7801060037782434
0.8400667812364102
0.8507200248385337
0.893075840945701
0.910306751079115
0.716013809227611
0.8537699007222229
0.8740828181498537
0.8931790429859765
0.8806095609754561
0.9368196005796837
0.9071182450983588
0.8992116900268248
0.930183327593524
0.8886882497372802
0.9015970182298086
0.9410986246135141
0.8974567701581533
0.9321247883872301
0.8440839888628487
0.895118373074356
0.05234950420047589
0.905935945496916
0.9086154857764569
0.8821772269942092
0.9337632411892866
0.9181445213771923
0.9121961264373899
0.8521696886693527
0.9409917450184077
0.8601801840654095
0.9085510661264832
0.9000485091471149
0.8692777766357523
0.06476513391384854
0.8746944411075683
0.9219978230925387
0.9176824822624204
0.8890892640675738
0.9165655451755765
0.895660106464106
0.9382247268944701
0.9248796646197687
0.9337568705245769
0.9570001891785105
0.9208950416056666
0.9475205130468275
0.7513210039995558
0.9333009757962767
0.8733754441476647
0.9463128404867985
0.9414405317193933
0.9453574503789534
0.8955003652898295
0.9289178353081944
0.9389039593215219
0.8793025403686969
0.9068917970073014
0.8668116866985344
0.926460615856414
0.9076183474766489
0.9166059515921557
0.835193493057211
0.8251555879642195
0.8731790649999535
0.8818077956489337
0.9041729694688899
0.8236435022781117
0.9508406584588497
0.9466628187950206
0.9354055679396173
0.8495336331720061
0.8906726320777864
0.8657716268123282
0.9423554580575715
0.8919555132508878
0.7981349963974776
0.9048978011764034
0.8436497332769423
0.8626154064619521
0.779020224754061
0.8258873167366372
0.9113251549334141
0.9516120611683806
0.8880861842654031
0.9227103806441567
0.9367586734194673
0.9299024040564347
0.9547736919091637
0.941216407110301
0.8936084379065155
0.9530580879873725
0.9565508104797464
0.9197756919006052
0.8993565312774425
0.9427708117737987
0.9255928025544072
0.9461147499029238
0.9122336691720417
0.9141642291881084
0.9351047435218087
0.9210411767853014
0.9098171669605921
0.9479956847911181
0.9165484501532412
0.9150632731505866
0.834243590288084
0.90779772262805
0.869536677762693
0.8778755409324626
0.8766930504349764
0.8868981195935415
0.8995137921009229
0.8858971004182414
0.8925537296866992
0.8755516603038728
0.8464711966787057
0.7856396420669886
0.9060657705812399
0.9509931991094206
0.918113751806516
0.8681968133270355
0.9369921053514264
0.9216910222627431
0.9355533895574286
0.9028454562152745
0.9334795797084602
0.9405565097997391
0.8121208110490633
0.8584246175176334
0.7352797032103867
0.8597407766479018
0.8270099518216014
0.9363476711872564
0.9326641933011076
0.9756920683654726
0.8947135422110921
0.9468779370583665
0.9506686740054232
0.8875566293915296
0.9424037399280846
0.8221278614740976
0.9044422455981214
0.9036366259794933
0.9289574643746832
0.8443329949115687
0.9189514094001537
0.9344654994131288
0.9315316012307748
0.08733314108620385
0.8905201029428808
0.9639096779650722
0.9406162816510427
0.8502543098055755
0.9050309782054422
0.9602556858350682
0.8139874903395404
0.889688137244466
0.9429216014249276
0.9071382001485883
0.8767284345095349
0.9527417437438533
0.9419824378000881
0.9178969438401055
0.808296324901621
0.8979154556245982
0.9054709993362424
0.9352601792750472
0.9465663424952597
0.9434276893675176
0.9565751464076905
0.9641531396531061
0.8988398473007366
0.948784949204914
0.8756367876504804
0.9301049361672945
0.9080351026762914
0.7811701649027057
0.9042883624452568
0.8969138146218872
0.9021336677891937
0.9198008847407464
0.8379474467542563
0.939767640508235
0.9776427910602536
0.9018703100523572
0.9483851272765385
0.9505504217896285
0.9432354305833331
0.9394402585837626
0.9178916231303497
0.9443800438377918
0.9046101255241547
0.9140853522361775
0.9519487301620585
0.9566358715254435
0.9429953012180339
0.9739575400059481
0.8291500107294565
0.917847428096527
0.8180020932210414
0.8520477230716682
0.8854415090962942
0.8455689155183309
0.9064932130735526
0.8700037485500733
0.9221300232022506
0.9213346850013062
0.865092344697188
0.9231622833626592
0.08391700939838331
0.9581891418384659
0.9768382276319123
0.9614866208465795
0.8625496716498392
0.09233693969955403
0.898350863448579
0.9370992278722502
0.9045375598920219
0.9170451834122191
0.8405684182915221
0.9334029632687019
0.941510119802138
0.9193552060270885
0.9128267983109791
0.8821273509552513
0.9487859566952265
0.9300917851971192
0.9441294000732544
0.9444789259567735
0.9609955917110278
0.9139701535453036
0.879605828099408
0.8916580927747293
0.8953111961283895
0.9367776126779576
0.9116274076072182
0.9263580791136509
0.9669601776211146
0.9389435579485463
0.9343137370800408
0.8906966058298469
0.9353759906561933
0.9169685101737767
0.937810630214668
0.9271461600694391
0.9444506479067475
0.8933703692068157
0.9019937246928175
0.9241534876380404
0.9182012838721718
0.965527513563217
0.9134893377249457
0.8808846430825935
0.9502490370679243
0.9447467806674689
0.813850688178401
0.9369713358853732
0.9363865442336952
0.90751900611778
0.9206248573759463
0.9575060719290386
0.8373106432284914
0.9305575979252404
0.8028859013741062
0.7100724013281917
0.8199555492810011
0.8974814616269529
0.9490386752725933
0.9257888008076653
0.9004768540445407
0.8888582812850222
0.8983947570191049
0.9240986447356134
0.9444577800515238
0.8882104073635053
0.969336814010633
0.9109486737607293
0.9130436377972738
0.08983548294669778
0.9203889870439863
0.8804308250639775
0.9377335564250078
0.9522970413202521
0.8896440713181212
0.951206172889099
0.9186135157565847
0.9148164518932771
0.8801853569373908
0.8796097628186296
0.9189740876626807
0.9323856512169058
0.9157576329423296
0.9264248428790609
0.8545703853780358
0.8875701294565581
0.9192589470876816
0.9242843508952724
0.9234926035078179
0.9098303649460819
0.9214017735516083
0.9121780287919893
0.9562976982300992
0.9492279311417171
0.9465988291945122
0.9311212171706494
0.8970905190214299
0.9247514371646599
0.9517658090672265
0.8918102577967237
0.9478600858207501
0.9453208364996761
0.8946196067953214
0.9713927740898266
0.9560778804292275
0.9230389721095061
0.937997829278172
0.9007895359255976
0.9282033771866667
0.9295480800789839
0.8452861152489833
0.8390227186477844
0.9617049508271714
0.11102807027163798
0.9362134007380326
0.895403579412619
0.9010138305290749
0.9525041373085426
0.9448865856795432
0.9328021641080356
0.8852084489157571
0.9467257253935093
0.8386343375250593
0.8976965274747836
0.9266930191787938
0.9428062124069451
0.8363489398961478
0.8786835800267081
0.8735863612803092
0.8977810356032087
0.8701686537698644
0.9139649074327149
0.8883971802231363
0.8440865497360871
0.9111307910359946
0.9053057101552406
0.8513515511048843
0.8336685644165939
0.7700442850324019
0.9566176873962235
0.8827760545706496
0.9296903665331542
0.7470760264616858
0.9617133054617463
0.941503622388961
0.9245862933691571
0.7658116623047936
0.9207292240237257
0.9309900497339874
0.928790654284504
0.8904604739678759
0.9339037061877966
0.9363331993812326
0.9751503622658566
0.9667729609011827
0.9176863301726839
0.9272100793313938
0.9279401405493678
0.9178082893091429
0.868474011851183
0.9360805972342301
0.907990189286811
0.917828695159471
0.9331623681047506
0.9211692075763301
0.9460731693797256
0.894437781266556
0.9028952685522661
0.871346500228006
0.9046662481014364
0.8978498327815387
0.9031442209022815
0.9671278678939977
0.9317688757008586
0.9238712473167998
0.9129830776335836
0.8151278391459283
0.9371394223979208
0.9187263476562406
0.8905387342429875
0.8473352152428215
0.8915455430002043
0.9366437570373307
0.8554181637839773
0.905062612424305
0.8830520973657864
0.9135059988079063
0.9456105241192021
0.9120129722293903
0.9024590450311839
0.944191729350543
0.9376308771777863
0.9260334582234194
0.8549055934267992
0.9378462368003911
0.8706595957605415
0.8972924134966341
0.909585690613582
0.8902385699346328
0.9484948835295759
0.9475855985096528
0.919332288640845
0.9195098391625617
0.8980063839453108
0.8986560250132636
0.9395404014241012
0.9606514317212106
0.9071779588594058
0.9228855108901582
0.9371704688027578
0.9509702857383149
0.9200611808159759
0.8805964081353701
0.9172243978487898
0.9626456731432159
0.9518591829308048
0.9634045258527999
0.945041539228561
0.9291505201370989
0.9340369859264418
0.9239973036200868
0.9652687054928124
0.9046771702252192
0.9441458800018004
0.9497601246180716
0.9487755258384959
0.9525773912083076
0.9293619626868383
0.9279657295192679
0.7675717509622402
0.9493052918776217
0.9181877385138428
0.9032017164260181
0.9283578929834518
0.9144287022787738
0.8984929134793711
0.9192061255954228
0.8448704771998218
0.8913429324860895
0.9732967253714132
0.9420135055514467
0.959722801609069
0.9132319232696262
0.9295405849515685
0.9465658555362317
0.9315338520805141
0.9167075473591153
0.8988071066954109
0.9014041480643399
0.8912916866697255
0.7957577349440313
0.8730543854801224
0.8987540487559816
0.754105928231745
0.9298563633012223
0.9214943566908417
0.9188059100631337
0.92070355535177
0.8944792312997105
0.8599565518507682
0.8886976985267948
0.8788313446706806
0.9113017343187875
0.8686249260117846
0.8548927084823621
0.9079683204038962
0.9438195147622723
0.9164351375719766
0.9218831247361097
0.8486843885319144
0.8600061872833686
0.885077727233455
0.8412929943663844
0.8787498147067123
0.8980295299122387
0.8687950819529344
0.9051972066170728
0.9586689697758358
0.9152777186236907
0.9203201833190586
0.8440189707450133
0.8722439632639897
0.9483664215321193
0.8523100567660817
0.9354756668599596
0.9172899385161202
0.9163521019918477
0.9286564569764572
0.8618193376958363
0.9091336611686457
0.9475613737722821
0.9121691436017255
0.8574585198985659
0.8375178798385305
0.8445829235992997
0.8367951248033715
0.8990591794053782
0.8939821759589254
0.882732723478999
0.8146856064929874
0.8978148934885563
0.9264367217268391
0.9076366120760481
0.8945319127074373
0.9484558186569707
0.9445197192865713
0.8946477179667416
0.8927572812323588
0.9187264761749432
0.9004573280515203
0.8305519889615905
0.8515030768358853
0.8696093920334346
0.9129417934067964
0.9003581216861685
0.8873678090075374
0.9685886583387975
0.9215859374723059
0.8830495852797062
0.9759971746733931
0.8362894604001412
0.8449953367285795
0.9158657381746288
0.9336601206835494
0.9449590714113091
0.8674252239631888
0.9019099922088937
0.8195358846222902
0.9624302901840909
0.9184854835481402
0.9135071968398402
0.9362526905195914
0.8985017422275042
0.899906963643068
0.9276518376036029
0.8478250715072746
0.9345557931696008
0.09806794678778669
0.9058925402558415
0.9467645189057833
0.9551951777122634
0.872748679615001
0.8901080292747271
0.946163631772743
0.9590399214662804
0.8871309244148549
0.8638405354544645
0.9496630466622538
0.9499889776503798
0.9162446645937978
0.9322022316987765
0.9589781107180146
0.9094179368261222
0.946493180804901
0.9233493794100427
0.9422824725133672
0.8601842256994943
0.8691071592767512
0.8736398544593015
0.9761074993967296
0.9260844866875065
0.921602559746947
0.9475759736007393
0.9231275882242267
0.9694799970599682
0.9419546190920312
0.9255601556299351
0.9398896012362691
0.9226665151647838
0.9464696771291226
0.8549043360806474
0.9502226104992755
0.7739234698825302
0.8942259847765162
0.8938648712212491
0.9234437507003127
0.911119496680118
0.9252020890276331
0.9229797061545516
0.9124862641793294
0.9732784960471167
0.9166492922884066
0.8556556064249227
0.8412866929919934
0.8948089161903385
0.880645773537081
0.9379093935297568
0.9256513939306453
0.915332961853375
0.8754605592604108
0.9265602675445969
0.9432413359377619
0.9667231281204561
0.963702922564439
0.9697222114134553
0.8677528861269842
0.9418426468345709
0.8991962234764627
0.9214498870580384
0.9600581825261824
0.964110793728382
0.9701213655724908
0.9559805017283561
0.9314970963966676
0.9716993592789915
0.7701843526345583
0.9044427927006274
0.8657560614467674
0.9266060171406343
0.9633609699753068
0.9342031960551268
0.9037510424736688
0.9522646290123823
0.8893119620529133
0.7285152745414678
0.9569115713260273
0.9412250996226291
0.9589688784023188
0.9208985120883273
0.901953111853571
0.9333053087984183
0.9184977326742048
0.8877140101076988
0.9776235701169105
0.9090437626067182
0.9475249927168611
0.8813556714638181
0.8504118523903496
0.9139292665732038
0.9389337032418996
0.874304242162616
0.9268615283470594
0.9000183298429447
0.962091529685756
0.9053041721163873
0.8955800637756829
0.9384285593819436
0.9190646918490311
0.8504657789833651
0.8533293561082037
0.9002508322570918
0.9282479126792446
0.9349194633804504
0.915971356870633
0.9083001324385287
0.8962905386348129
0.9254433279336282
0.9222669453963117
0.8856209696421112
0.9000433983640943
0.8767888331781336
0.921101389252596
0.9174566152635245
0.9356120704177848
0.926411682336898
0.9124191385671971
0.9583302418795011
0.88416441044424
0.9207186517053462
0.9170314415612909
0.8459382934597576
0.8854283546830233
0.9233177834040114
0.9023716753574588
0.9260513725146622
0.8964563902031906
0.898889665186556
0.8531441007502477
0.05710468678511004
0.8713464597137786
0.9025544275796693
0.9248018272114442
0.9201562794675957
0.8996272500013918
0.9695759183959884
0.9083241888021579
0.902265541339622
0.8695754256320547
0.9409247100325612
0.8769128429152065
0.9295162586840624
0.9182466186014112
0.9286568231810671
0.951456186753841
0.8974418362151534
0.8511866794075368
0.8235100051342249
0.8822276365885169
0.8415196379208266
0.9060595167649578
0.11399015696126258
0.9197548617761712
0.8618136545639171
0.9264446691554158
0.9042655849615452
0.8734842810271818
0.9382066349865247
0.9564886570885897
0.9040096696003187
0.9189348301718073
0.9309360325232313
0.966564379753832
0.8717343292351929
0.9246803221832607
0.9132805537512786
0.9469768644700807
0.9429211039805232
0.8616534360801205
0.9356416763393076
0.8509272209349474
0.9293448036048227
0.9123266955982302
0.9051037041405177
0.9069952402866898
0.930661121037417
0.9062533717104443
0.9119423334135041
0.9584343007401588
0.9155272834889078
0.9521627918622643
0.9266878967508964
0.9195614862522615
0.8706296073881155
0.8754271422082318
0.9430870820320602
0.9753909251207905
0.9211240484955481
0.9342879275162109
0.7492175619628375
0.9683691007278701
0.9098308585873167
0.9285554630412174
0.9039480317381133
0.9003848579716844
0.9193552909648384
0.9207637024091427
0.9219382442344409
0.9295414547832537
0.9299650905272482
0.9043637135010156
0.8773194229973861
0.9005743385667124
0.9609193907315278
0.8674876165992736
0.918128642970766
0.9378381532388411
0.9210955223348144
0.912068240048957
0.920869178583482
0.8693506565259506
0.9438538469945578
0.9309795424619263
0.9247872053276435
0.9222530261502699
0.925734423051076
0.905675660052361
0.8620703223832706
0.9225716472499154
0.8966336585109392
0.9562862705748296
0.8933266038369865
0.879263054670268
0.9233084269631255
0.8718634058093375
0.8539858441556967
0.9425642361588135
0.9049575521112257
0.8465810536881025
0.9159544386633157
0.915857214037411
0.9027941774843927
0.8697795332390938
0.9218809694300638
0.9302890779989287
0.9332736308540389
0.9480905898183547
0.9516459162000828
0.9390930295722688
0.8963827537285826
0.8562374162352926
0.9397334676627305
0.10747801264708469
0.9475210730848009
0.9536098091775472
0.9339264683550647
0.9149946936660457
0.8504929373531123
0.9553225610684157
0.9493530866997196
0.9217050756384674
0.9204573492202326
0.9084486939814946
0.8166050016128565
0.056671175398385426
0.9274820262542469
0.9032457431397969
0.9005660008405953
0.9682596369434789
0.8399788912729066
0.9025202367017063
0.851814962018882
0.9041423930849892
0.9239677036934416
0.9353142733018783
0.8554341000848819
0.9525534024423694
0.921199583591576
0.8590353937906335
0.9705243493651544
0.8404665291737724
0.9432633816677142
0.9334369139532538
0.9179584468557423
0.9527103020900871
0.9036769329882278
0.8543428910680594
0.9134520165769311
0.8928462295321358
0.8851229796891987
0.8905343630626719
0.919196475162734
0.93292918225684
0.9288688260522191
0.8820830913248294
0.930536285685665
0.9573667246542111
0.9117503011939823
0.8857195589511464
0.9126390446661056
0.9111313315953642
0.8457441733969889
0.9195311553322171
0.9015459933154952
0.9175392278362465
0.8906466885053782
0.8911534579370689
0.9522795609441883
0.9679446761514351
0.866772222903509
0.8577644109193655
0.9466345257350746
0.8652272047538235
0.8707907474389961
0.9553693768946416
0.9221486411420015
0.9201314205232987
0.9336207651277723
0.9321919241775711
0.9177837699022632
0.06857271661817886
0.9639286735378377
0.9032448438927431
0.9012567585797285
0.8557855553148795
0.9390686264243984
0.9133490285410149
0.9246089445082862
0.9308265191610195
0.9139683253338123
0.8744901411584646
0.9449476423625944
0.9299423035644917
0.8966200779385578
0.896897152733405
0.9764683374542703
0.9451534082764057
0.8759003745788567
0.9010144850397271
0.9294632065795395
0.9691486095308959
0.9321695170994752
0.9043312764711817
0.9630038044984502
0.8833814226233345
0.9532053428867301
0.8948585707200793
0.8350144533061848
0.9456802275667677
0.9445550297827687
0.9478123487932152
0.9403241797089206
0.909706211004588
0.9622250774503154
0.8778663519753458
0.7327399937316553
0.8676273242229797
0.8968467372652555
0.9329754383119431
0.8975943079526096
0.8720470515553299
0.9103561200052146
0.8710108476198124
0.9029589428458481
0.9630277252439625
0.9117564730371418
0.9583791491003303
0.9295827503872366
0.09675051567203179
0.8502103396836693
0.8909831592972984
0.8934109985952394
0.878251196389508
0.8956623276772357
0.8921331233540026
0.9194120970408829
0.9378132834749109
0.9437234058101128
0.8965748931062333
0.9640279004623736
0.9000590035864645
0.9413476301666367
0.9191012517504932
0.9164723609352348
0.8817143930921623
0.9437275098851144
0.9758635092851419
0.9547730266575915
0.873600610025588
0.9131350270101604
0.8306389216713217
0.9498580099312359
0.9260425474070871
0.9553465375846084
0.08342489509847377
0.9230282320229276
0.9637603993497575
0.8940750716845497
0.8914395476834872
0.9280645699806296
0.896133432120465
0.05841590223806164
0.926987277905761
0.9416158934103617
0.9253216855401546
0.8964797654135482
0.9114035875790398
0.9261543626575436
0.8433570148166191
0.9076792044353684
0.9168456961028189
0.8801012126693137
0.7840450447712272
0.8814518046154616
0.8995841577999397
0.87592711578609
0.9097732196304845
0.926240990601956
0.9790558700475376
0.9112276817310008
0.9133792099609195
0.9158938045453419
0.9518694761302227
0.9314468637531711
0.9272925585180821
0.8969641548366332
0.8747879304420213
0.8904406338914421
0.8969849168786928
0.8927600551684334
0.9197360680078864
0.9292511381019735
0.9353992006273781
0.8699238604061116
0.8861750159176213
0.8814919133181068
0.7943513178588805
0.8720526770371031
0.8226470085498059
0.9341130203544976
0.9078459263097949
0.9181165964778744
0.94709625914884
0.954292518709156
0.9840611369756159
0.9360774647350514
0.9305432478722554
0.9394598227860583
0.9641963458878543
0.9389512913865681
0.9171378115942695
0.9534732776559081
0.9230301387255971
0.9357693877226421
0.9298239169926138
0.9432244173956231
0.9253729628179391
0.870965548536637
0.8776538710212644
0.907321938322841
0.9583436807342892
0.921046274966847
0.875558389336546
0.9383778087821887
0.9211896523293437
0.8880429721991215
0.9338921028201976
0.8787119546639677
0.8958893814153445
0.930930033591442
0.9183468155586516
0.943365842179867
0.7690293860535327
0.9465414830769556
0.8774367556892452
0.9106964828480624
0.9153082864645622
0.878993775146434
0.9361318315484753
0.9099525914912514
0.8389088187621826
0.9507856428950919
0.9421477608606352
0.948662251113365
0.9207666463085626
0.9270772384327379
0.9063792172224305
0.9288500998068598
0.9377981703653065
0.9500591829051935
0.9095793961475025
0.8973062054670071
0.9340980830438566
0.9807003047243498
0.9399290437231235
0.9654632253494005
0.07756684535362084
0.9315724999951223
0.8887559967491888
0.9336267481218943
0.856584139115268
0.8590043582905811
0.8664904594509136
0.8248589795825126
0.5683305515391502
0.9426089374139742
0.9169626806751605
0.8833469464757474
0.9432919154013636
0.9424767917569302
0.92776410541372
0.971814776313886
0.9292903394966394
0.916551176155268
0.9176911155602449
0.925794153531385
0.8809863150360044
0.9749357998743065
0.8943503066766922
0.9089890588129221
0.9137472925005045
0.9378023752974948
0.941098717221823
0.9328700745706973
0.8410634956977037
0.902265541339622
0.9668542158373625
0.9280130714293728
0.923702238752226
0.8930482950746156
0.9233288879309017
0.9222609481180536
0.9092136752822461
0.820341447160301
0.9366643854256853
0.9328444327211769
0.9258498127421103
0.9411545463452226
0.9269024107537942
0.9205661463546737
0.8916813127872921
0.8954146504279363
0.8527227107545257
0.8668710476740326
0.8980724505839732
0.9198115604875284
0.9470242549458796
0.8794247480524316
0.9249380879004853
0.9245087560988705
0.9320417402684799
0.9463569876622919
0.9063912213517452
0.9380415249206323
0.9596461192851876
0.9341863971140729
0.9632143101323252
0.8919548036023858
0.9041579035321031
0.8577422174311158
0.8619967773475717
0.8783385368800669
0.8900893190789005
0.8994669657354744
0.8847982682844635
0.8689424021493711
0.8793824371433618
0.8834936305457166
0.9122326844393892
0.9152583895012727
0.9117109716149691
0.9329070411135391
0.9474741363132643
0.07691258580892661
0.8892814746304578
0.8330737929170645
0.8949224634988727
0.9366736003875293
0.8927388443038635
0.943408266111553
0.9322137322693959
0.9227851659873829
0.8906818569966718
0.9638105118054975
0.9207105565936191
0.9096457082170701
0.9600107691966798
0.9227763447014685
0.940510129121602
0.8943379146360884
0.923427715524068
0.9394478229993078
0.9625953879982333
0.9165048538854678
0.9035577642210065
0.953530660371916
0.9755989117858176
0.8451424522976745
0.9402872713424227
0.892074817605993
0.8955010206907934
0.9173948474383435
0.9207006588675601
0.85433702149896
0.9131124939041676
0.9290181329239926
0.898019689450971
0.9231164057643969
0.8995137462311008
0.9280785735607224
0.9555960471076496
0.9261207136978089
0.9366700809066648
0.9030492850607679
0.8916573070594648
0.05120458412558053
0.8771126718292888
0.9068335867730208
0.8926511631021004
0.8935132493112831
0.9254803732743068
0.8450396709220165
0.9066727018273263
0.9279400868463513
0.9534783026323499
0.8533976058753651
0.8935727730661914
0.9015456983114855
0.9407659047492941
0.9255356313607831
0.9553152071395982
0.8341035286699564
0.8989770773694747
0.9617009393663452
0.9466055767005066
0.9302104045007005
0.9467114407131425
0.9052154242861423
0.9499328699653653
0.9457056813837706
0.8963092177227646
0.8291084602718548
0.9138169615030439
0.9221431360553751
0.8877166264414877
0.9147284528309149
0.8860395391361683
0.93880943602734
0.9025071665231424
0.883494110592325
0.8711959974864388
0.880061937634096
0.9068664330782394
0.8584595753165452
0.9041466640974672
0.9157868922822506
0.9718414099205316
0.9522694613609385
0.8961291819935494
0.918988896295494
0.9291442620693117
0.9219799834941975
0.8996594934168749
0.8663888173970571
0.8984250875412185
0.9079444479984695
0.9132716297080755
0.9233085165477429
0.9341402926240329
0.9385547798825097
0.9542573384499742
0.948644447643717
0.9568365867448508
0.9016212982057935
0.8827934760790545
0.9217610774524858
0.8929763190550166
0.9297555250273839
0.9148819112029506
0.9497818009411088
0.9484406196372555
0.9190014314723877
0.8879730886115436
0.967361471573291
0.8579706908981849
0.9289875342384845
0.9328889211268798
0.822671358492882
0.8365423505503948
0.9428776414534824
0.9562851957412525
0.9411183555364894
0.7898966475520829
0.9585953576416877
0.9200907690614699
0.8693509126875921
0.8769962966476339
0.8793249003934721
0.9646168107900966
0.9156061704905699
0.9084019811246745
0.9430060586418506
0.9250465454662434
0.9062009467034863
0.9263204597155037
0.915479097121233
0.9137383436158185
0.929175499521578
0.9266484752614704
0.943365842179867
0.9452071441087081
0.9348088854165653
0.7815030810106982
0.9232722019975922
0.9123871832837236
0.9499618522544688
0.889991587656638
0.9141839070881517
0.9083238202434711
0.9092283721155683
0.929677409948956
0.8850761626935582
0.8876570571236818
0.8778946159945362
0.9129181464728229
0.8751478033405905
0.8942482494464987
0.9527582401603256
0.9520926108927281
0.8870778155216446
0.9244838924840743
0.9284813171938204
0.8708991882487845
0.8402007535969055
0.9585189776470667
0.9433541808871613
0.9352306801191594
0.9386226775646491
0.9471092118065474
0.9384940951989638
0.8950806549146374
0.9164461809561825
0.9161899490776044
0.9247673014205035
0.8974870933072925
0.9453565717514018
0.9217461049304656
0.9340432413585007
0.9507380142748593
0.9041326734643043
0.9253043646239762
0.889283973511454
0.9152615013977621
0.8687766385747231
0.9075556812739246
0.9067959987638294
0.8511354651776999
0.8800737478322745
0.8826121224457318
0.8500286280374966
0.9056823826679636
0.9136962907421329
0.8998449242045071
0.9180349495671988
0.8888651603870349
0.057855463036868025
0.9104844459536754
0.9248514889064708
0.8981015941354266
0.9018618888144252
0.8916588833433341
0.892250568573675
0.9057403950030642
0.9091331494612159
0.9086892420380702
0.9178476315856345
0.915176207909821
0.9115212368283502
0.8803913170642363
0.9473044487138627
0.9043704003041402
0.9313084747761496
0.8651709513890047
0.9512065198726396
0.960034885798348
0.8608240969570595
0.9591613319238107
0.8862218776900332
0.9121148575658867
0.8814307122139233
0.9140619106028992
0.9131831958568029
0.07066811166622661
0.8863270684945029
0.9265995952156786
0.9213722368253812
0.856651651619304
0.9288972758662662
0.9240618804190446
0.849337606894277
0.9281071163709048
0.8651477077336103
0.7343387531299559
0.9471731099923646
0.9561720822328467
0.9326139034337089
0.9223494392170759
0.941895850601486
0.8409269550657673
0.9050249800994198
0.9278203840038357
0.9365738639545373
0.9118617336548351
0.9314286224090926
0.8444436431968785
0.8982273039098907
0.8676396605037722
0.9023418710158589
0.9105225352053266
0.8835940348828115
0.8850535831383697
0.902387331472292
0.922756804204604
0.8961191600616583
0.95372793275855
0.9348240271442896
0.0
0.9138681656648127
0.8818619879051028
0.9158198803624887
0.9086237244200175
0.9109863504822749
0.9465352766393421
0.9143708459628621
0.8956334662416402
0.9034820536486201
0.9204898248232782
0.9424246979612922
0.9325754447503269
0.9179006770356475
0.9155220346854915
0.9122347636423876
0.889639116965986
0.7750530347379279
0.9040706643752257
0.9572082002171647
0.8523040385043341
0.9230471226776923
0.9357703638555018
0.8884034019090626
0.8816986513242202
0.927724788274181
0.9472733896769263
0.9163943412732038
0.9401820370239562
0.9625842031488504
0.9449339389955997
0.8585345501818417
0.965210118901965
0.9164503967525645
0.913895197267875
0.9289218377726381
0.9592654182171299
0.8444950825022993
0.8631810534105802
0.9239837033123781
0.9192400613700912
0.9182566137173505
0.91061481857606
0.9071133630377037
0.9275808668705391
0.8753407480317349
0.9213434332399948
0.9499495393847804
0.9622518044800605
0.9366617414700413
0.914488913604483
0.939416816121919
0.9284214230861184
0.9654881760283052
1.0
0.9660709401281568
0.9231191947486844
0.9505076878534385
0.9360714380016869
0.05449934292152539
0.9497857702215081
0.9377361429200719
0.8110271343527748
0.9139497519737223
0.8865274376752138
0.9407776167644154
0.9069014304377118
0.8682445739633459
0.8814327092745724
0.8978447954561717
0.9219971858147656
0.9459985914185358
0.852956657933527
0.07513663632217737
0.907684710178079
0.9008112936660739
0.943365842179867
0.9281401669929786
0.9270211445037835
0.9314215433230575
0.8801962150185565
0.8969092309386202
0.8869704982401637
0.8853391125796392
0.8676448119237894
0.8715955217114545
0.8578038164881296
0.9151038691038501
0.9563861206104546
0.859392659303412
0.9315591376147293
0.948014120752161
0.954300478814365
0.945976271360117
0.8607797198485895
0.9235820216178392
0.8426135557082717
0.8784980235080583
0.8944088273793416
0.9171251240529839
0.8555208886361956
0.871390248266034
0.9219202814324016
0.9359881557878058
0.9102192266338762
0.8983031396795866
0.9212695780671902
0.9253420288713287
0.8257412087168153
0.8838954641360458
0.9106897859139613
0.8747076752893647
0.9059743828204471
0.9307513929930737
0.8859607725111808
0.005155231883409216
0.9054872794163069
0.8652137744600606
0.9085463184295209
0.9274191117614229
0.9394382361346968
0.7862960083282668
0.9676818670008687
0.9597884195984429
0.9048007709265277
0.906232982639529
0.8951333115630035
0.9312303196852616
0.9415064264618184
0.9587130754652643
0.8849925389151102
0.947276804225065
0.8994452462589874
0.9268931400154395
0.909441396849874
0.9558730651220056
0.9495205316244775
0.9457925578431658
0.9006487355855316
0.9386150904072833
0.8963219521159098
0.9592964599559088
0.9556173398526655
0.9325337068775096
0.910091079711433
0.9028684642727046
0.9392090127149088
0.9261812250665759
0.8783166095513013
0.8556497914867965
0.9125128000618564
0.9574619049130636
0.9492252771091381
0.9330488703479116
0.9298201752370812
0.9069661141688311
0.9152824630176564
0.9346742071645854
0.9044981834182951
0.9129395746975434
0.9139740242348832
0.9365920200148726
0.8914543516859176
0.7878483870876601
0.9100030956680364
0.9463340211362796
0.9285752139409382
0.8894896955266771
0.9300621304352626
0.948208466742353
0.9211496047224499
0.9055098806552344
0.9378998208501271
0.8937569817273687
0.958468592289565
0.93565216480719
0.9464037946610198
0.8942949733849138
0.9190139327608745
0.9526176401489379
0.955575974183955
0.8313395090032624
0.9003958116969045
0.904768804027952
0.9426931297797987
0.8275311373795549
0.8943364453312135
0.9528979575202787
0.9159409145479324
0.9377441081173753
0.91765489535111
0.923264982882471
0.9559643394413491
0.8963810591657858
0.9148543306639142
0.9113437172676463
0.9515536237259345
0.9296462113737954
0.9560722151128929
0.8830119169148299
0.8916458568436443
0.9596846524638776
0.9013989855222271
0.9722764676713024
0.874394692808096
0.9042854376701565
0.9005932002471778
0.915178234058645
0.9388114756413793
0.8291070627338766
0.8400566549641056
0.878656238270914
0.8908332520152731
0.9447329374422755
0.9527493737274095
0.9229604298584706
0.9321599490672423
0.9010717965274194
0.9107545185246478
0.9287354035951982
0.9140014166436774
0.9046370812150833
0.9046197830566782
0.8749972091599132
0.9362107243463347
0.9169521378435672
0.9657635141351956
0.9409481155230041
0.942923728477895
0.9340553910912316
0.9825049961768713
0.9024167248073592
0.9047549498756317
0.9234656452973385
0.9454469363242741
0.6577971521434115
0.8595808554855585
0.9483657947472166
0.8993585967319871
0.9553693768946416
0.901960070225202
0.9153477708597744
0.8993169842541245
0.9250681912790438
0.9047545988511364
0.8676123014301936
0.9226842654311549
0.9268860307692323
0.9145363629268928
0.9029168362711327
0.9118664736120545
0.895236042968868
0.7072153672957201
0.9241962133589628
0.9231135081568778
0.9063769394344896
0.8746954169626628
0.8923618113446149
0.8827459531435828
0.8852479830675808
0.9248201752406477
0.9350775498972751
0.8961854564866426
0.9283980448999506
0.8940366580743601
0.9013458930202186
0.8698122015693818
0.8863696359027299
0.8733355927505232
0.9595549472903766
0.9557265306057366
0.9005770293743004
0.935480661885415
0.8855770911385756
0.9138066293443963
0.8833345621489396
0.93341566666506
0.06907632179229971
0.8921845892525545
0.9220564165732092
0.885219035564568
0.9117190415757797
0.905739851108328
0.9114109689069678
0.9269978224857627
0.8408964753221265
0.9201214171376902
0.7739181325535756
0.9336622853927435
0.9161973107320455
0.963923258158919
0.9078990494552185
0.9162019743051013
0.9559523952446245
0.8896586483845521
0.9669224275062415
0.9353463752332847
0.8293797193361685
0.9433593765759751
0.8996770650691386
0.8627045853823524
0.9101115497502275
0.9114440808214174
0.977763659980079
0.9551061277457011
0.9009811212869353
0.9357131317760472
0.9411450347174147
0.9421905156839521
0.8950816897929162
0.9225139389238312
0.9259010422847812
0.8892216418151334
0.8165678238321585
0.8831300887872703
0.9492765324070953
0.9305052398519466
0.9301057920435503
0.926173485319654
0.932141172706205
0.8886340562769723
0.9411670255095724
0.9323927117771048
0.9388697769766481
0.8838678117171147
0.9109374105071112
0.9554562702482657
0.9122013292983373
0.931941773985884
0.8950966209500449
0.915583389703548
0.8964222516396224
0.9717234665484764
0.880668949477986
0.939595359161436
0.9443069228454394
0.944841611505809
0.9223513770650625
0.924064675689742
0.8858770709775562
0.8589497312600133
0.910134415972738
0.9582793277924397
0.9668626379565541
0.968633307644815
0.9633157195852948
0.9034944121761482
0.8431022079701707
0.9066101618090786
0.9250992975796265
0.8959918043208553
0.9216879207729772
0.7582138184389603
0.8679614696442295
0.9310143819326404
0.848710450716579
0.8911132381977757
0.9248471435411693
0.9035107606562499
0.9261433636462439
0.9110950785377178
0.9463164344188303
0.9543054073582382
0.9411261547373929
0.9258024541678022
0.9594615145531561
0.9187082220194704
0.9698631526141182
0.878801491999362
0.9165842177647683
0.8773995240753321
0.8562869477107319
0.9040508186721895
0.8520659764864937
0.9370136830582219
0.8929698547152383
0.9124051124673729
0.90537744730735
0.9140425467499783
0.9363764339249705
0.9388937693418775
0.9038853337792959
0.9179272842255157
0.9012534327458703
0.8914950548442274
0.8842237408964728
0.8384462868746765
0.9057634776472239
0.9478074325145207
0.8106394259226744
0.9262213272321577
0.924363617130091
0.8776544232391545
0.9089516823502837
0.9273398869126477
0.9276597811559285
0.9026346631471842
0.8118894120674939
0.9087643382498509
0.9472853592606285
0.9465546665794856
0.939524765000086
0.9309017292657298
0.9220141688503356
0.9249419834884552
0.9202064533697972
0.8861908259250371
0.89662348527505
0.9036070322919794
0.9529002105249034
0.06368307893447137
0.8895700848617624
0.9333367209503284
0.9433370199114175
0.9128306940591004
0.9019451407717605
0.8626006101867624
0.9237835316588169
0.915969321932573
0.9351575553491399
0.9206558668773047
0.9275007458880989
0.8572351201691573
0.8885240653786877
0.909510252670956
0.958655113296016
0.9229671014960815
0.8740849993837411
0.9377706317061426
0.9258057411213325
0.8790226008935365
0.9446163624760877
0.905546172287856
0.9085759021399012
0.9548459460023468
0.9122367754329245
0.8955587933166984
0.9336475515157374
0.9066576171729328
0.9641167083695736
0.9367033413418936
0.9413300813614279
0.952800541097853
0.938585889005786
0.9518540795498702
0.9394398048743747
0.790124523420322
0.9116997518055573
0.8411624656873138
0.8685276985670488
0.8944331664974197
0.9226628653892506
0.9339314300941328
0.9392314692910463
0.9064082797235434
0.8856618316793862
0.9325195743273298
0.8912484098065562
0.9177491650775528
0.9330999229668742
0.9147477955716007
0.9218330423050194
0.9535681707204028
0.9235791604171206
0.9495608317872127
0.9442236438124226
0.9393215663397908
0.06993853852460157
0.9283017048688501
0.9172909834660268
0.8025259229675131
0.9249481603920795
0.9422145447325752
0.9228904093211976
0.9128325635090798
0.9262347698425578
0.9570520925126672
0.9259512332965891
0.939825118104813
0.9574516195516557
0.8671978897365381
0.9117503085905946
0.8941324885982844
0.8791461767993364
0.8650993638268992
0.8781227489641764
0.9391614369126705
0.8241559624455059
0.876763868166852
0.8446243705443977
0.9649402083653978
0.8929273650687786
0.9077029696686483
0.9463503240370964
0.9139192878356939
0.9382542942993872
0.8978734761776006
0.08522013992027025
0.9461906681361709
0.9077164071988638
0.8765765939397365
0.8937808492747573
0.938600934667971
0.9048165836639569
0.9340273848108388
0.9398537238376062
0.96461456897553
0.8476770912543308
0.9237502241124004
0.910195786041028
0.9040546937503514
0.9282305517595161
0.8923928390822864
0.9148208354175764
0.952416278989647
0.9393759855096996
0.9576139985645371
0.9497333089510139
0.908259498294686
0.9025419006792027
0.9073962002773138
0.07091813019014219
0.9556351994479451
0.9591570704421201
0.9192918047168216
0.9136233107004662
0.8876799504188894
0.8955375205766611
0.8797006082213453
0.9271881304898455
0.9260159676516999
0.8419332501258638
0.8979231984326231
0.8514217854891293
0.8948524694817293
0.9244817742457646
0.9197469549849465
0.934946726909412
0.9356796837959748
0.8983701618909301
0.9248939558879793
0.886897174719916
0.9512502424666934
0.9516292981902879
0.9234668931879499
0.9511780943392508
0.9395897114683812
0.8988087924716283
0.881996025391906
0.9295677222217535
0.9126470644302828
0.8664318267302263
0.8885875898097516
0.8888679869997134
0.9569571348318006
0.8966840541605575
0.9439162555250183
0.9014547636263806
0.960095810466118
0.9381451387264198
0.9334419590013397
0.9394500947521114
0.902084374440858
0.8927808976496361
0.9318720138675166
0.945594051841891
0.934296110259382
0.9031453663112647
0.8995685342106434
0.9305641682785244
0.8839454133829878
0.8929860734561691
0.8865492679656267
0.9304958959610733
0.9288252074738077
0.9221330599349616
0.9437307908356141
0.9531290729989205
0.8990600911039963
0.9342271672240986
0.9407457746162124
0.8932883863002532
0.9080839818162759
0.9034835423009298
0.9303096771397483
0.8855296967584576
0.9417402223345646
0.9050304696152297
0.9050340050204185
0.9178329186688824
0.9359608526200643
0.9389211326014976
0.9305561149061865
0.8359135751230499
0.8891375664567973
0.8950494870036209
0.8735119909979752
0.9016149676834859
0.8944863096934607
0.922892284190306
0.9107814267391756
0.9046027015540864
0.8528226006216123
0.9381793110247066
0.9414387437857297
0.9285549642153591
0.9152694053032543
0.9092321515910998
0.9053617302253668
0.9284177005774394
0.8973369292741341
0.8930542850551003
0.8608463631596969
0.9256794920745999
0.8899209759136354
0.8528991238623611
0.8662317306868368
0.833239306204272
0.9199365843602311
0.9326829713286859
0.8880529012066175
0.9193485300594694
0.9035561753375749
0.8967855748634312
0.9230209194280212
0.9083784374740836
0.9437783514277961
0.08785095470237761
0.9170705345337521
0.9556007411866719
0.9126897793056785
0.8840252021933447
0.9386080172937995
0.912185868786571
0.9392796237089682
0.9091389706874299
0.8964806760204933
0.9378680054724887
0.8792766325237437
0.8961622849216374
0.9277848226581789
0.898207068480787
0.9298180979061432
0.9551565416976336
0.9142099788641339
0.9381913542435223
0.8784605335362069
0.9167455675139791
0.9120758222791284
0.9221415484795951
0.9157675060248254
0.918914358958653
0.8955149560106094
0.9486223626451502
0.9471704583599921
0.9393254847080997
0.9205790182985859
0.9310726123221594
0.8889131137460704
0.9240903611976373
0.934523112895
0.9240276444424155
0.9113473818275752
0.915824629505448
0.8903255590469424
0.9444411748295681
0.873906885329792
0.95271247349924
0.9205870185297031
0.9661838050251879
0.9383618486453323
0.8985021115901309
0.9001883940038514
0.9707789463902207
0.9047696309774398
0.9708386132974409
0.944470430355278
0.9544097628608169
0.9340481753297312
0.9457278924152352
0.907796262361039
0.8395819752330795
0.8826430787164696
0.9095018316980864
0.9044357119070688
0.9329113542131547
0.8997964346553137
0.9034154416317864
0.9271341720973094
0.8544004114157915
0.9528223972361718
0.9327014218525933
0.9100192615416556
0.9443770152590235
0.913031792636146
0.9066334242247
0.9168802580599283
0.9409936909430026
0.8945731309737595
0.8664247130677993
0.8243078974359694
0.876200046794637
0.8702809876618105
0.8889025058175103
0.9567327278278926
0.8792371216507974
0.9474050631242497
0.9429921360738834
0.8924478897643452
0.9145566030061841
0.9139683748721898
0.8439326178247941
0.9350071289219906
0.936718589229146
0.9259544251082248
0.8820412926443775
0.9393237371903057
0.8852313527536331
0.9412475180289188
0.9035037077395892
0.8995982000743663
0.8807917417630875
0.9444365280426157
0.913596119502946
0.8929580111399855
0.9174663024274586
0.9570386237452404
0.9074555792198363
0.9300971248484465
0.9140405814059925
0.9159505013119105
0.9165899267061614
0.8970165142751891
0.8785845579164113
0.9443034662271227
0.8630452581453356
0.9486199330448424
0.8370319371009565
0.9285458019837477
0.836669118703814
0.854949169868418
0.9506114097261419
0.9269611603589051
0.8821853407315555
0.9169672960801404
0.8248531499287228
0.8660037855354337
0.9256692290424964
0.9065640339436472
0.9407725029117969
0.9263386270500552
0.9689607377769136
0.9615602373723744
0.9022958387397169
0.9405215009521651
0.9678369155798504
0.9644259732034808
0.9379577517558312
0.9278262505690402
0.9246089445082862
0.9232759318821463
0.8915608996936859
0.9178070099517651
0.9287967183952203
0.9664515456110657
0.980376440188861
0.9612795864485649
0.9050622962244753
0.9475635249962767
0.9533210506725279
0.9261878779958935
0.8801598723009633
0.9116723469810186
0.85440424245872
0.9314587377855298
0.9668547971445438
0.9028968325465347
0.9079011505885075
0.9176323533607553
0.9062868130631276
0.9375303707844627
0.9001992137043097
0.9691273195640036
0.894014403814873
0.930193199196353
0.925332682879063
0.9105569192583113
0.9038152389320285
0.9217011814196283
0.9308172118282682
0.9427565551096201
