0.21312865614891052
0.28222760558128357
0.18737149238586426
0.0008564177551306784
0.10123352706432343
0.381714403629303
0.2728712856769562
0.29036059975624084
0.41178542375564575
0.41748687624931335
0.2585057318210602
0.24980275332927704
-0.027390887960791588
0.32113298773765564
0.0920679122209549
0.18050602078437805
0.3701988458633423
0.08867932111024857
0.2793751358985901
0.15028701722621918
0.14115142822265625
0.2413748949766159
0.20914992690086365
0.27512872219085693
0.1604478359222412
0.11939876526594162
-0.2211892306804657
0.3691679835319519
0.24837704002857208
0.4249230623245239
0.3298094868659973
0.3913341760635376
0.21539278328418732
0.30269336700439453
0.1905573606491089
0.25168052315711975
0.1383688598871231
0.177001953125
0.2840273380279541
0.17334672808647156
0.12256238609552383
0.2756693959236145
0.14507505297660828
0.4940778315067291
0.34107887744903564
0.17410355806350708
0.3129078447818756
0.29855111241340637
0.10071825981140137
0.40088367462158203
0.19243688881397247
0.09054861217737198
0.08409634232521057
0.2820309102535248
0.22647888958454132
0.25598204135894775
0.0632043406367302
0.3754298985004425
0.3276149332523346
0.1350117027759552
0.3764353394508362
0.09276328980922699
0.2827061414718628
0.2924470603466034
0.2543257176876068
0.23800432682037354
0.21600057184696198
0.29440924525260925
0.41786476969718933
0.38047656416893005
0.16903778910636902
0.2826411724090576
0.26355522871017456
0.33365365862846375
0.25027599930763245
0.21811918914318085
0.479116827249527
0.1716466099023819
0.14553840458393097
0.2100307196378708
0.04484838992357254
0.0052225589752197266
0.05243854969739914
0.1891704946756363
0.35153281688690186
0.025005633011460304
0.13126535713672638
0.07892781496047974
0.17936035990715027
0.05767982453107834
0.2667742967605591
0.1946660578250885
0.21021825075149536
0.23694272339344025
0.27537593245506287
0.2883719205856323
0.2150837630033493
0.10935094952583313
0.22391246259212494
-0.024462468922138214
0.24919037520885468
0.2133207768201828
0.09816207736730576
0.07157180458307266
0.21191942691802979
0.23537573218345642
0.1905156970024109
0.16590313613414764
0.2480316460132599
0.14812248945236206
0.2355562001466751
0.15868131816387177
0.17848700284957886
0.0545981340110302
0.22187894582748413
0.1579587459564209
-0.037314385175704956
0.2798282504081726
0.5412319898605347
0.11444036662578583
0.3383157551288605
0.39699041843414307
0.24253115057945251
0.3105490803718567
0.22759594023227692
0.3207190930843353
0.2652864456176758
0.18272988498210907
0.24968621134757996
0.3218124806880951
0.4381422698497772
0.23325182497501373
0.22677306830883026
0.43421900272369385
0.05660409480333328
0.25327786803245544
0.025005633011460304
0.11997759342193604
0.19052910804748535
0.16258516907691956
0.20365014672279358
0.3695278465747833
0.11994051188230515
0.2239590734243393
0.29472213983535767
0.08700110018253326
0.09496065974235535
0.15289370715618134
0.23705078661441803
0.12968072295188904
0.43004849553108215
0.408146470785141
0.3560953140258789
0.38382488489151
0.14409643411636353
0.163568377494812
0.11583006381988525
0.0075237625278532505
0.24812418222427368
0.23269206285476685
0.4363725781440735
0.25019264221191406
0.23921425640583038
0.22385771572589874
0.3146461248397827
0.3203856945037842
-0.15691693127155304
0.31223544478416443
-0.045337166637182236
0.24253220856189728
0.20585352182388306
0.2877443730831146
0.16299448907375336
0.22539149224758148
0.10118090361356735
0.16214372217655182
0.2432395964860916
0.18326810002326965
0.17426741123199463
0.345893532037735
0.24399606883525848
0.013673371635377407
0.12214742600917816
0.11078090220689774
0.08741782605648041
0.23551487922668457
0.1622563749551773
0.09278059005737305
0.2947680354118347
0.10595141351222992
0.007638540118932724
0.1691126674413681
0.21172554790973663
0.1878305971622467
0.19324316084384918
0.18780411779880524
0.1345261037349701
0.25162366032600403
0.1516251415014267
0.11789853125810623
0.34925174713134766
0.28468775749206543
0.46153712272644043
0.23872123658657074
0.12238474935293198
0.10185932368040085
0.07035480439662933
0.09732048958539963
0.1201474666595459
0.07022802531719208
0.359997421503067
0.09226074069738388
0.28901681303977966
0.33748793601989746
0.14190295338630676
0.21877995133399963
0.25113701820373535
0.18500494956970215
0.19772161543369293
-0.06174224615097046
0.09073260426521301
0.12795235216617584
0.1520298719406128
0.08553723990917206
0.18105730414390564
0.17175748944282532
0.3193410634994507
0.317827045917511
0.2317141592502594
0.16268371045589447
0.0975080206990242
0.14374680817127228
0.07910969108343124
0.24677897989749908
0.1568872630596161
0.34776777029037476
0.2609838545322418
0.3198873996734619
0.14849188923835754
0.1492377668619156
0.4289872646331787
0.12899699807167053
0.36959317326545715
0.18324056267738342
0.09449342638254166
0.170777827501297
0.0898924320936203
0.12861664593219757
0.07693174481391907
0.2705213725566864
0.3662526309490204
0.3245106339454651
0.3187929391860962
0.18202850222587585
0.33813703060150146
0.2688385546207428
-0.06531942635774612
0.22830049693584442
0.11101257801055908
0.11227972060441971
0.050421640276908875
0.30058497190475464
0.04023291915655136
0.5829503536224365
0.2055826485157013
0.24514314532279968
0.41821229457855225
0.17284417152404785
0.20961928367614746
0.330354779958725
0.13511517643928528
0.420771986246109
0.21846705675125122
0.4350266754627228
-0.010866086930036545
-0.17352719604969025
0.241766557097435
0.25553810596466064
0.26026517152786255
-0.028273792937397957
0.09200328588485718
0.0813540369272232
0.23082101345062256
0.12032651901245117
0.4091169536113739
0.1399669200181961
0.36528390645980835
0.2172090858221054
0.06950969249010086
0.019423555582761765
0.47923725843429565
0.09667844325304031
0.08860763162374496
0.3536284863948822
0.2829148769378662
0.14891639351844788
0.18420857191085815
0.28260019421577454
0.34088677167892456
0.15041804313659668
0.08784974366426468
-0.015596691519021988
0.0919623151421547
0.1842682659626007
0.32278475165367126
0.12348166853189468
0.17337815463542938
0.21348640322685242
0.16567464172840118
0.4365904629230499
0.3886275589466095
0.16871888935565948
0.18368412554264069
0.16647030413150787
0.0854189321398735
0.055090442299842834
0.16052941977977753
0.1875237077474594
0.18824133276939392
0.19002409279346466
0.06741649657487869
0.12057443708181381
0.2578534483909607
0.10425341129302979
0.10180141031742096
0.2015060931444168
0.1226651594042778
0.11806204169988632
0.15293502807617188
0.21256853640079498
0.3118801712989807
0.06424298882484436
0.008260811679065228
-0.012916192412376404
0.05547044426202774
-0.038722798228263855
0.09314116835594177
0.05805876851081848
0.07493744045495987
0.17222756147384644
0.011429027654230595
0.22162573039531708
0.39630669355392456
0.16876797378063202
0.09252702444791794
0.3698439300060272
0.39788463711738586
0.3826075494289398
0.12740424275398254
0.14055880904197693
0.41904327273368835
0.19590812921524048
0.29411259293556213
0.20881478488445282
0.29411259293556213
0.14976610243320465
0.11650318652391434
0.13362164795398712
0.35509905219078064
0.047693464905023575
0.03153842315077782
0.24789780378341675
0.06556452065706253
0.03467344120144844
0.20014464855194092
0.2403412014245987
0.17047058045864105
0.25663504004478455
0.2686057984828949
0.09837044030427933
0.1707771122455597
0.18878060579299927
0.37593209743499756
0.257743239402771
0.11044857650995255
0.03888101503252983
0.3043030798435211
0.20413467288017273
0.07428903132677078
0.2048187553882599
0.0531180314719677
-0.10466484725475311
0.0049658105708658695
-0.006279219873249531
0.25812360644340515
-0.08330455422401428
0.16233089566230774
0.2690218389034271
0.14631287753582
-0.021278714761137962
0.11830855160951614
0.18861886858940125
0.01611478067934513
0.16648443043231964
0.19906115531921387
0.17719265818595886
0.3546420633792877
0.1181068941950798
0.29195404052734375
0.23022840917110443
0.10751450806856155
0.3169960677623749
0.10428766906261444
0.22125491499900818
0.26207301020622253
0.13684743642807007
0.20057480037212372
0.3630526065826416
0.2052287757396698
0.29149317741394043
0.29706111550331116
0.3177235722541809
0.23621591925621033
-0.31007903814315796
0.11582759022712708
0.20055679976940155
0.14967887103557587
0.2264513373374939
-0.06538405269384384
0.29287227988243103
-0.06080212816596031
0.1806836724281311
0.1806836724281311
0.03770074620842934
0.25999465584754944
0.09630197286605835
0.2046389877796173
0.2210235893726349
0.2186051309108734
0.2646733522415161
0.1423528790473938
0.4314201772212982
0.33055606484413147
0.09443021565675735
0.006470986641943455
0.21131128072738647
0.2388904094696045
0.27634358406066895
0.3390238285064697
0.22133366763591766
0.17055250704288483
0.3936830759048462
0.29454872012138367
0.22524741291999817
0.18180671334266663
0.22849120199680328
0.1790679544210434
0.1142524853348732
0.2525026798248291
0.19601689279079437
0.22009724378585815
0.25648847222328186
0.2651984989643097
-0.07615796476602554
-0.15902070701122284
0.06593922525644302
-0.11022326350212097
0.2877104580402374
-0.06250225007534027
-0.009091801941394806
0.12357348948717117
0.21276596188545227
0.30111613869667053
0.33730006217956543
0.35286954045295715
0.1711963266134262
0.23570559918880463
0.014997376129031181
0.2922952175140381
0.07472483068704605
0.31043678522109985
0.17075274884700775
0.43674445152282715
0.09984736144542694
0.3616501986980438
0.1760198026895523
0.3168957531452179
0.2412693053483963
0.4685646891593933
0.39558273553848267
0.3429241478443146
0.33019089698791504
0.27396681904792786
0.24208052456378937
0.13237781822681427
0.34006884694099426
0.3282093107700348
0.25385671854019165
0.4620174169540405
0.18729521334171295
0.3086141049861908
0.14762452244758606
0.2821110785007477
-0.03447461128234863
0.25754866003990173
0.34032347798347473
0.1409190446138382
0.18025422096252441
0.2281687706708908
0.2818981111049652
0.11912400275468826
0.22342227399349213
0.12434020638465881
0.26259323954582214
0.20607247948646545
0.18961548805236816
0.20285093784332275
0.149954691529274
0.1923941671848297
0.2643417418003082
0.1450686901807785
0.2337254136800766
0.28425654768943787
0.2101416140794754
0.18202391266822815
0.3525845408439636
0.09512840956449509
0.13707982003688812
0.39558306336402893
0.4425557255744934
0.31086376309394836
0.19662787020206451
0.19031333923339844
0.15814486145973206
0.3109011948108673
0.22276680171489716
0.29012221097946167
0.27226245403289795
0.41198885440826416
0.4051855504512787
-0.027783604338765144
0.4150112271308899
0.17074604332447052
0.5156821608543396
0.12600325047969818
0.22041650116443634
0.0950913280248642
0.09841246902942657
0.13707982003688812
0.199194997549057
0.18459317088127136
0.3972475230693817
0.3191807270050049
0.18879862129688263
0.28498756885528564
0.15246708691120148
0.11829018592834473
0.14666958153247833
0.06292004138231277
-0.004326940514147282
0.17360559105873108
0.09051435440778732
0.2730383574962616
0.30784669518470764
0.32942453026771545
0.5652191042900085
0.03391626104712486
-0.0012498402502387762
0.1089610606431961
-0.06437259912490845
0.23021498322486877
0.19092288613319397
0.16538116335868835
0.1854269802570343
0.31800785660743713
0.17286960780620575
0.42842960357666016
0.24852608144283295
0.29612064361572266
0.29657411575317383
0.1842883825302124
-0.025073086842894554
0.21011583507061005
0.16133321821689606
0.10957909375429153
0.2921037971973419
0.2198277860879898
0.35735613107681274
0.17735546827316284
0.12839096784591675
0.17037981748580933
0.31156301498413086
0.2607320547103882
0.11813797801733017
0.2903118431568146
0.30389586091041565
0.1091846153140068
0.13879971206188202
0.22023850679397583
0.4181186854839325
0.2804597020149231
0.001914137857966125
-0.3298433721065521
0.08039519935846329
0.264921635389328
-0.15054765343666077
0.22944402694702148
-0.004153891000896692
0.22389833629131317
0.14839230477809906
0.12668095529079437
0.24852360785007477
0.12287599593400955
0.1204850897192955
0.4624129831790924
0.21704451739788055
0.18716207146644592
0.3288276791572571
0.10983443260192871
0.31205955147743225
0.1807384043931961
0.13358351588249207
0.18684281408786774
0.1553492397069931
0.3455513119697571
0.33265456557273865
-0.13092879951000214
0.19848515093326569
0.15024074912071228
0.09971951693296432
0.2362932562828064
0.25776973366737366
0.09241966158151627
0.17295295000076294
0.16481080651283264
0.2596690356731415
0.10747671872377396
0.2282220870256424
0.23872865736484528
0.26156410574913025
0.06452057510614395
0.27529576420783997
0.33844923973083496
0.19595298171043396
0.21625979244709015
0.1262667030096054
0.1072104349732399
0.13253673911094666
0.45381489396095276
0.9181105494499207
0.2299218624830246
0.34474116563796997
0.25396689772605896
0.15884624421596527
0.12426145374774933
0.0842079371213913
0.36848461627960205
0.27601656317710876
0.1342439204454422
0.23651538789272308
0.20486466586589813
0.19470490515232086
0.3275700807571411
-0.004114690236747265
0.04134855419397354
0.12604138255119324
0.039049118757247925
0.24291644990444183
0.41987815499305725
0.35891321301460266
0.17541413009166718
0.22462725639343262
0.31363537907600403
0.12715314328670502
0.1314140409231186
0.3164956271648407
0.34005576372146606
0.1314733773469925
0.07141676545143127
0.10243109613656998
0.14587531983852386
0.06135588884353638
0.455812007188797
0.46145591139793396
0.3612920939922333
0.2666277587413788
0.2803735136985779
0.04395877569913864
0.08008300513029099
0.24711483716964722
-0.028757978230714798
0.17619286477565765
-0.0031339593697339296
0.207442045211792
0.19231928884983063
0.36816003918647766
0.19043375551700592
0.20118118822574615
0.25962382555007935
0.28001824021339417
0.2918526828289032
0.20778460800647736
0.27480944991111755
0.19191810488700867
0.28905460238456726
0.402786523103714
0.23695296049118042
0.2969583570957184
0.06808751076459885
0.3690422475337982
0.34167325496673584
0.27499979734420776
0.15814557671546936
0.22257927060127258
0.30511993169784546
0.27831563353538513
0.3421228229999542
0.19513294100761414
0.3218555748462677
0.18528994917869568
0.26649072766304016
0.16080594062805176
0.33643797039985657
0.27868011593818665
0.3842903673648834
0.24362878501415253
0.24540871381759644
0.16973422467708588
0.08579257875680923
0.09760761260986328
0.04506947100162506
0.07069702446460724
0.3901779353618622
0.3610862195491791
0.21080061793327332
0.1440194547176361
0.2105117291212082
0.3004140555858612
0.08810402452945709
0.4036913216114044
0.23211286962032318
0.02732449397444725
0.13922032713890076
-0.11716289818286896
0.08124102652072906
0.06312346458435059
0.1799059957265854
0.11528372019529343
0.16604721546173096
0.1117810606956482
0.3407818675041199
0.22403112053871155
0.291620671749115
0.2775150239467621
0.06240548565983772
0.06990770250558853
0.18735913932323456
0.17417772114276886
0.21697741746902466
0.1414579600095749
0.2872280478477478
0.2181527316570282
0.15879963338375092
0.32736772298812866
0.2793274521827698
0.2408599853515625
0.21128514409065247
0.38202694058418274
0.24237893521785736
0.28929510712623596
0.28124937415122986
0.4012276530265808
0.08448870480060577
0.15125079452991486
0.2692874073982239
0.3627859950065613
0.1714686155319214
0.16942238807678223
0.6671077609062195
0.33084776997566223
0.7568589448928833
0.16688068211078644
0.6151601076126099
0.1379464715719223
0.29379260540008545
0.06167938560247421
0.1714686155319214
0.36980825662612915
-0.04241969808936119
0.27345576882362366
0.13729700446128845
0.1311788260936737
0.25069308280944824
0.210996612906456
0.21364286541938782
0.2230747491121292
0.1868276298046112
0.338286429643631
0.4157606363296509
0.3413582444190979
0.49047520756721497
0.08835335075855255
0.2004176527261734
0.168074369430542
-0.12509915232658386
0.09863248467445374
0.272759348154068
0.2864772081375122
0.1281345784664154
0.07614807784557343
0.12902666628360748
0.16962192952632904
0.031187379732728004
0.1351180076599121
0.17776724696159363
0.05719352141022682
0.2846542000770569
0.12812821567058563
0.29462501406669617
0.1992373764514923
0.229310542345047
0.2662145495414734
0.2047407031059265
0.26343339681625366
0.19027483463287354
0.07368583232164383
0.05733266472816467
0.32166770100593567
0.1718122363090515
0.1541636735200882
0.08883718401193619
0.0479106567800045
-0.3452988266944885
0.3757237195968628
0.31028738617897034
0.3298433721065521
0.10304135829210281
-0.04472725838422775
0.20244939625263214
0.13656172156333923
0.005221853032708168
0.202048197388649
0.2813408374786377
0.09780396521091461
0.04134855419397354
0.1900244504213333
0.34379294514656067
0.4060903489589691
0.30646300315856934
0.3825782239437103
0.2953433394432068
0.4378547966480255
0.24292457103729248
0.21271757781505585
0.28996574878692627
0.37799736857414246
0.20015984773635864
0.21182477474212646
0.2636290490627289
0.02231665700674057
0.10678981989622116
0.2823074460029602
0.08567038178443909
0.15601778030395508
-0.016486307606101036
0.058302801102399826
0.1480575054883957
0.1730712652206421
0.26579391956329346
0.2449842244386673
0.23088563978672028
0.5463228225708008
0.04588986560702324
0.21331582963466644
-0.04900440201163292
0.244477778673172
0.4288865923881531
0.3113645315170288
0.2208763211965561
0.7155061364173889
0.25080785155296326
0.18404436111450195
0.3655272126197815
0.32066577672958374
0.39274999499320984
0.5428035855293274
0.2866823971271515
0.30175110697746277
0.49047520756721497
0.3917505741119385
0.36721640825271606
0.2192704975605011
0.30856290459632874
0.334535151720047
0.11064175516366959
0.21640494465827942
0.25253304839134216
0.3850807547569275
0.24333353340625763
0.2760511636734009
0.31155914068222046
0.31174206733703613
0.29175063967704773
0.25320300459861755
0.39613717794418335
0.39085036516189575
0.1801687479019165
0.2890549600124359
0.11264065653085709
0.18393664062023163
0.31484460830688477
0.2655590772628784
0.12968672811985016
0.46034592390060425
0.0007578855729661882
0.27708911895751953
0.34363824129104614
0.20572850108146667
0.15083512663841248
0.2057885378599167
0.30341699719429016
0.29829296469688416
0.14917702972888947
0.11940935999155045
0.2690112292766571
0.06361223757266998
0.5107781291007996
0.17170169949531555
0.3335000276565552
0.37580353021621704
0.31427353620529175
0.2151130735874176
0.405049592256546
0.2715306878089905
-0.0833306834101677
0.1900060772895813
0.07299716770648956
0.2760511636734009
0.1059115082025528
0.24333353340625763
0.1623241901397705
0.20371794700622559
0.32366445660591125
0.2168598175048828
0.15456698834896088
0.14429986476898193
0.2509469985961914
0.2534286677837372
0.004954509437084198
0.15167035162448883
-0.20349228382110596
0.2680336833000183
0.202048197388649
-0.17485402524471283
0.26764026284217834
0.021517451852560043
0.11999313533306122
0.018635651096701622
0.148896262049675
0.35627156496047974
-0.1335316002368927
0.16917940974235535
0.12124615162611008
0.31323593854904175
0.3160075545310974
0.2767546772956848
0.2515060603618622
0.28432998061180115
0.2771696448326111
0.0814804658293724
0.19124144315719604
0.21638798713684082
0.2585389316082001
0.24130180478096008
0.1787949502468109
0.211211696267128
0.11372627317905426
0.2055208384990692
0.21399638056755066
0.5678565502166748
0.29206812381744385
0.3099112808704376
0.31363537907600403
0.31151285767555237
0.11834033578634262
0.1290164291858673
0.27623552083969116
0.438774436712265
0.18764837086200714
-0.1290241926908493
0.2556069791316986
0.2829127609729767
0.3977896273136139
0.5103253722190857
0.37407445907592773
0.36486610770225525
0.3324836194515228
0.49754977226257324
0.20108617842197418
0.5428035855293274
0.5428035855293274
0.2844306528568268
0.2968848943710327
0.1536032110452652
0.2198101282119751
0.19305916130542755
0.0865236222743988
0.14802607893943787
0.1824212223291397
0.01583966799080372
0.2320341169834137
0.2638911008834839
0.31279873847961426
0.19906821846961975
0.2498839795589447
0.36057624220848083
0.08782467246055603
0.24422845244407654
0.17092932760715485
0.14868684113025665
0.31829676032066345
0.22297833859920502
-0.007390620652586222
-0.012898534536361694
0.10475137084722519
0.23668208718299866
0.23186813294887543
0.19323857128620148
0.25041159987449646
0.04134855419397354
0.1952551305294037
0.2497413158416748
0.1445460170507431
0.29281434416770935
0.07175509631633759
0.16709187626838684
0.281922847032547
-0.09753838926553726
0.06989499181509018
0.26764026284217834
0.16485458612442017
0.3104749321937561
0.36918139457702637
0.10790934413671494
-0.006466395687311888
0.21189047396183014
0.19199755787849426
0.12902383506298065
0.08830179274082184
0.17334425449371338
0.10637979954481125
0.12170420587062836
0.2054484486579895
0.36431023478507996
0.2645455002784729
0.24016073346138
0.3194844424724579
0.1331222802400589
0.15221351385116577
0.15604178607463837
-0.11465014517307281
0.09428082406520844
-0.06836827099323273
0.1428169310092926
0.11241109669208527
0.15117910504341125
0.14181041717529297
0.15446563065052032
0.2004014104604721
0.5034143924713135
0.16081830859184265
0.32208123803138733
0.30127009749412537
0.20908460021018982
-0.4709993898868561
0.18179012835025787
0.2643837630748749
0.05412666127085686
0.00839925091713667
0.29233548045158386
-0.04701892286539078
0.21969959139823914
0.03735959157347679
0.13713385164737701
0.2615644633769989
0.2008901834487915
0.4012276530265808
0.2805458605289459
0.26602065563201904
0.29379260540008545
0.2941531836986542
0.266157329082489
0.016577422618865967
0.5034143924713135
0.12411665171384811
0.2174743115901947
0.0876406729221344
-0.04220885783433914
0.06220347806811333
-0.19533070921897888
0.2557821571826935
0.46274635195732117
0.3079049587249756
0.24175067245960236
0.30541518330574036
0.1899227350950241
0.05176577344536781
0.20088735222816467
0.31155914068222046
0.3191690742969513
0.15158912539482117
0.25214844942092896
0.37484821677207947
0.33704328536987305
0.3156158924102783
0.19524770975112915
0.32270491123199463
0.36303815245628357
0.34375831484794617
0.5500476360321045
0.3339686691761017
0.13538604974746704
0.3392523229122162
0.08168601244688034
0.2789580523967743
0.20412549376487732
0.18874600529670715
0.03968269005417824
0.2381879687309265
0.08129611611366272
0.3066590130329132
0.193227618932724
-0.10676439106464386
0.25648775696754456
0.32798153162002563
0.2277432084083557
0.0738433450460434
0.4398300349712372
0.25717395544052124
0.9181105494499207
0.3322470188140869
0.2857973873615265
0.16384102404117584
0.20690806210041046
0.21176932752132416
0.24063362181186676
0.058791931718587875
0.15790648758411407
0.17089860141277313
0.18886396288871765
0.27331557869911194
-0.0491965226829052
0.19420835375785828
0.20901784300804138
0.1379711925983429
0.2646302580833435
0.13518474996089935
0.3029140830039978
0.22534523904323578
0.17946666479110718
0.08558986335992813
0.28987428545951843
0.23378297686576843
0.13123463094234467
0.12461072951555252
0.31446459889411926
0.07207400351762772
0.05889611318707466
0.0649542585015297
0.15934808552265167
0.08927299082279205
0.1771414577960968
0.17596788704395294
0.08494816720485687
0.12860393524169922
0.31638050079345703
0.4844181537628174
0.4425557255744934
0.3392523229122162
0.19191810488700867
-0.3224753737449646
0.2615644633769989
0.2708088457584381
0.19191810488700867
0.27649545669555664
0.1959865242242813
0.16478995978832245
0.31282415986061096
0.18512290716171265
0.27819308638572693
0.0931055024266243
0.17568641901016235
0.2673167586326599
0.2812807857990265
0.2975523769855499
0.24474336206912994
0.3455287218093872
0.23993152379989624
0.10051024705171585
0.38201600313186646
0.22832238674163818
0.17135383188724518
0.3726769983768463
0.27033737301826477
0.29010242223739624
0.07225269824266434
0.18125295639038086
-0.016996625810861588
0.24784305691719055
0.2988537847995758
0.4730396270751953
0.3392523229122162
0.3429241478443146
0.2818451523780823
0.14149081707000732
-0.002037391299381852
0.32317569851875305
0.18226371705532074
0.3128184974193573
0.2631918489933014
0.3282093107700348
0.401303231716156
0.26870256662368774
0.32709118723869324
0.012701116502285004
0.12069980800151825
0.1740911900997162
0.06389158964157104
0.23775851726531982
0.3724319040775299
0.18647657334804535
0.024563120678067207
0.10589172691106796
0.18871386349201202
0.11873658746480942
0.29964450001716614
0.22472897171974182
0.21302977204322815
0.2684917449951172
0.12449347972869873
0.204536572098732
0.07416506856679916
0.16252832114696503
0.38021770119667053
-0.0599280521273613
0.22504256665706635
0.16522929072380066
0.25055745244026184
0.2493351697921753
0.23173004388809204
0.06663071364164352
0.216600239276886
0.2020195871591568
0.29506683349609375
0.042446888983249664
-0.010469486005604267
0.06051606684923172
0.3113507628440857
0.31647124886512756
0.21561738848686218
0.23044806718826294
0.3160075545310974
0.11028365045785904
0.20025448501110077
-0.006693125702440739
0.11828100681304932
0.2620253562927246
0.3099783658981323
0.04056065157055855
0.10653095692396164
0.11936662346124649
0.05764450877904892
0.33435115218162537
0.3453454375267029
0.23452073335647583
0.08422242105007172
0.2866823971271515
0.2866823971271515
0.16889476776123047
0.349938303232193
-0.028725840151309967
0.024248452857136726
0.2810148596763611
0.31363537907600403
0.27576297521591187
0.21772930026054382
0.12329484522342682
0.1415773332118988
0.3793104290962219
0.05659455806016922
0.1393418163061142
0.08837560564279556
0.19557049870491028
-0.0286866407841444
0.11608468741178513
0.2712315618991852
0.2225181758403778
0.1801394373178482
0.20510022342205048
0.28961506485939026
0.18843381106853485
0.30069658160209656
0.2354251891374588
-0.04022938758134842
0.23369398713111877
0.20928765833377838
0.2978910505771637
0.23933644592761993
0.2685478925704956
0.38150110840797424
0.2602884769439697
0.14567402005195618
0.13565197587013245
0.3561292290687561
0.25682997703552246
0.3033767342567444
0.33278945088386536
0.48145827651023865
0.22243553400039673
0.07045581191778183
0.11099209636449814
-0.04115431755781174
0.1603584885597229
0.23118865489959717
0.09560059010982513
0.1698048710823059
-0.11320041865110397
0.1699521392583847
0.014121181331574917
0.1876734495162964
0.08079003542661667
0.2061176896095276
0.1291322559118271
0.057961296290159225
0.29937610030174255
0.11963856220245361
0.1692514568567276
0.06198098510503769
0.2504568099975586
0.21313254535198212
0.13576358556747437
0.1982336938381195
0.1446385383605957
0.2149650901556015
-0.026423931121826172
0.1071309745311737
0.18318405747413635
0.08472708612680435
0.2190384715795517
0.20281773805618286
0.2866823971271515
0.2244994044303894
0.09003016352653503
0.181015282869339
0.1064009889960289
0.1412174552679062
0.18827912211418152
-0.019093701615929604
0.07256419211626053
0.1697162240743637
0.3347809314727783
0.13411466777324677
0.2836589813232422
0.31425341963768005
0.39106401801109314
0.2483021765947342
0.3478260338306427
0.3421616852283478
0.10103045403957367
0.13640457391738892
0.1375579982995987
0.23874102532863617
0.2092089056968689
0.21503502130508423
0.21773847937583923
0.35290417075157166
0.15298905968666077
0.12106427550315857
0.32594412565231323
0.29982319474220276
0.2654280662536621
0.19439588487148285
0.12952814996242523
0.14458803832530975
0.14670278131961823
0.29379260540008545
0.2702430784702301
0.1714686155319214
0.2927423119544983
0.24128660559654236
0.21469952166080475
-0.07561833411455154
0.2681516408920288
0.10989199578762054
0.005221853032708168
0.23354282975196838
0.1376798450946808
0.11581064015626907
0.1777898520231247
0.2286073863506317
0.525840163230896
0.11386612802743912
0.19129617512226105
0.16848969459533691
0.1192161813378334
0.1324406862258911
0.17591527104377747
0.18004797399044037
0.12952814996242523
0.1759636551141739
0.41082802414894104
0.2016233503818512
0.15767693519592285
0.26519107818603516
0.125481978058815
0.18714264035224915
0.12756457924842834
0.2106102555990219
0.1895049512386322
0.40133678913116455
0.3095729351043701
0.28368300199508667
0.39671990275382996
0.12023646384477615
0.32393887639045715
0.21963036060333252
0.24042171239852905
0.14937938749790192
0.22683557868003845
0.23612938821315765
0.300888329744339
0.1394128054380417
0.2256171703338623
0.2350797951221466
0.2509703040122986
0.29200878739356995
0.3495996296405792
-0.28714999556541443
0.17088200151920319
0.2176809161901474
0.19346177577972412
0.3787994086742401
0.2116556167602539
0.12935687601566315
0.298829048871994
0.2440437525510788
0.37499725818634033
0.15452107787132263
0.29909956455230713
0.29298529028892517
0.3460443317890167
0.40392476320266724
0.35528692603111267
0.13959716260433197
0.48920735716819763
0.2104608714580536
0.19599322974681854
0.02902461588382721
-0.0645580068230629
0.09394214302301407
0.08566155284643173
0.1952551305294037
0.07402133196592331
0.25380831956863403
0.0826730951666832
0.34352558851242065
0.2733897268772125
0.34352558851242065
0.3405840992927551
0.2902832329273224
0.17834538221359253
0.11308528482913971
0.05601078271865845
0.13455046713352203
0.35011348128318787
0.1251288205385208
-0.11053474992513657
0.009591172449290752
0.11775161325931549
0.33943668007850647
0.24139255285263062
0.12106427550315857
0.13407723605632782
0.30098122358322144
0.5428035855293274
0.35316479206085205
0.07799829542636871
0.39274999499320984
0.21232062578201294
0.23064477741718292
0.09916435182094574
0.31552550196647644
0.5428035855293274
0.2121221423149109
0.19166982173919678
0.22703440487384796
0.18981467187404633
0.3155297338962555
-0.011645869351923466
-0.00749127147719264
0.017536256462335587
0.17795372009277344
0.13120496273040771
0.1311233937740326
0.2960962951183319
0.3995564877986908
0.010106083005666733
0.4261757433414459
0.16781620681285858
0.10305901616811752
0.14082933962345123
0.19451843202114105
0.0741138607263565
0.2606109380722046
0.2370447814464569
0.31834444403648376
0.07859054207801819
0.0667966976761818
0.12131219357252121
0.37198197841644287
0.2687605023384094
0.30619001388549805
0.32871291041374207
0.35710465908050537
0.3347678780555725
0.20928765833377838
0.35576513409614563
0.3656211793422699
0.12701575458049774
0.13896605372428894
0.2551231384277344
0.04954155907034874
0.20592451095581055
0.1556229442358017
0.03949834033846855
0.35897642374038696
-0.060458503663539886
0.29545000195503235
0.20273227989673615
0.18100079894065857
0.03968939930200577
-0.17691154778003693
0.039049118757247925
-0.05060563609004021
0.0094160046428442
0.2738965153694153
0.2528989315032959
0.20928765833377838
0.4805891513824463
0.2042219042778015
0.19275085628032684
0.11642690747976303
0.22349290549755096
0.1842883825302124
-0.030130719766020775
0.3095729351043701
0.4373677968978882
0.10976803302764893
0.35533392429351807
0.2208978682756424
0.23927924036979675
0.26158565282821655
0.14247754216194153
0.10200235992670059
0.2224750816822052
0.29348254203796387
0.3208087980747223
0.19996030628681183
0.18893776834011078
0.295172780752182
0.2013966143131256
0.16890111565589905
0.10632647573947906
0.10336168110370636
0.17248041927814484
0.08006640523672104
0.23400971293449402
0.13141439855098724
0.1510060578584671
0.30731484293937683
0.27437716722488403
0.19366483390331268
0.35393255949020386
0.31155914068222046
0.2969837784767151
0.15586909651756287
0.10583275556564331
0.07651571929454803
0.1407710611820221
0.3368091583251953
0.12952814996242523
0.09061147272586823
0.20040953159332275
0.24130180478096008
0.06919996440410614
0.13664542138576508
-0.028423534706234932
0.13784299790859222
0.29846352338790894
0.1397133469581604
0.39747002720832825
0.3702211081981659
0.31618836522102356
0.3115171194076538
0.09830828011035919
0.27969545125961304
0.2781994640827179
0.2602294981479645
0.11872810870409012
0.37351080775260925
0.37992456555366516
-0.104975625872612
0.2125275731086731
0.30371716618537903
0.10715534538030624
0.10781999677419662
0.10008221864700317
0.00176792882848531
0.13258017599582672
0.12832987308502197
0.28625649213790894
0.19879275560379028
0.28485584259033203
0.1575300097465515
0.6679670214653015
0.1681329905986786
0.9518764019012451
0.2552796006202698
0.15166257321834564
0.17528311908245087
0.1527142971754074
0.16719181835651398
0.11948246508836746
0.05780484527349472
0.09053589403629303
0.20454399287700653
0.26704978942871094
0.2846231162548065
0.32352638244628906
0.06435564905405045
0.12981456518173218
0.1591181755065918
0.15659625828266144
0.15022097527980804
-0.027782898396253586
0.04430593550205231
0.1616574227809906
0.18122082948684692
0.27870234847068787
0.27669110894203186
0.20504936575889587
0.42501240968704224
0.4158513844013214
0.30029433965682983
0.1345215141773224
0.18871456384658813
0.3966754078865051
0.3066138029098511
0.4282233715057373
-0.245468407869339
0.3621460497379303
0.04195458069443703
0.05773138627409935
0.3215363025665283
0.3398265838623047
0.182686448097229
0.3254334628582001
0.3976229429244995
0.20728735625743866
0.2993277311325073
0.21432693302631378
0.413400799036026
0.37042486667633057
0.10255788266658783
0.266157329082489
0.1686687469482422
0.17164625227451324
0.09985866397619247
0.03520071133971214
0.14245034754276276
0.20519840717315674
0.2562815248966217
0.4225158989429474
0.02254268154501915
0.1425972729921341
0.21450845897197723
0.035477589815855026
-0.031118160113692284
0.18232481181621552
0.1375742405653
0.14586400985717773
0.1825045645236969
0.16938918828964233
0.21188905835151672
0.12677419185638428
0.12251047044992447
0.13380353152751923
0.021084122359752655
0.12774115800857544
0.10442893207073212
-0.0009224590612575412
0.26764026284217834
0.1906460076570511
0.193193718791008
0.08530803769826889
0.192478209733963
-0.04768216237425804
0.16057249903678894
0.25264254212379456
0.17283958196640015
0.19642409682273865
0.17626561224460602
0.32056689262390137
0.3301940858364105
0.22587744891643524
0.05022881180047989
0.2603294551372528
0.0599534809589386
0.10751133412122726
0.14857664704322815
-0.09656789898872375
0.14951005578041077
0.2553509473800659
0.052857398986816406
0.15286898612976074
0.15372222661972046
0.08179407566785812
0.35677269101142883
0.04596085101366043
0.23893526196479797
0.4097946584224701
0.06491787731647491
0.08427292108535767
0.21262222528457642
0.11588197946548462
-0.008698025718331337
0.14012759923934937
0.2853905260562897
0.16759619116783142
0.1696431189775467
0.1951894462108612
0.04579486697912216
0.011702374555170536
0.06651699542999268
0.2354251891374588
0.08619941771030426
0.3637578785419464
0.3445642292499542
0.19447463750839233
0.23413260281085968
0.23828721046447754
0.1369512677192688
0.07951371371746063
0.2766250669956207
0.2930290699005127
0.24642512202262878
0.31989797949790955
0.18502084910869598
0.3614037036895752
0.2888045608997345
0.1962171345949173
0.2605628967285156
0.3100634813308716
0.39565616846084595
0.27106380462646484
0.11587420850992203
0.34660232067108154
0.4171803295612335
-0.016893502324819565
0.2626762092113495
0.3514138162136078
0.22782301902770996
0.37365666031837463
0.19191810488700867
0.24785400927066803
0.21590591967105865
0.2681339979171753
0.12339549511671066
0.25491195917129517
-0.030466577038168907
0.08515971153974533
0.12130901962518692
-0.003893610555678606
0.2953433394432068
0.35576513409614563
0.3825662434101105
0.8033527135848999
0.7387014627456665
0.28190940618515015
0.22643156349658966
0.2333213984966278
0.1900060772895813
0.17005102336406708
0.2110181599855423
0.21762794256210327
0.31545838713645935
0.2187562882900238
0.3457893431186676
0.2588426470756531
0.3461418151855469
0.14052455127239227
0.11965480446815491
0.22262094914913177
0.1728939712047577
0.3291080892086029
0.27229422330856323
0.16290055215358734
0.24265263974666595
0.12204712629318237
0.19090841710567474
0.19930800795555115
0.22359779477119446
0.18848854303359985
0.12988696992397308
0.13551177084445953
0.14427584409713745
0.2197045236825943
0.36268743872642517
0.1565418690443039
0.34645259380340576
0.2822134792804718
0.21008864045143127
0.1216660663485527
0.2758654057979584
0.17246629297733307
0.3486192524433136
0.13057103753089905
0.25687554478645325
0.2079569548368454
0.19474516808986664
0.09843471646308899
0.37582048773765564
0.4483680725097656
0.289278507232666
0.06824325025081635
0.21467868983745575
0.29798534512519836
0.07065004855394363
0.1989506185054779
0.4445129632949829
0.2207460105419159
0.1307232528924942
0.13462428748607635
0.30481868982315063
0.19165675342082977
0.16172169148921967
0.3728136718273163
0.19451525807380676
0.3140605688095093
0.16737298667430878
0.2197423130273819
0.2200968861579895
0.262961208820343
0.18981467187404633
0.38397109508514404
0.4473862946033478
-0.10304983705282211
0.19301961362361908
0.3391011655330658
0.13054808974266052
0.25422540307044983
0.05550046265125275
0.2750365436077118
0.08636434376239777
0.17759385704994202
0.1720382571220398
0.09191322326660156
0.3829900324344635
0.3495996296405792
0.12841816246509552
0.3650624752044678
0.04467110335826874
0.19215047359466553
0.15058931708335876
0.23397228121757507
0.3095729351043701
0.35685110092163086
0.28368300199508667
0.14378918707370758
0.46703481674194336
0.7897619605064392
0.3250040113925934
0.2694021761417389
0.9718215465545654
0.20407816767692566
-0.03328975290060043
0.28873780369758606
0.02017119899392128
0.08457805216312408
0.12754762172698975
0.20880313217639923
0.13037221133708954
0.22378744184970856
0.2093808948993683
0.19629059731960297
0.25736677646636963
0.2830059826374054
0.319760262966156
0.11875954270362854
0.006083921063691378
0.2512856721878052
0.2098325937986374
0.3066590130329132
0.12952002882957458
0.27483806014060974
0.1714686155319214
0.1426364630460739
0.0826730951666832
0.19071346521377563
0.02031210996210575
0.20813459157943726
0.06763087213039398
0.19382800161838531
0.37841305136680603
0.14380189776420593
0.1492723822593689
0.21683120727539062
0.041596829891204834
0.1492144614458084
0.08371563255786896
0.11398055404424667
0.3285995423793793
0.1790608912706375
0.3964504301548004
0.17555858194828033
0.38008809089660645
0.2627284824848175
0.20045261085033417
0.1833348572254181
0.24434322118759155
0.09810733795166016
0.29011866450309753
0.15926404297351837
0.4532124102115631
0.08626651763916016
0.18497316539287567
0.3320552408695221
0.236891508102417
0.25129804015159607
0.375190794467926
0.2071351408958435
0.0996503010392189
0.20974183082580566
0.09389057755470276
0.4124296009540558
0.15549509227275848
0.2562631368637085
0.3066346347332001
0.36122748255729675
0.19447888433933258
0.1658010631799698
0.1978498101234436
0.242327019572258
0.1985335350036621
0.12835600972175598
0.1863420307636261
0.3454570174217224
0.40933942794799805
0.3968067765235901
0.13739024102687836
0.3007619082927704
0.17126376926898956
0.3683253228664398
0.19327636063098907
0.20474106073379517
0.07732198387384415
-0.026658078655600548
0.22001531720161438
0.2650812566280365
0.2923351228237152
0.19913849234580994
0.026402035728096962
0.12395596504211426
0.14562174677848816
0.09758783131837845
0.10515820980072021
0.24587348103523254
0.2997642159461975
0.19597628712654114
0.3495996296405792
0.6679670214653015
0.17242002487182617
0.2712315618991852
0.13536027073860168
0.26848679780960083
0.09927276521921158
0.13510388135910034
0.4546052813529968
0.027640221640467644
0.25041159987449646
0.273439884185791
0.21554110944271088
0.2652832567691803
0.3011115491390228
0.18848536908626556
0.24995391070842743
0.290933758020401
0.3160075545310974
0.013128089718520641
0.3581991195678711
0.21582680940628052
0.10176185518503189
0.1178794577717781
0.2396581768989563
0.3451254069805145
0.23044806718826294
-0.2613508105278015
0.2728179693222046
0.23935623466968536
0.05369439348578453
0.3334202170372009
0.3155311346054077
0.1708202064037323
0.2954062223434448
0.3161488175392151
0.13565197587013245
0.3230859935283661
0.34006884694099426
0.5325170159339905
0.09019050002098083
0.27873483300209045
0.23763173818588257
0.2417319416999817
-0.022981662303209305
0.17659087479114532
-0.11083882302045822
0.15007935464382172
0.04046105965971947
0.04615155979990959
0.009182211011648178
0.05219981074333191
0.05482203885912895
0.0949232280254364
0.12135422229766846
0.1633010357618332
0.09072589874267578
0.4270978271961212
0.18785709142684937
0.12453338503837585
0.2025136649608612
0.49436143040657043
0.21995244920253754
0.9174441695213318
0.36821797490119934
0.10315966606140137
0.2618582844734192
0.2745823562145233
0.049999963492155075
0.08365630358457565
0.02340792864561081
0.06451492011547089
0.12208420783281326
0.40424931049346924
0.0370311513543129
0.3317299783229828
0.16982464492321014
0.15257303416728973
-0.019792962819337845
0.10095099359750748
0.23722101747989655
0.23458077013492584
0.11621218174695969
0.1993429809808731
0.2048032134771347
0.03567960113286972
0.2177017480134964
0.11019536107778549
0.11331448704004288
0.07991490513086319
0.05882548168301582
0.24337062239646912
0.41138777136802673
0.3685389757156372
0.24878282845020294
0.05323528125882149
0.14155544340610504
0.10028493404388428
0.048354584723711014
0.09610455483198166
0.3066590130329132
0.026667965576052666
0.15455180406570435
0.3066590130329132
-0.014740274287760258
0.2003961056470871
0.3429241478443146
0.2853439152240753
0.31086376309394836
0.35482677817344666
0.17340251803398132
0.25501683354377747
0.1845242977142334
0.31497880816459656
0.18127308785915375
0.2372838705778122
0.21264375746250153
0.3389267027378082
0.14664556086063385
0.2915959358215332
0.23216161131858826
0.06003188341856003
0.21211755275726318
0.21138297021389008
0.33767616748809814
0.45858892798423767
-0.014898491092026234
0.0909339115023613
0.09366808831691742
0.24458831548690796
0.14255382120609283
0.3438466191291809
0.136528879404068
0.34429407119750977
0.271365761756897
0.20462557673454285
0.31189003586769104
0.18426012992858887
0.19289353489875793
0.21828553080558777
0.29186680912971497
0.2132836878299713
0.1006578728556633
0.2941531836986542
0.20540359616279602
0.3279617428779602
0.32252198457717896
0.26764026284217834
0.27815142273902893
0.28340718150138855
0.3318168520927429
0.35570579767227173
0.23205460608005524
0.16081230342388153
-0.0942525714635849
0.11775444447994232
0.17941828072071075
0.3258611261844635
0.13453634083271027
0.2603979706764221
0.12047837674617767
0.17368964850902557
0.1698027402162552
0.1766180694103241
0.2866823971271515
0.22160030901432037
0.2905389368534088
0.39274999499320984
0.2866823971271515
0.13205714523792267
0.07098167389631271
0.20636595785617828
0.2224920392036438
0.08251947164535522
0.27873483300209045
0.18155527114868164
0.1481083631515503
0.09042923897504807
0.039049118757247925
0.15621519088745117
-0.017471982166171074
0.09901990741491318
0.2918756604194641
0.2290036380290985
0.26102131605148315
-0.0007494096644222736
0.24066999554634094
0.13607366383075714
0.06899513304233551
0.052824199199676514
0.23488695919513702
0.21767279505729675
0.3026481568813324
0.07391609251499176
0.4186028838157654
0.3502282500267029
0.06779791414737701
