0.8073996997264736
0.05277985179545594
0.8186275234531801
0.034653026775289725
0.6819611430175051
0.6765796028864488
0.8305678801626716
0.7892400622338123
0.03075155408557922
0.8267732943971079
0.7808739027639111
0.7918171660984147
0.8515281554867593
0.8298116097737537
0.8253774205426793
0.9060494702348769
0.8333649272356481
0.840852068408657
0.914350334965617
0.8596573323459472
0.8450411692595174
0.9011581179804846
0.8420854248316042
0.8594855281481774
0.8535479525276752
0.8422228806630834
0.06376620216573162
0.6483962459497247
0.828179534741732
0.05281462994261972
0.03880881052675729
0.6139607075920109
0.8561874254725137
0.8856531359873198
0.8168458328620657
0.8286826624421088
0.8809844996426838
0.860266480012721
0.8127655576689763
0.8500985966474821
0.7626787373323454
0.6458905916358492
0.8454785403481581
0.9613002061232802
0.8550225255562555
0.6566661294138284
0.8914312271761973
0.8361867658312535
0.8015918989682197
0.7172415920209555
0.8743017532687996
0.8581216352304345
0.6381107615625111
0.883303617190073
0.8418707606425339
0.8199388625275296
0.8388710216752908
0.9142863227133599
0.84257690803156
0.04732492350889774
0.8682834189455183
0.7288246278956372
0.6713122724194553
0.87439923317429
0.8258980542111466
0.7877226876364848
0.8460775454436794
0.08144465250938585
0.631950007793159
0.8804588378369737
0.8874344213220334
0.8255794638977648
0.8345226708599432
0.8803907100956827
0.013152660258546481
0.744146213202206
0.8513595964334653
0.864048758713998
0.8942590021207936
0.8306332412513757
0.8106559037484294
0.8515641763138267
0.8684680841350668
0.7384322377519997
0.8652223454362844
0.8790577505061901
0.8283949557041133
0.6113925420608071
0.8184233666002906
0.8133729429403113
0.8651040462318097
0.741621797739885
0.826144144093372
0.9249549865163347
0.6213272761926605
0.05271895416006253
0.8631476270792547
0.8708431746609674
0.8679296888581968
0.04514540837614452
0.8492845426633119
0.8586412463928207
0.8216835155186906
0.874375108995624
0.8914018045458384
0.8466297101970042
0.8138383628950331
0.8020728991740499
0.9058771532943962
0.8496441672552193
0.8094636239845034
0.03270486827214719
0.7698489158111402
0.06516398854744614
0.8759828138106641
0.805698522089045
0.7645889636294165
0.8763842917996829
0.9121234285554845
0.8610503877127748
0.8927463800679339
0.9025083867735584
0.837767343349364
0.8383342596190528
0.8993253557223676
0.7917496985744089
0.7159566603363169
0.8563821604344959
0.8529350475201628
0.8552153904430428
0.7363879676893007
0.8662710867045995
0.8857448657428643
0.8973634068260046
0.8781471104649109
0.7681508241205741
0.8790577505061901
0.8944667888430137
0.8102622153391954
0.8643202545128079
0.023497613743212298
0.9031269938880878
0.8039959786015515
0.863742001605869
0.8465944661512572
0.8702634338944343
0.8914789558110737
0.732298952995487
0.9091707401747385
0.8565952843120773
0.8177371040109462
0.8969013607571446
0.8842636453779877
0.8417439334025826
0.8795464026698961
0.8064131896030158
0.8382862935562735
0.8760368597185955
0.8740809714486235
0.9274340515999228
0.8924969799912155
0.8443605832548661
0.9287151971437356
0.8802459107001869
0.6894121116474076
0.9281503508423087
0.05471840433922533
0.854185968990982
0.06479426312553184
0.08475167388201123
0.029003446699331657
0.06675651007022042
0.8858098054115181
0.8475887698792951
0.7566854611239687
0.8680034544372596
0.8675765305780561
0.7833191917856008
0.8093548007913351
0.830679422277694
0.7773762788887199
0.874656857475117
0.876766266253624
0.8043896978120414
0.7979434108158245
0.7437672441044558
0.8379961224017966
0.7983501357161024
0.0448656391318032
0.8501045823429506
0.8348793616165144
0.8042576104709598
0.04139616206539519
0.8974137543217134
0.8876496469055917
0.8305630108804415
0.7557891426344181
0.7969184151120762
0.6691552278128365
0.854785316137804
0.050125330528453985
0.8631562812395555
0.07107414050319397
0.7955050753227664
0.8889952804233201
0.8853191974719877
0.8566805415266274
0.8809244682342833
0.795418830594735
0.8814727433023403
0.8812073367305278
0.8336134129069739
0.9021277114367802
0.6248808613119015
0.06237905345911389
0.8281958304409557
0.04068535211205025
0.8740803877325424
0.7414262813330739
0.024498869076462676
0.8600655587470893
0.7830440299478958
0.8021704593583401
0.7341603206684794
0.6243127333874983
0.8342171760916003
0.8603608929286547
0.7667276936418773
0.8349148468554843
0.0348520190954822
0.7059484051249661
0.043152302667058995
0.7536826152644212
0.026237279007716777
0.8127641911294115
0.8733968240047418
0.044513697609925774
0.8683306210546146
0.8978419905433977
0.8930402725980201
0.06347873081567086
0.8697898018171384
0.8144948842614109
0.8177147243493759
0.8673245575101772
0.8128620238320173
0.05696518113100996
0.8238655270163654
0.7159719262080303
0.7442507339799486
0.04353247841078991
0.8809080783520348
0.07277778439530556
0.8420287459888954
0.054659231117747176
0.8162818981584136
0.05241876932321329
0.8446063414297025
0.6811011775539517
0.04301866904143791
0.8664203570062395
0.8857311457253905
0.8302842051106258
0.019214635897849303
0.7957206765554828
0.8948381437701345
0.8103043660353401
0.6404172508338026
0.8961368480401485
0.8332269062202485
0.7181021774820883
0.9097174640534614
0.8335193042007137
0.9130717989485622
0.8568191652943281
0.7733511094795568
0.000757934010766386
0.9095131332371927
0.05533066687695148
0.8769098478663592
0.8310891832285543
0.8543610552505467
0.8837006333618229
0.8475884585962131
0.8790463510319563
0.7358714634011004
0.04781812654008112
0.8824239505221114
0.8647568195922175
0.0648579244337187
0.7840649431819415
0.8874692028098564
0.8875701086381306
0.8700258420306755
0.07381974765613541
0.8665113704411285
0.8709262498735759
0.8913634832449944
0.8502055457143702
0.765349614351844
0.7449231045804722
0.07330411190100691
0.04381201263256651
0.7955147378890451
0.04007623250388808
0.8648252874178313
0.8394272667782442
0.8023130233630004
0.8082470145953814
0.05323919233969609
0.08090600800853347
0.05021484851480552
0.9442895335900447
0.8347311404015902
0.8954852464048864
0.8859536940669095
0.8146505099367374
0.7824116862790899
0.5773320426228429
0.8024516579818868
0.08899819286633315
0.9024209794423319
0.8185299740103466
0.07952517323271806
0.8355477731255754
0.8709274895586755
0.8634279080751374
0.59414844150614
0.8721130909418554
0.8683939922893859
0.03134914255817807
0.8038193275749295
0.09427007775256158
0.576637854594016
0.8902436967200416
0.7031512812914379
0.8756000077459062
0.8931314626410563
0.803770899021247
0.8873695316131032
0.8017537201432935
0.8934549666545836
0.6189307515898647
0.8473135999147514
0.905010507851076
0.8859582342346843
0.7814892346441801
0.7879269889929096
0.8465317546383011
0.8807628239420439
0.7584046795492942
0.8649667694032018
0.8453834760111992
0.8505605728746025
0.8453834760111992
0.805985671609311
0.8078760825215412
0.797685565659125
0.679937776058337
0.0874771793524772
0.826367608996713
0.8118968413524816
0.7091845281352228
0.9020629298190496
0.9048661426075701
0.0647111804749806
0.8196135152882406
0.04212262047575736
0.8521240834001234
0.8089212067985055
0.8701544187459863
0.8419220095370902
0.7803420865975756
0.8920195794965404
0.8918629772006308
0.8865111323981845
0.6129649766004917
0.9028891672934108
0.7731632258239405
0.7432774321872183
0.8264285100601707
0.7806989101948638
0.8853968563293148
0.853279019983518
0.040299084895402945
0.8884518264766739
0.8667843810554849
0.860902994329808
0.8673830160081634
0.06636005045278164
0.8820801542807508
0.06540216880822167
0.036334362746439516
0.9030736849881926
0.8913148351950104
0.022691121464313256
0.06481029244997735
0.01884739408242365
0.7874367091359878
0.7743513648005156
0.8473548386068858
0.029964236689666975
0.8773653895524784
0.0018440112142510848
0.860274177355022
0.0557448398298381
0.7552174330066025
0.9040507894762857
0.8952231460464692
0.9189325975121039
0.7300534614327839
0.8228317285000053
0.777752050496061
0.055939804982842074
0.8668690880889489
0.8167744658570028
0.82605674248273
0.8446262691712821
0.6228025717203686
0.05081109831249999
0.8621347936128618
0.05665557018069223
0.05665557018069223
0.8556820169119183
0.06271505423718751
0.840844683623436
0.8528082187750039
0.8796716706371811
0.9082984134112537
0.0628184174671772
0.7901381032985946
0.8191827933646291
0.00886982146509215
0.8806672590920834
0.723348208937323
0.9057100521805611
0.7230879035616318
0.924242892672625
0.9159323344070207
0.07210643650550749
0.8736761212688529
0.9090037797939139
0.8817007580610633
0.8823428100369655
0.87150350549062
0.8766117401416365
0.8743430094162804
0.8358511596996624
0.9083341173266736
0.8183525654995252
0.9183637905555999
0.8344576805318576
0.846658705774539
0.6741983432258211
0.7406577957379465
0.8806588789595575
0.8665138130686224
0.8743307645851733
0.810077023097879
0.8616479757114024
0.8667569030277746
0.9048756884569709
0.8307879985281071
0.8651700487010033
0.03869973253297107
0.8754899416353079
0.8488046026144858
0.0356614563650071
0.8473707690184817
0.8400107185011931
0.12044249916155131
0.8312932693277191
0.10448784217501979
0.03277523187864981
0.05566276834416436
0.8347400959545119
0.7400718704276474
0.867872012257642
0.9440870720652773
0.8473463643354079
0.01946085320384017
0.845936255162073
0.8848617439264396
0.881878038260342
0.9083424035858655
0.8944039520863953
0.9033890502708792
0.8583056115752286
0.008951766518832227
0.8680846458150385
0.653997763423917
0.7083935990268865
0.8247566768525437
0.08857909233960966
0.8713561791677801
0.6580300033582819
0.6887899285197087
0.8858452598734119
0.6030300745998948
0.8379570881100656
0.6332523524311242
0.8812693918726697
0.7807270219126495
0.8005864508566238
0.8346256939200826
0.7571474376159136
0.8344599201784927
0.8571203526452555
0.8773620029029281
0.041429110404720325
0.8905054961774936
0.7984921190506763
0.7826384401909506
0.8681794011049146
0.8486443172553548
0.6902720177601998
0.8455293471237008
0.07159972057086819
0.8473463643354079
0.8654944715431956
0.07728552410382974
0.7165317001736996
0.02176624978321699
0.8812266367396574
0.8184075992567175
0.8931204833214047
0.858741233196468
0.8331980341844805
0.07368896442007486
0.895652142452497
0.047642421727431765
0.9034227205698447
0.8683541004229318
0.9112404302171256
0.7351022484837777
0.7977606481409435
0.8437897444305391
0.9132108476048896
0.8434183991991855
0.875585328834047
0.8219325434478878
0.04750328196629364
0.03129665323504429
0.7403652276103759
0.8880715485724423
0.8685206437484668
0.868288672511617
0.8940144326900749
0.8528020717472872
0.795922889804737
0.8166233410364573
0.7802160614928754
0.8880602961419666
0.03516636861475218
0.8099627488364212
0.07212570132313958
0.8818785372251875
0.798597076161958
0.7611320845108909
0.7912537077099062
0.681992379893779
0.857525431883503
0.060899854938414814
0.9039144734148864
0.8901383182906619
0.8377840183717387
0.07087521562720156
0.8509480014546564
0.8597661057375984
0.8469664844422747
0.04744763813458006
0.07059760697342826
0.8258064012300991
0.7655990922665104
0.8987761148179026
0.8960503933022617
0.838112687956503
0.5915496876000055
0.6786607422572288
0.906949684279812
0.8506074378128371
0.685398774221713
0.8652183346513703
0.8792880395047883
0.8161865611413861
0.8167162372150728
0.7917956930789725
0.8178868436138036
0.8488575676123343
0.8572518598483615
0.845998514106758
0.6965286150232477
0.015391141756139353
0.6607744835192934
0.8524236400601641
0.8356409296254385
0.8654962745243046
0.023522254084825223
0.8224643479242142
0.86329662183828
0.861496438216418
0.7886671867438583
0.838614231812107
0.8644998209115085
0.7295040753620277
0.8278511574950762
0.8942955377473074
0.9075819359118387
0.00775665572627343
0.8432354740676871
0.835658403514373
0.7954298970817457
0.7001256584408095
0.811630920339644
0.052470946856113934
0.03495699825872846
0.8009062973953364
0.8835478185442497
0.807342920173947
0.8474788951930753
0.826039480468164
0.8794831737880511
0.03956212916494643
0.8920030581681858
0.8426374773129476
0.5904496854140592
0.8459271809489795
0.7403748066004958
0.8883690322997103
0.053186073119913725
0.058060577546325945
0.7479362969205374
0.08917499513822366
0.8551352369232232
0.04272154870272852
0.810265564340325
0.8451495195581065
0.8845160889146194
0.9359934859254215
0.9588780396632903
0.8573229290967042
0.8347381918548312
0.013730397062985329
0.6679388536848444
0.8457478714297474
0.8228994699832827
0.8363526052016306
0.7547605789665972
0.04848900628574734
0.8861442334340842
0.8456632672683567
0.8165555342857866
0.8733890140903727
0.7000161919704723
0.895550950743929
0.6705847689260352
0.8801465964105643
0.8894452474486104
0.8782053942225727
0.8175047669625817
0.876384740774391
0.8453166150376853
0.0
0.6306105492724543
0.8988981505654978
0.8986397213394072
0.8350054289317996
0.7906912290720894
0.8512646716461767
0.792586891845145
0.05621690238480765
0.05621690238480765
0.8592901730883091
0.0685800071158695
0.10953085109540457
0.8860647666464102
0.6580774841682553
0.06336698510839213
0.04890303246041254
0.903593572698573
0.8458924654872488
0.9167080720160041
0.07331502971376799
0.8647877145870344
0.8796363198196748
0.8048046367007564
0.8622840309101201
0.7685782208853983
0.6663979861890226
0.9199646011589179
0.7735617196583117
0.8422989744668098
0.058694799990120984
0.9028172310570768
0.8954272676809051
0.8493436203842715
0.6429304510528809
0.897147684982523
0.8324695275575281
0.858005600963595
0.8479791888357849
0.8389232232284993
0.8699916187039075
0.9412857414709491
0.8628411039024213
0.8711674794870471
0.8482508888953205
0.8598811169821244
0.7328805021990364
0.8192564488565403
0.04944370195310523
0.05286140250429875
0.8057497932792073
0.809562020334346
0.6466423042480094
0.7008424008854546
0.027661476729372917
0.9143784281771982
0.8857090241614738
0.8705934113985389
0.8900491374565546
0.894999680583429
0.016489063051271333
0.9044761941037238
0.027959079581672337
0.8691322401552073
0.8264988464875044
0.8422206525011684
0.8845882196144925
0.06084791937388775
0.8163874385471022
0.9009108864138139
0.8400092973556241
0.05621690238480765
0.6966564351439678
0.8202609921948733
0.89249525380292
0.8888278608513096
0.8792540028645683
0.7023591551896423
0.06562409376842959
0.8576159003664962
0.07470656676926099
0.6597222672461546
0.7448033764607215
0.8252483594443737
0.8869788821902774
0.6621153914145186
0.8632878182695838
0.8386421637167659
0.9011715596876952
0.82657738941082
0.8976041855662763
0.03205334504876195
0.6782186911169309
0.9105021617811019
0.8007205650706009
0.8750005815358959
0.6618569640486662
0.8862456241809402
0.09106209190514176
0.015065216130616576
0.7915925266636626
0.8342710861522232
0.8561280548659262
0.8946842740777865
0.8428767362555242
0.6777018760636582
0.9501365992504951
0.9136079328351079
0.9552357558314685
0.7513253908383186
0.0930403921812837
0.7966092885938979
0.8408924707334986
0.8018466519614388
0.8428767362555242
0.8272888870272491
0.04744638631168712
0.06296944733584557
0.8586116714089748
0.8681763472965193
0.8187449176485314
0.7719099791758216
0.721741802401533
0.07416497163361467
0.8612546659225176
0.8805023120980808
0.8444176952012262
0.8663359055758634
0.07356154288291224
0.06455773416060061
0.8280833923992234
0.8624831073432796
0.861256064236621
0.8170492952458585
0.8950744461155811
0.8163182702810343
0.6148175554525469
0.7921544611035393
0.7206715480596539
0.8263625636559465
0.8811875197374612
0.8789840249016762
0.8714137482703868
0.7761000945337472
0.688677319669636
0.9074044693649485
0.9115300285338036
0.8673647874122223
0.8400330719386674
0.8349172910449469
0.8299620122288123
0.7884357326939904
0.870508727490951
0.07853378130684753
0.8563812426990458
0.05442643484676406
0.7594626417231317
0.7830473800899076
0.854067541845605
0.8761836694997741
0.07728552410382974
0.8390458058500171
0.858587882176636
0.8745853925524459
0.9006094012729714
0.7798714358263564
0.7424477901164789
0.8261092831262787
0.8639024159181349
0.8411473197250879
0.06298889306337933
0.8657936575056732
0.895550950743929
0.07104750080762672
0.9200634198524448
0.9000823594305444
0.8295878033482128
0.8762983228310707
0.023522254084825223
0.028951198596773406
0.8409979490122671
0.9080286770019537
0.830006194178282
0.06399143567891072
0.8644407334371926
0.8899827053290886
0.813006392671033
0.06858628701904781
0.03784236795469402
0.8468283276481549
0.8752364578149677
0.8044115287490726
0.796726739748075
0.7970705421678168
0.8685774735461536
0.7830509218946335
0.8543196615193052
0.8086154946703558
0.869227726582979
0.8500571605798696
0.825361059654853
0.8086799022120683
0.023522254084825223
0.8520396959498314
0.025362951133557556
0.8577419262528362
0.6870498943091443
0.9329645982482512
0.8925159708176046
0.7547301458325086
0.7468335677258205
0.9017356679620782
0.8165258743654478
0.06858628701904781
0.8107895470982296
0.8644177601795476
0.07356154288291224
0.017034636007509485
0.9064197548506139
0.886669354552201
0.8601865274139198
0.8361678313930713
0.9110662629272077
0.90127535205548
0.8436026997575728
0.056133138019896354
0.8369303830728911
0.8452995540217462
0.04565770489158725
0.7744803516021227
0.9002531787924155
0.7892874359490661
0.8765559674569621
0.9187652908549427
0.6341882814700298
0.8954272676809051
0.7330915995459077
0.06182551061787993
0.0586219628473554
0.04328693015484302
0.7622310743904777
0.9310077526040177
0.04735614903300995
0.8108025270136578
0.8984871566952283
0.8172441692844502
0.72705303524218
0.8964865713846157
0.047637986720277574
0.08701223851446288
0.8303534884178242
0.8280781425101852
0.8640960486651441
0.8837407593882708
0.8668490839102254
0.8207067309696594
0.8869924329478763
0.8679848694529985
0.8881572073596283
0.81862260556899
0.87817777604068
0.8401470582221567
0.7935500459574193
0.8200750665896965
0.8475756486432771
0.8452995540217462
0.08371140826815576
0.8369303830728911
0.8861975303560172
0.8585325132236258
0.8312317735243686
0.7235408821292535
0.8678591822931592
0.8273856370865285
0.8709513255518676
0.8737126963802632
0.8184080992367915
0.8930420324540957
0.05322015696404286
0.846417969844077
0.8411473197250879
0.05860793573392888
0.9104777773444386
0.8897316347150412
0.7640850514502675
0.06329915455559748
0.879833621296616
0.07450502871579333
0.034225472460455084
0.06059352734519116
0.8555020394556555
0.837894518243247
0.8785947610598281
0.8788278598490774
0.8736031681512951
0.8729281166226346
0.8172820704913223
0.851443733093903
0.0499630614915588
0.8501551357311137
0.8512628876328733
0.8759241141483525
0.8381356874255965
0.8850466338740031
0.8604767579209593
0.828858831791174
0.8684034446634457
0.060596913037732854
0.7548944071192815
0.8916846820562002
0.0
0.8385333385850519
0.0
0.7969048261807632
0.7680028586543052
0.8589280144976268
0.825962109543321
0.7966253092510117
0.6628782891855423
0.8176702659439853
0.9075501373415326
0.8700487890476333
0.8459558609018857
0.8537114516990673
0.8565345517515246
0.9023868182570257
0.8511791226074529
0.06858628701904781
0.06858628701904781
0.8794059270040583
0.04712214767628146
0.8218230110546496
0.834721119274067
0.8588979043366073
0.8664769368250983
0.038406550950367505
0.8121976193636049
0.04450553323058538
0.9018367946598683
0.8335356340690463
0.7403361893233719
0.8502252877027664
0.865843350924986
0.6825318492703274
0.743834494353834
0.8570334612700391
0.8119792699080968
0.8714482477685324
0.8981965803374835
0.8629286964673881
0.7985563131136098
0.9271619134820465
0.07059760697342826
0.9021627647167952
0.8269129895350132
0.8696127787336563
0.06329915455559748
0.895550950743929
0.04641449244937032
0.6870662440296004
0.888037426221223
0.836806184989664
0.0629129787234154
0.7949705272406696
0.9187808437640234
0.06329915455559748
0.6264394239690056
0.9104777773444386
0.8851509573634221
0.8638142113213108
0.8737369009354569
0.8808120292901795
0.05455057736825528
0.8744948626127639
0.8280485216093523
0.9034450850186881
0.8357973666751582
0.8324514956798127
0.8442932785746978
0.8580646836661596
0.8925321682988112
0.030340831528833493
0.678215072137944
0.6142879002008365
0.8943176619329598
0.0300344872621423
0.8935318718030771
0.7431993906115557
0.7987224438101914
0.5988106366876332
0.8030077333867813
0.6701841952637976
0.86931817211914
0.858438589828509
0.8665626042096983
0.8707124806763185
0.9286290803823282
0.9422589624681889
0.8463942519040885
0.8991081267484408
0.8431817917851913
0.7740696392766446
0.6847938775558572
0.6845066759902582
0.05049504297771616
0.821879013637692
0.7998697602406757
0.6760238448915012
0.5943169761664354
0.8923796818610767
0.7834437823135485
0.8031903692961383
0.813249649140911
0.8738234313696192
0.015065216130616576
0.6252043102536768
0.6252043102536768
0.8408924707334986
0.8356306382276615
0.7890432001852351
0.006529395921596382
0.9422589624681889
0.7712107388783858
0.022686560979310225
0.807445118038601
0.835912638616518
0.07083464771159159
0.8945611904914686
0.9162513517555613
0.8940268610402915
0.7410413428533359
0.887436255914675
0.8244749207179988
0.868701153141308
0.808994033324471
0.6803245416569174
0.04565770489158725
0.033220520296944306
0.8165111115647459
0.8500868796148722
0.03967954905882757
0.8596375693443334
0.9107698207981583
0.8954504152596929
0.8655661223667779
0.7667561490890866
0.8059598970722499
0.9335394727878844
0.8281426437613012
0.8479979577115863
0.8083619184365917
0.828134979174996
0.8084339951596151
0.8319213334044614
0.010131693162015006
0.7701547119213781
0.8931503303379162
0.8994267023839825
0.0036597332190526303
0.8290601546851936
1.0
0.8056504931237468
0.6608627095998858
0.6556530076660483
0.8383307820988176
0.9437173749568418
0.8406835567617634
0.9588780396632903
0.8753395542504478
0.8518624921052738
0.8563204583865004
0.8780912888647935
0.9104605719241424
0.8515480676364936
0.9037543219937789
0.8924653549843758
0.7831867642621311
0.8682575547530496
0.05641337982366552
0.7282933354446641
0.8966084474646903
0.6812858981029568
0.873543128244534
0.8644441989700314
0.7674885813729518
0.9010109485472924
0.8403465754942243
0.678665289090246
0.8442836663249336
0.8936865100208272
0.6092077274595772
0.6645381374961357
0.9021891735454688
0.9353940759653141
0.8554576512778547
0.878218136224416
0.8489933746554976
0.8043409714862301
0.8417147429258015
0.8606899524470532
0.07322380112922233
0.8147796031205576
0.7001219434892832
0.8710064879601032
0.9014873633443321
0.8654944715431956
0.8083619184365917
0.9028172310570768
0.6558860642750798
0.813249649140911
0.8377884304045436
0.9028172310570768
0.8215522213774278
0.8917163651044899
0.8798038782377348
0.9110816081415029
0.7880562687747147
0.6358340207560131
0.8168527704481501
0.9003592044664277
0.06516536706361836
0.7894177772783199
0.8841555590984875
0.8828219904947144
0.030775460089716
0.8816311309585413
0.048797836232055636
0.8454166518335832
0.06693573985131702
0.8637056015069065
0.8383221551797323
0.06276354304136678
0.8851301077064122
0.8224481717331953
0.8867596145509921
0.7702303887242942
0.8753058744167066
0.5898882882662341
0.8409469525408386
0.8083619184365917
0.01946085320384017
0.8888601080279779
0.6758022251964947
0.7844825675044853
0.9007841224807539
0.7563098399172091
0.9086496839445939
0.9143414858035482
0.9033890502708792
0.8959371671300955
0.8407029468455782
0.9092809268186393
0.8937724350755423
0.8741559607835159
0.8620046944848537
0.7250174274156063
0.9160831974395777
0.8875532187629069
0.8918023275663118
0.8982159013156709
0.82677386594893
0.8801091316921366
0.8360025483845093
0.8956793525981404
0.8820046310759714
0.9066012222112706
0.08926234726954443
0.8819469915498714
0.7549740575700651
0.8747008024475452
0.7901976342821841
0.9083336286506057
0.04890303246041254
0.9151267437899074
0.8305686506706225
0.8945124853619176
0.9051209338558491
0.8852105756994341
0.9263591774211906
0.8908043684043035
0.8894056020643517
0.8438683145254887
0.8604705772405071
0.7250020944255093
0.07125679528660502
0.8909509308681445
0.8360172636271221
0.8785645681428732
0.8737081068245959
0.8785947610598281
0.05029112454965084
0.899546931858792
0.07030976870769289
0.8815956458666782
0.9053640403449384
0.9139515633517892
0.04641449244937032
0.8450605864366213
0.8418785534553098
0.8184265643105318
0.6684887483312665
0.04461706041706467
0.8967956462031532
0.8358923806289502
0.8107895470982296
0.8107895470982296
0.8709035607992424
0.7988674000808106
0.7629751386242626
0.8045819869310921
0.8955439097740273
0.0
0.770694957927792
0.8279283711308235
0.07149389294166765
0.806015900351634
0.8272888870272491
0.8671680174542615
0.7819916448784565
0.8467934726832612
0.8706073577087213
0.8307967297646677
0.7561748128109164
0.8437112906218222
0.7490543979471838
0.8530644933749808
0.8972738270952269
0.9065301114162587
0.8968413540863747
0.9100790309158179
0.9240746501541129
0.8517925181390622
0.823960149556868
0.7525515442887918
0.8149675280796085
0.8708242478119556
0.8701375198513525
0.7029251127066901
0.853402897796216
0.05465284151878213
0.8955738764857529
0.9166081719994376
0.8632824289487908
0.8963391575287885
0.9253811007810858
0.8564831451968646
0.06148676498036428
0.841373964898824
0.04048589612986881
0.8341337809433294
0.8708786658781441
0.8082969201754817
0.8007822191224392
0.8457867432649695
0.5879509427567552
0.8837262082132817
0.7897642065141931
0.8093376645733769
0.818097774415281
0.8288710202765815
0.8751782023502089
0.8397839482674052
0.6400975832767594
0.6177567671397279
0.8549276860410835
0.8203797357886412
0.6722648211971209
0.6309186276164103
0.786491668496882
0.8251221310277793
0.8639707325567174
0.05438985328589416
0.7989372510394827
0.8040367045244274
0.7077754640283076
0.06858628701904781
0.8771162391757367
0.8268040403495623
0.8107895470982296
0.8705362044304845
0.8749135918462404
0.8686589869827772
0.8264908698144942
0.7574727608971037
0.6427483749257623
0.8965966660091226
0.7777171508820382
0.8182787024720821
0.07584660815926533
0.6649526702192234
0.7896187710473667
0.7631691593341673
0.06290643531785871
0.883473735957672
0.03430858975444835
0.8893130366332281
0.6701034477405995
0.800850388835236
0.8962097440205348
0.8111937569381952
0.8427060478152711
0.8340109218817453
0.9072733141230739
0.027308685438170943
0.864734349852778
0.8562125484250416
0.9199803119367077
0.8568291090397875
0.8849042681615208
0.026214067014006175
0.8572020799593905
0.8667175370546502
0.8940750697919783
0.8408924707334986
0.8227713134670543
0.8428767362555242
0.628009394770731
0.8140429578189456
0.8865508087724087
0.6752599507722228
0.8417149721067605
0.6011807143711413
0.8639024159181349
0.8589714793626817
0.8762880014275489
0.8325225264477341
0.8289713348445409
0.8114655389748244
0.753974309584287
0.7982159711539444
0.8220836291424266
0.6972338610409383
0.7352827061073025
0.7949262577633514
0.7159945721676486
0.04158202511069458
0.8572020799593905
0.9146733178049974
0.8941610751367287
0.7876882139442838
0.8729241044388403
0.03810189387892462
0.8907557983042941
0.8389524973815582
0.8823069064794724
0.912683056568392
0.7465971101787054
0.8616727675810729
0.058694799990120984
0.8700628054014194
0.8502790027945965
0.8811271326056913
0.8878779651776124
0.9067621607874633
0.8592310273938036
0.853878314152601
0.8583448737882493
0.8118754817747872
0.031127201794843164
0.8852952871843449
0.8808583581052067
0.8363601882817591
0.8725380198747447
0.8771422823975887
0.021087819202481012
0.7946432483911385
0.047997500832316645
0.9076591843932409
0.8576493273643099
0.04810661822892538
0.923144515633569
0.7971562548106713
0.8295813411659344
0.6864975118777235
0.08427316404689734
0.8677227757041329
0.8445768789442034
0.8435936755845184
0.04655848539802731
0.6551547913955742
0.838711953856506
0.8855651809271159
0.05027552091895999
0.6255223749168591
0.8051140457855763
0.8341876311825904
0.7698453481723547
0.8464579167300347
0.8627543424817946
0.04641449244937032
0.8757643507425776
0.9198739258442699
0.8876512026996092
0.05256207864923085
0.8441635668044614
0.05256207864923085
0.8785197218984023
0.0871229158707223
0.8196363080918426
0.8652732498525602
0.06969976624370729
0.8792501284918637
0.9142081340483542
0.8408237292021373
0.8001554556598612
0.8677071194777657
0.7930698568951465
0.8634253295657206
0.6460303350363438
0.8562125484250416
0.8794439847696414
0.8700293076164402
0.06858628701904781
0.6563078564410066
0.7882166139468506
0.8165258743654478
0.6906661570904917
0.86021686958701
0.8965849334274608
0.8560547959950321
0.06858628701904781
0.06858628701904781
0.8476263563451503
0.790481244420425
0.8168278728219115
0.8508292386553282
0.7754064396005701
0.7005032005134382
0.6869824750546089
0.8666361605554848
0.8407008754248328
0.8891047025512575
0.8531634522289191
0.07290046599376337
0.7154085172440988
0.04297251889286279
0.8366886034346075
0.8914265447592338
0.877359099093752
0.8361104960803174
0.8151739203357993
0.8298646305060864
0.8074246917120668
0.03176069317390431
0.8427849353395314
0.8635855962549166
0.0689590495960433
0.014047734169095103
0.8670262706622744
0.8969161422569497
0.6509876490459127
0.8854897642019827
0.8893589133830329
0.7525515442887918
0.02724761490683015
0.6430493078966935
0.8097241366567444
0.8362308306145491
0.7873691971997876
0.8816043453589193
0.8498685731876077
0.8968073018078107
0.8539764344048103
0.7664691629705527
0.04831357464496
0.8550272282535892
0.8758205101529217
0.8731495146892532
0.8125037604786636
0.04744763813458006
0.8801465964105643
0.8952784589046028
0.8984253147794181
0.9187808437640234
0.8136257354027656
0.7525515442887918
0.06930469755983021
0.8428088337182121
0.810066915684092
0.8789004353044074
0.8854522015408035
0.04744763813458006
0.05860793573392888
0.058694799990120984
0.80691191675341
0.9149208320953943
0.9119928800132541
0.9053976536311092
0.6518121116540007
0.8696880604500558
0.7525726246745152
0.8824326474770433
0.8834983007762474
0.804610518762287
0.8469249281517794
0.8517197391307948
0.042423336843721134
0.09567192104233574
0.7760642859215237
0.6911190741426165
0.8881800648100404
0.8822097237561948
0.8904269203356494
0.8632057955640366
0.87166005746391
0.8656676573124054
0.744575256086732
0.643783842109672
0.6941292473964644
0.8832751453287413
0.004786495174071421
0.04565770489158725
0.09570859778561634
0.8807885764592799
0.8754841981403266
0.8959980696415512
0.8076928737898411
0.8423868071777382
0.8572020799593905
0.7907870882697312
0.8883493016451152
0.8759241141483525
0.8263827943053551
0.8210255912473624
0.6910073164462697
0.8177065897095834
0.8844572047451843
0.7895752275244263
0.029068355934076272
0.6481249836623679
0.9096037186143952
0.8169978380068588
0.864264579638038
0.8515553165488279
0.8319052759163786
0.06858628701904781
0.654435657444283
0.9066733555687814
0.9119739455311561
0.06614600253639175
0.8380354563615092
0.8342369460173085
0.7270672464216572
0.8067419943044312
0.06645442901890815
0.7462750410816683
0.8433814083208212
0.8585841399610668
0.6169362633115971
0.8279620621984856
0.9061343726257466
0.8776196773377182
0.9457158222769717
0.8199133269784725
0.9712113126407979
0.8364383150353004
0.8558713959942099
0.03179803841239074
0.03570875490476234
0.8711647013359248
0.7980540550760103
0.8532997318479504
0.8415249212214171
0.8717135669010447
0.06884384646140455
0.8751505419401303
0.04014499612027891
0.756669291269118
0.8572020799593905
0.6335607617947037
0.8822147950878833
0.9010567121291125
0.8984338851067185
0.8007898443156917
0.06615644292565741
0.6401055350818521
0.82830461233643
0.8709434390265709
0.8627773683897176
0.06288516595647288
0.8992245889377
0.8837323010258447
0.8804191874838488
0.8165027486901569
0.8648097152416748
0.8338279188010428
0.8680652264048669
0.8371842386785124
0.9211355830943948
0.8271533704665665
0.9111191806905675
0.9208218503416185
0.04479351464044958
0.8516261159244615
0.643651763659861
0.7873587553723128
0.9164518244315258
0.8395993308342583
0.7121990860235254
0.06616804761411463
0.8180012279288088
0.8281872964054391
0.7890432001852351
0.8927281354493695
0.8797241951220558
0.8355080670565286
0.8555583564890351
0.8224463482064497
0.07028112538691651
0.7936457479667586
0.8752548298543219
0.7500449768777109
0.7709387887253448
0.8244355586689612
0.8671949589353223
0.8007602873858252
0.8436992437227812
0.7530455525912917
0.8123051398476859
0.8762473493684827
0.6608223051946954
0.8623327389844856
0.8347796343515069
0.8158060613244881
0.8912023456939119
0.7548388669344784
0.6623809912373319
0.7924623979758033
0.731897565362015
0.9104777773444386
0.8358906108682715
0.8296653181475887
0.06512996485115292
0.9062822237099715
0.07641347314453577
0.785407505566183
0.8266421534419746
0.026589614907478746
0.6102689411735035
0.884510222549225
0.054615002594782316
0.904007417608457
0.8070870017898163
0.8853215473499922
0.8486317899933716
0.8273874317488897
0.8882690463383437
0.8927442429689916
0.0471065281025082
0.81089933708717
0.8922286038274736
0.7900592220031768
0.869301571542746
0.6180361888635697
0.8698167252961638
0.0439620792640735
0.8435402626929828
0.9028795935885787
0.03906135951228972
0.8273700254299956
0.8311547416388537
0.09953576253805856
0.7701929021193058
0.8386079034715308
0.04673262782457508
0.8069599350252035
0.8544787546578246
0.8565866505560753
0.0733826101256118
0.6273880145004135
0.8949324689303091
0.04677163004695429
0.9240746501541129
0.6015894890230711
0.8771372172077262
0.9155147721042525
0.8917027503486074
0.7956401502521745
0.8342345663879215
0.06272785858304081
0.8372048635832657
0.8583010637415047
0.8554351235505484
0.85244145051053
0.7315656372729253
0.8843683450773345
0.8867049641712352
0.8985292725716922
0.6162683592978099
0.9064899124186463
0.8875401938082861
0.8912895185967394
0.06901475164637189
0.7460939377852984
0.8994255755032262
0.055310136991419005
0.06455773416060061
0.8247419691292858
0.7887016779309479
0.7980295377978013
0.8570778169563632
0.9028172310570768
0.8212543187793782
0.856432957152208
0.8490488376496778
0.04650844446409577
0.8395768415952654
0.04997176479753289
0.7642152808681345
0.7367300792078078
0.740403011614305
0.023522254084825223
0.02724761490683015
0.6570546613809328
0.946104098176891
0.9259279894035752
0.7533555151063436
0.8129748315291495
0.8392152674910285
0.8200750665896965
0.8122961858169832
0.8386794622839401
0.8896130125125234
0.03936069494110122
0.8580543084098371
0.055568849056494445
0.8940510754504883
0.889636029867489
0.7331648991316877
0.6080766341473296
0.853423709072557
0.8749427938278158
0.9276520869464515
0.8036058816731563
0.8536301809543355
0.7874496489813917
0.05009713690449843
0.8319557095514991
0.8039393326754368
0.8267764677626652
0.8556527359629709
0.7741053020247176
0.6453441407694955
0.6801098612183333
0.876473657115902
0.8928164687924247
0.8167635243650336
0.6482883296515614
0.8318195797556722
0.8581337765231408
0.8769898313685708
0.8029557936813708
0.8968944128231403
0.034697937833857426
0.8881322057592893
0.6876227319904286
0.6803245416569174
0.6753442077141731
0.89719990120381
0.6865594688419235
0.035496319493783714
0.8821390529120555
0.807280135224843
0.8880986102438784
0.0626525477395907
0.9357098700702436
0.9365601365965748
0.8885658265461224
0.8537696161594387
0.050729715409437916
0.8820738336551739
0.8470975790620191
0.8434340565011798
0.8898857052660621
0.07737232186852923
0.021065622246865815
0.8384859958611456
0.7303195542572016
0.817280160326065
0.8641661672687481
0.8590100124194974
0.8168278728219115
0.8893130366332281
0.6113043476410093
0.5058634509781621
0.8481241106490763
0.8383245079697142
0.9307282998092927
0.9250350241600384
0.7433271499611244
0.03922900748960612
0.736289913495774
0.7540920613942439
0.6453284512068591
0.715139615933237
0.9139181529722968
0.021087819202481012
0.6205032471029902
0.6589362767127983
0.8816866810132032
0.7958309755732088
0.8468394225380801
0.07055023845308377
0.058694799990120984
0.6267550709392947
0.8700628054014194
0.8777124119105133
0.8740414652026962
0.9414068297708231
0.874431300107634
0.8636694297586784
0.975162009797548
0.7789637401693063
0.8912346932852271
0.6390739155189877
0.08089679027573239
0.8120201982072186
0.8975958036181281
0.8742076836706408
0.8789986912608275
0.8083552484247113
0.8140411226351986
0.8767320117797055
0.6986034048281111
0.863528058851586
0.847624377390933
0.07356154288291224
0.04641449244937032
0.9056659972600178
0.890415847447839
0.0036597332190526303
0.8235163078733028
0.8399676475602712
0.8428767362555242
0.649853983869702
0.8876512026996092
0.8945157670999829
0.886397194787177
0.9113370621826049
0.8241144914794811
0.8879812419578608
0.08257634451781026
0.8728356108367885
0.88546040940861
0.7894330518134384
0.741690942896933
0.715200969448843
0.8276620398998061
0.8652338755071807
0.9175502437657062
0.7847386329248474
0.05226754297518042
0.8859437628457314
0.05001307273636673
0.8778817825949845
0.8202441605640559
0.8754816540832204
0.030260313865871486
0.8421625858357149
0.02850001560076473
0.718142725781325
0.9111302527516124
0.8520831003160191
0.6578653688292915
0.09510172282443917
0.8505012390258824
0.05882203026731382
0.04863826585288498
0.8873103199728628
0.8776130417223958
0.8702175866048849
0.8258136406315789
0.033450527577696225
0.9080033904132041
0.8173116014162161
0.640684774834183
0.8327668321826348
0.8641979986731957
0.8315552022955756
0.887812013149816
0.8789145274789437
0.8287043773945372
0.8462414631233839
0.8013063203870299
0.8409387276686952
0.07100156677391535
0.8222133606928866
0.8873734263103913
0.7740311519109138
0.9007374877260041
0.9101088164920194
0.8772758941094413
0.8253157519405131
0.7679944929049555
0.8659938476096594
0.8630839659320827
0.8809917588241561
0.08637124089692143
0.8825726208205961
0.608056309747553
0.871834443950589
0.8760344987984282
0.893866528691854
0.8637850381903042
0.8513465441837265
0.9011809553119866
0.8275604389917899
0.021087819202481012
0.9457158222769717
0.08371140826815576
0.8437112906218222
0.050729715409437916
0.8693027026877943
0.8882037702166674
0.746014345724552
0.8583528759814066
0.8426633274148213
0.06329915455559748
0.07173204547158807
0.9129474146345775
0.8319888817244661
0.8117278790800463
0.6600326475289916
0.849423536438898
0.8436937383610813
0.8785947610598281
0.8305038693346144
0.7294739504637786
0.053056446285223505
0.8581180322713545
0.7982554669932966
0.06858628701904781
0.846999916175393
0.8737081068245959
0.06858628701904781
0.8606541742201365
0.015115130107132863
0.08978013934814728
0.8650800598347922
0.9019909931354503
0.8156426468230248
0.8436777670503263
0.9039267906153095
0.8955738764857529
0.8303230855138477
0.8944039520863953
0.9381801066712778
0.024433761913747336
0.7586395999848217
0.7767710799403841
0.9015802961527017
0.04641449244937032
0.6511017001343261
0.7310099798651518
0.8584761214547034
0.8725240159667936
0.791962179705776
0.7433576761589531
0.8690172314064744
0.8208665875391079
0.7938844931211467
0.8560945195362917
0.869074471973031
0.014886053605841255
0.8891234986356603
0.8441583871111867
0.8400214677421788
0.8630119078497409
0.6266730720837527
0.8318544354955175
0.9516030764460571
0.8449385628643743
0.833182762764204
0.9224944080715317
0.8498686894526752
0.8903920732550916
0.8840365642901131
0.8608589165098246
0.6934977170557798
0.8471120473580585
0.06001977591559951
0.8591156637252619
0.07583835833447289
0.8392741131195204
0.08163156830997785
0.04492128881256254
0.8297617849814429
0.8794250654396755
0.8370672643811734
0.8490581245042811
0.8063390631555482
0.8912099260124936
0.9024181439635518
0.007945572816437702
0.5485375716728569
0.857500643312841
0.7756245352996693
0.7829197277434133
0.8652893835673088
0.8322100130864387
0.9052796330050027
0.89479564520657
0.6572114936045648
0.9020157132773694
0.8440050730330518
0.6999073091741265
0.8851704078852163
0.0036597332190526303
0.0036597332190526303
0.6522527792158235
0.0036597332190526303
0.013196562015595771
0.6312688665376534
0.01946085320384017
0.7566484798631944
0.07728552410382974
0.8933156315752524
0.840652266907041
0.6819975170165322
0.83594935193396
0.8821190790654224
0.8873789756843674
0.9014447047054671
0.9117868205555902
0.09151882441878678
0.8303305751584478
0.8225135345222522
0.8251878701825895
0.0781188796680376
0.895084641253861
0.9120330540786376
0.8512552572317695
0.056819874338185514
0.8465806670269895
0.06612408844888104
0.8585068444080005
0.8333024399107761
0.6997430229934976
0.05094634526565586
0.894586614555075
0.9043532971734286
0.8991160467503573
0.8591214783359978
0.8399058073646346
0.8197596178072722
0.8283106383800044
0.021087819202481012
0.9082048041418896
0.8464088005091286
0.659450775178284
0.8356306382276615
0.8262625381047164
0.8507354554820624
0.8895819008793592
0.9104777773444386
0.04768200323371297
0.8724826077221925
0.6299586207218976
0.9649515643925886
0.870972230382956
0.8684821080660028
0.07412192273700077
0.014413124038372293
0.8448828427698435
0.041431483130275434
0.7746946045133744
0.03158680030598787
0.8306380890858597
0.7854440454052604
0.7699292327010017
0.9011296833658388
0.8107895470982296
0.8414484323826191
0.8657281655843736
0.8165258743654478
0.8107895470982296
0.07967529896433727
0.8488271292279723
0.8994069669181386
0.906439540803342
0.8742325337605084
0.790906757124448
0.043023241820413505
0.046912143190778126
0.8808164663054705
0.8801465964105643
0.8550325529192366
0.5897410736570999
0.8050772887406016
0.0430228682647614
0.651357254925243
0.8120104019546729
0.08708951142185342
0.9023463000848558
0.7808814920365311
0.7181563315491987
0.8803499511753492
0.030732609544662025
0.8136235726437797
0.901308273617185
0.8593544174082265
0.8426153066902831
0.8489150470464563
0.8460519202261839
