0.02562482763434503
0.03156707111994262
0.004904122546328828
0.00021907899183379664
0.04140263348547295
0.0026378980853116255
0.3848170531945636
0.0027047299176889187
0.005915681668992363
0.0004814302032978802
0.004833415149460051
1.6371254427963313e-05
0.0001043524216652479
0.00734125930828024
0.00015152417306361248
0.05551143927058107
8.715611048626017e-05
0.00041409846990414533
0.06069309041794495
0.0005294523976568793
0.0012971779377364914
0.8768744729070783
0.6251027222761226
0.865449789389712
0.9459866013695987
0.00012314069564592524
0.1428781377835407
0.06018186983789938
0.865449789389712
0.17162991223242163
2.7961850610313623e-05
0.04624235198831496
1.3541054272338835e-05
2.3617296850912765e-06
0.0015906787164695873
2.047937878622194e-06
1.4366848729253339e-05
2.6507884501874472e-05
0.09284078331233302
0.00044234187316511493
2.008570999033809e-05
0.004177755512782468
9.472433536516231e-05
0.826843899043777
0.004293360686274587
0.04794090172005376
0.00010338748172508337
0.003052633548767815
0.00010975402314751925
0.012554713183248476
0.0006250429024476351
0.02699768278725399
0.04291304742707386
0.6491196652850106
0.0021011719878340006
0.041853514106370164
4.010116274314917e-05
0.04831976259840364
0.026740544997647924
0.029582940438674436
0.0011212234910741759
0.00018790942852412652
0.0010765452925159311
0.018066366644547492
0.003932258387683628
6.346639110376391e-06
2.429539447922411e-06
0.012073103741466125
0.8773178501519738
5.6851102537453575e-06
0.11793364486916195
0.00029099999119637504
0.0002542440667725781
0.8454271162179723
0.00025199234377787914
0.0004605459542316147
0.01696609565507944
0.0066747353308165705
6.443986556219131e-06
3.499310568624063e-06
1.5809612671353489e-07
0.9557478154871194
0.0011633726998497957
6.436128759856251e-06
0.006400084385927311
7.770899272007419e-05
0.007394117313677065
5.2134766185430116e-05
0.12257294424985125
0.00028262013663226337
0.0005591398526866243
8.876121479065275e-05
0.18919307263611923
0.0051557455035979366
0.0003197435574306508
0.007943459253749533
0.5739448090130548
2.1842880254579228e-05
1.9979182684581888e-05
0.04581611626923092
0.000274209225626548
0.2557255448999593
5.040956661100974e-07
9.138132410552049e-06
1.0152714995686291e-05
0.007847469875973083
0.00734125930828024
0.09340433379273656
2.5767488892362963e-05
0.9362352228591508
1.6220171644868763e-06
0.014811148607302089
2.0154745558373265e-06
0.0003957276387402252
0.7666754967266751
1.9542910282768927e-06
2.7732192663367954e-05
0.04213948810762159
0.9710647169670359
9.661785417738136e-05
0.005154779639532167
0.0015029344601099346
0.0012060398846655087
0.11633332453745436
0.0010174842649927618
1.11985131976023e-05
0.0020667096412905874
1.4852988824156099e-05
0.8576468148355229
0.021672679529607903
0.009243126685771253
0.0027049124725171646
0.00010795994607170037
0.018360725128267634
3.902732515143359e-05
2.408893115550358e-05
1.337674091950194e-05
0.06075421648053738
0.015601899748283752
1.0754712264651987e-06
0.0005850182802684714
0.8196070381888043
0.8835554729380862
8.873388616065956e-06
0.17068648378248227
0.0022436741936224572
0.007187828494954936
2.3678097292140577e-05
2.6412170193358918e-05
0.004485166201021093
0.007485836212435623
0.9361511135162431
0.00033065254730897843
0.00734125930828024
0.0013932215696902143
0.01359782308922534
0.029413980356719834
0.0006431501176869024
0.9986919834787926
0.007999731779556303
0.0036810778464523596
0.03168240478969783
1.7271301831524853e-05
0.9316580889858924
1.0289167234923073e-05
0.0022915894804744178
0.18534283483284814
1.0667885004782555e-05
0.02470054695052341
0.0015610834120435137
0.12786067092925218
0.03946064502746399
6.179767130248283e-06
0.0025291487304522128
0.05292612387222516
0.4167237923437109
1.4643054884646328e-06
4.946436010088316e-06
1.8321486375502402e-06
0.04744997825642213
0.00039840574019139305
0.0038375629603925876
5.665309641833798e-05
0.004919696522263001
0.0002932873694309658
8.168039704107096e-05
1.121790437258323e-05
5.256666613037341e-06
0.003475171368327143
0.004708630541734379
0.00024438927863599705
0.02562482763434503
0.0004587302147784167
0.00012063179649949271
0.0003361330341903654
0.0012016235247804014
7.157762307275295e-05
0.005284246871742562
0.07614184491676854
6.062442474739928e-10
0.13614775108307922
0.0011204964152435667
0.17129830324971748
0.0010783817847740621
0.0016243139778727843
0.9637670541774311
4.031660771105023e-05
2.527729612636573e-06
0.19283568971554374
0.010195842146896528
6.6445763869285535e-06
2.4903367781282156e-05
0.10245406840923475
0.0010382102921128627
0.41209417209452737
0.0665683567724244
0.04005283426224968
4.7622006174182895e-05
0.001317946925782372
0.0019746801199033563
3.5500505288989194e-05
3.447064258314989e-07
0.00806897035517945
0.2750357028514469
0.010297094878420005
4.550906938161771e-05
0.025327300520391765
2.10037778432041e-05
2.9298258956880935e-06
0.023687742077437533
0.0008308378451612066
0.019399823485034016
0.3046127741483485
0.0019840004287173803
1.2675398414087802e-06
0.7666261398620914
0.2935850318885458
0.46780629928588696
3.557882311489838e-05
0.04191681965007532
0.0030961707796495234
0.00013267154501322032
0.054241625141390644
0.02277908287106152
0.00015543936580743298
0.48966399868871857
0.034767186472525524
0.0006537470296206428
6.66935028231637e-05
0.011853080466125054
0.09486318530937989
0.020325115671628466
9.113648682986645e-05
8.252633660903983e-07
0.0006721127089662275
0.1664649667146466
0.07543038031818103
0.005744587744632092
0.0007091042199301746
3.898631798726828e-05
7.331565995474131e-06
6.0029485206345534e-06
1.6635961086311877e-06
0.00019744062716724092
0.0005404993514838494
0.0486409883095502
0.0044215635400189435
0.00032017441826013464
0.2785688615460987
0.00035200939566513984
0.00042983014387075485
0.0056662950083692645
0.002287591669446162
0.0013240848661810448
0.2750357028514469
0.3302376004746857
0.00042885333582931204
0.005536578626074401
0.06904713093765082
0.00942109435825629
0.00011387966912565595
0.0006648392146662185
0.00783259538307979
6.420311529515661e-05
0.06810943247395312
0.10945686416952634
0.004782466518542327
0.00014276581993660087
2.005144996351848e-06
0.3431657310453097
0.00037293826471732696
0.0009648706362442072
0.00012589491011939265
0.00021022541738653533
0.41537983114938276
0.00945600238074519
4.3440512447848394e-05
0.0045419910483235236
0.11673812682945885
0.0003764286070863882
0.025905621176643887
0.00020221534404299903
0.49635918583780725
5.842293884589983e-05
0.010867134437845934
0.0033709977595517333
1.4375941724998184e-05
0.0005731747447228421
2.533201472564397e-07
0.146563554656167
0.03575457337998473
0.17011551188946922
0.15326269095051975
0.0015012394245586395
2.1296758404710598e-05
0.012534547394542609
0.36557303224942334
4.144808308953778e-05
0.02851650915338917
1.3679941437014145e-05
0.00407219085484387
4.551050286779294e-05
0.0017306497203952304
0.01110496798576719
6.294788023507268e-06
0.00015973477438693186
0.014799770598211014
1.536052115342147e-05
0.03685747278641865
1.1579861450976246e-05
0.04082289150948663
0.0025042779636091843
0.010464828303697056
0.0010813020798996294
1.9653435685272825e-05
0.02562482763434503
2.761424476597704e-05
0.007854605348111813
0.865449789389712
0.5654832064434248
0.022464317365469617
0.586399250786077
0.21516020789346102
0.0007222474107995973
3.1338625582884944e-05
6.360943956238066e-06
4.97750090787333e-07
4.4831732610657616e-05
0.0001042968358739146
4.219834937923565e-05
7.569092069535978e-05
0.04313113711147902
0.006120910086326952
0.03151451023184279
0.3779030983002791
0.005759444540883871
5.243884391450636e-06
0.00037642412471337324
0.0045917861376352145
0.003755322475968945
0.0032135328105129613
0.0386071117908051
0.02562482763434503
9.390631540767151e-06
0.9244462642216507
0.00027154995596330667
0.001395606890685814
0.025846592631771918
0.0006445448924588315
0.0031542926044944666
0.0006001000101479112
0.00010400829038765588
0.010397346352594684
0.00033272197743229614
0.009778532986352837
0.013755247755119614
0.08338332552657841
0.011431416068964641
0.0011076984835215694
0.00017993511229259595
0.013721624136243728
0.00016003564639898175
1.2450144005807736e-05
0.0006843536621816383
0.0006976873247978786
0.007291248133661646
0.00010348730912020072
0.021552169126508862
0.00010972427649023813
0.12594614020765488
9.006552750909658e-06
0.001401293450300616
0.21592193095394724
7.965333116400834e-05
0.007312979143739284
0.0015683681413823783
1.8254766124129074e-05
8.886459172118113e-06
2.031230267814e-05
0.0007307834207612757
0.021814768658527346
0.1395734632216778
0.0002294873384845666
0.0031520532807913543
0.110084279034946
0.008249784392741625
0.00016392291163041354
0.000418923948198982
0.006039566542207395
0.9952674039252509
0.12157123237678787
2.1907750890383172e-06
0.02249901395966254
0.00802474179102598
3.932676133231677e-06
4.7074421731820754e-05
4.545045327861949e-06
0.0006797452588085262
0.028984182955680633
0.0014807185387697688
0.0003838279862129539
0.010344003086659512
0.08114580688090069
1.680868782794353e-05
0.04088847712574049
1.624415707027554e-06
0.0008563623399127812
0.0012926672733801603
0.007809547370312664
0.0024823290054202733
7.916417027952721e-07
0.0003104482800503467
0.011192484397867354
0.10238314772126562
0.00064204815247686
0.00034626197473881624
9.864144950971508e-06
0.09369910395622244
0.9239904285411296
0.008492181811369025
0.10574691788895778
0.004092518707529914
0.0018752742424873177
3.906176156424741e-05
0.00012789252040235692
2.7081167023499277e-06
0.00036038802776388375
0.0002500297047363271
0.6417054654540277
0.0022169056948276385
3.188701044899977e-05
0.0024262883987575513
9.881756092675188e-06
0.09490034453094975
4.750885210730943e-06
0.0010997195102791142
0.001452969622750041
6.833106794901692e-05
0.016860692595419925
0.0009111390920231935
3.087364487179856e-05
2.340771596763282e-05
0.00037933106003885047
2.2605387570258304e-05
0.0032240569566510044
0.0008197737768190885
0.0012472215994215352
0.014949998319422352
0.006168689155609367
0.000247913180590034
0.2681487213644379
4.969374517609495e-06
0.062423553714148115
0.5911599230482887
0.13376443446498165
0.004080339226858709
0.0001642695824342754
0.9899323322099858
0.15520991761441674
0.11240180140270027
0.00035473773462165717
0.10584834386128765
0.000838861700346448
0.7094441259010015
0.7853172506653887
0.013106837221647323
0.0031037479692744554
0.02562482763434503
0.006233721984666473
9.394241633806192e-06
0.0013503040705373022
0.24053574628780675
0.0012771140211446008
0.07207279466099678
0.00326940925754059
0.0008001824304107756
0.20417455010998214
0.04403238794487612
0.665582564013262
0.03395772718725741
0.17677415826803883
0.011876622587751283
0.0028662683541834716
0.10333518232739371
0.0001524474836920585
0.007389754625842864
0.02562482763434503
3.2086181346693085e-05
0.005927754504113395
0.00865698783957885
1.8644853023719713e-06
8.715611048626017e-05
2.1680907231646452e-05
6.591321374988693e-06
0.01997885945816416
0.002324247235284533
2.544829081466667e-05
0.036708616089223524
0.04464395779632579
0.17792507331991012
0.06581381668558835
0.0025100116754595983
0.0015696135425288997
2.5929474649309987e-05
1.6056382276821235e-05
0.0014147114630272291
0.0005110237322385389
0.4787461171794325
0.016990567316086225
3.320516647634916e-05
0.004308111768378377
0.7719467264105766
0.0008034772074273204
0.865449789389712
0.0025715366110377206
0.0004334487286781533
5.163975866874917e-05
4.457777998367346e-05
0.00010061013500516375
5.337241088185593e-06
4.2170485011071625e-06
0.12355628887182787
0.047648523397378774
0.004082052541177883
0.0004358209518305273
1.2675307755296638e-05
0.016554130880272862
4.493662086686573e-05
0.00018716187639860815
0.00045060215897373655
7.395016561296417e-07
0.022090266248002702
0.003097941608053617
0.014968598421055355
1.273983646292115e-05
0.022316580213700775
0.0004144605233972176
0.00023020253893731786
9.317629256233668e-06
0.22735569005420353
2.2910039765394674e-05
0.0002557921445228826
0.0014151385109290183
2.450403902873102e-06
6.314540624205737e-05
0.0002956620666203935
0.0024544393312453485
0.0013880554310462404
0.04008037023644488
2.0378873304845926e-06
0.00634500219211288
0.1399030305707926
0.006106503623031585
0.014566486949963129
6.468699328338562e-05
0.02523015154689508
9.821495482694207e-07
0.0055243204419185695
0.00119592054920209
0.13418358035063405
5.1807756699565706e-05
0.18057263991469785
6.743328937443798e-07
7.845887075024615e-07
0.00032963554344199236
0.0008194121599207903
0.010572041077801885
0.03865456486932279
0.006853633008383257
2.58882582124217e-06
0.011033175505352972
0.028984182955680633
0.003320476642236892
0.00047360365984425206
0.0002614736978509408
4.377552980952932e-05
0.06332329940161437
0.30340674989199934
1.6201295358952742e-05
8.056235786675895e-05
0.009600292413027617
4.0054014529552876e-06
0.0037659753884590544
6.310892147209465e-05
0.9814130870219349
0.00157867701719043
0.14960377060725027
0.009088437548094113
0.002477993328249436
0.00024444990709697223
0.16745703671229162
6.97094049276979e-05
0.00011322896827421093
1.1111316963985233e-06
0.00027017884462813847
0.15396562390509333
0.012125163535190466
9.443190274999432e-06
1.8236732414963776e-06
6.427481610942818e-07
8.507696833208765e-06
1.616432487730375e-05
0.00030387170743520963
0.0014819946761883928
0.02562482763434503
0.0008208886652344468
0.0032335339738826423
0.0012952321221469045
0.00011845766367274595
0.02158085445100026
0.11951691681527665
0.00039975708833644985
0.0021258816220990364
2.0951021660690646e-06
0.00021044335094464923
0.20633546278875395
0.00504445225652094
0.014087103559402755
0.001882483178973384
0.807043987469802
2.4085514801395585e-05
0.00734125930828024
0.00017036496939562426
0.00019327837999386842
0.0006020160208675804
0.0008914152536540746
0.00734125930828024
1.354930318485359e-05
0.12358437996172529
0.00578386357766721
0.03342052048625236
8.185720921261722e-06
1.2921243339679481e-06
0.7970678802401748
1.5383855026503293e-06
0.0005574278772580909
7.05997213983522e-07
0.10142650081151777
0.2750357028514469
0.0012941463400498252
1.0
1.4629213991792571e-05
0.062423553714148115
0.012536011558777314
0.7666754967266751
5.250959007564734e-05
0.7643255019531455
0.004033653158040306
0.7696281459699402
4.712399706842944e-05
0.22346159438484856
0.4224653130700435
2.103960408271575e-05
0.06336705295065352
0.014868578866024723
0.985798098703704
0.008050724186376718
0.001979513631542038
0.0751720838642569
0.0174205454091493
1.1825345048913667e-05
0.09369910395622244
0.07526251929080463
0.6190018442331925
4.1531733212852566e-06
0.24226457776738192
0.0007994731676469533
2.803921702344406e-05
0.008037228168717117
0.9951558741020189
0.0009253310417528446
0.0006729524844612129
0.031991660119963704
0.03409139457762073
4.684143058558557e-06
0.41618757292902187
0.00019531414866009645
0.00010504577782613078
0.02193853710646926
7.245029727727141e-06
0.004699285317911908
2.047937878622194e-06
0.0010762636597802637
0.004548055407949587
0.011399747463274918
3.1840186497980542e-06
0.0013037573627708197
0.00010118733512637476
3.512605334284213e-06
5.515937666447303e-07
0.02007894234854337
0.000109451652160078
0.24856893365724003
1.09363807856093e-05
0.010840324957354978
0.01991273549144741
0.0005396896719219646
0.00016032299852619103
9.610548838013679e-05
0.10674814543288501
0.0060561520209144
0.00028330887944169906
0.25866022180666404
5.6973091281497164e-05
0.7127965180596025
0.0006598099921434289
0.023989261181155398
5.157194860746458e-06
2.2631991128891173e-06
0.01792491645752691
0.036664493704919136
0.0003182658296516266
0.22023886831282435
0.015402209914041834
0.0025449061926168175
0.1403241137729896
0.611987983414944
0.0006983163123358876
0.005536578626074401
1.3684404709007737e-05
0.01746635363140841
5.963430255503359e-07
0.0032838820832416338
0.0024665051808499924
4.246021567022778e-06
0.02562482763434503
0.350578679071756
0.04345990345471475
0.000887141980429627
2.3202509147186396e-05
0.008367879669975146
3.7527323762346436e-05
0.07747360846808286
0.0006943738033123622
0.0026378980853116255
0.0006597194132809446
0.2750357028514469
0.0346890604572538
0.0003170727325590527
0.0019387002863501502
0.00036983317357700636
0.06049402369176475
0.009391418953242314
3.545181671445523e-06
0.10966487980789932
3.7987097554904097e-06
1.47343032635113e-05
0.000836617486781865
0.962857588376763
0.8802546432044427
0.059915634111750944
0.0010509163642943714
0.21867517071502812
4.043953226302028e-06
0.004384537508961517
0.0005464375061138551
0.0010104162030871657
6.086730200812828e-05
0.21284514442747496
0.028046113793913346
0.0016740543473061104
0.00813608533382096
0.00015653908983096791
2.761791481973718e-06
0.003833100845375146
0.10730913269447563
0.003041350775550149
0.8060782500747292
0.017619304772608476
0.00022700426391902712
0.05910951297191361
0.03254900373620689
2.034453792563398e-05
0.0002638538379218867
2.8093058254825507e-05
0.02562482763434503
1.0019413515403209e-05
0.0003882050816747028
0.005777012648895976
0.001802806844764847
4.4592143951744136e-05
0.00037521667820588776
0.0265563043314474
2.1631908123394515e-07
0.09369910395622244
0.030138069180521858
1.8725906459821247e-05
0.015112358485494557
0.0001373766104693368
2.6037810185089266e-05
1.9689101314187366e-06
1.3998098054259516e-05
0.00673639508686096
0.019550334352509573
0.9258835146588211
0.2493698054143631
4.86638268157916e-05
0.07777654516592619
0.014442735267260542
1.0913113922435035e-05
0.0025649928121369656
0.00040626101158116256
0.07546332960187502
0.02851041964590411
0.6417901708943338
0.0003882050816747028
0.00011167347568932488
0.17792507331991012
5.421074886865036e-05
1.8216662556817274e-07
0.0026188970150380106
0.14298702987578493
0.04108904899785153
1.7340045199411682e-06
0.0004303864820383394
0.5090913195838526
0.8129389138616009
0.9934120507728752
0.08396227767351191
0.003829510057101704
0.0371078262425097
0.022753653728608627
0.0001721978524702886
0.0006792167462812164
5.697636574230355e-05
0.35310273428560485
0.006299578638956147
0.040403205410567
0.00010931715913989038
0.3174064847556437
0.12561913607735303
0.009635957665492863
0.000426417777328363
0.001190379986879775
7.640679998760938e-08
0.06681306965688354
1.4448101745446469e-05
0.004166656458645779
0.005536578626074401
4.186969395096945e-06
0.00022643134970318267
0.0004362161283138011
5.3941999317111114e-05
0.18997561439824293
0.016458745982514428
2.7765359313046858e-05
0.0744934195250138
0.0001316489672862838
0.0007239322009268582
0.5310923208012484
0.0051283031353223235
4.108445551028693e-06
1.1370775915165686e-06
0.0006387273544117739
0.0036517128312165094
0.015647995773818
0.2750357028514469
0.20449103312120304
9.96322791362629e-05
0.003172019982280193
0.00014873030123148997
0.00013681647392721683
0.0001761700208321402
4.531544998828953e-06
0.0007151990247651578
5.468406853992367e-05
1.747421509398779e-06
0.0008515303418026501
3.14428080108748e-05
1.960417908274619e-06
0.00010112843121475767
0.017085737991342127
0.00023400213593809336
0.00012329629802344472
1.8595895812648582e-05
0.0013435169428157349
0.07675443185940414
0.00012920371638134784
0.0002397288768252797
0.004313916732495938
0.05844089287383276
0.32665365428169413
5.9955059057207845e-05
0.9805347375054608
0.29824299656902103
0.002014931596727186
0.028190872321494788
0.0005673669281860896
0.013486938727707527
0.010375658652718646
0.0785405855550485
0.0022662711748815314
0.0003579832055350373
3.0237660120869525e-07
0.00561128220401761
0.000638121535503115
0.0008920168230402648
0.00019533370810597992
0.9803632402839545
1.363555884950092e-05
0.0009245139109734803
8.978386528338495e-05
0.00015346819861462516
0.08247143808022944
2.6719420965913785e-06
0.0001458194074467268
8.666228190337817e-07
4.772667651672979e-06
0.0011098053152638755
0.0001359416835313419
0.0011231335641049159
1.1340701200684935e-05
6.619367586581612e-06
0.000283600059049762
0.01247068952934179
0.001524187195165612
0.030805070501605303
0.009704955939352299
3.818269201373889e-06
0.010659615236837516
0.5736412762178131
0.002534651221710219
0.028628612720367052
0.048126749986425466
0.004900542702031058
0.010745932002923493
0.004670933901103805
0.01419885226214818
0.05805071732174038
0.021166507149404643
0.29789675339518734
0.000591561322404951
3.57174783385999e-05
0.006196182751005152
9.424791587099228e-05
0.9330380544630811
0.22334687544053541
0.03890845765371657
0.00011058010411975431
5.60329790308246e-05
0.007918340268224222
0.4346145529751087
5.1164091774718045e-06
0.0007629755909042006
0.9012457958192877
1.219520176400209e-05
6.724003216148823e-05
0.011621077495881444
0.0008276135636475335
0.00024349779576658914
0.0006472776846820456
0.04378976512691996
0.08517803321988915
0.9585689060345679
0.043684326673977425
0.006459997762874963
0.0010265795237538527
0.023279337121781752
2.8148885992429497e-05
0.9945446358297471
2.6533085116069396e-05
0.01556563839842015
3.5721195690127248e-06
4.104064595341483e-06
2.9299571540981174e-05
0.12741104956410898
0.06959758962894301
0.026524470867570947
0.7082228415512545
0.00027981926473059476
0.04972193642928975
0.001266560768688279
0.002420942383066613
0.0006416312335738318
2.047937878622194e-06
0.00024444990709697223
2.5395020794781448e-05
0.0002526115806992646
1.3077547068615327e-05
0.002636314235896156
0.00155817184881343
8.177882733291092e-05
0.011988258590832333
0.0005510049277908303
0.0011922741096480984
0.3921557572900449
0.016860692595419925
0.006312481353423948
3.5745212239966173e-07
0.06075421648053738
0.0020732485503298717
3.606892068845429e-06
0.00015804454137815282
0.16665875797885138
0.002079819825595082
1.4011235165433013e-06
0.028586871000047337
0.12263385050152804
0.17307872695912016
0.8583629066401651
0.28827019767995476
0.00030375176029758194
0.09381759321658019
0.001247553760725735
0.0002964165314965031
3.222234434189197e-05
0.2971763100795371
0.13391451688745215
0.0030323042989784934
0.0001840037680995424
0.9887455618996035
8.734294907385007e-07
6.6115125189360705e-06
0.00020258300050234005
0.017183999059047616
0.00777893124909191
0.22348595986600628
0.020788629831762044
2.621898784959115e-06
0.0002596253884275886
4.03500894565214e-06
3.371513365999271e-06
0.00011325977731210923
0.011542032186653195
0.03830187639236937
0.0012459373122337932
0.2416554705433092
0.2434099938207534
0.3580926059974834
5.4707590083382876e-05
5.2691337203560905e-05
0.0014212910044868305
0.012196394380087173
0.0011137333875535344
4.442297439161688e-05
0.008131850248086095
0.0030481453544891953
5.740555970921934e-06
0.0043657618380166545
0.3689506989377146
4.2060584072688265e-07
0.00017351782400424067
0.009783909039764239
1.4019664628078341e-06
0.0
0.0031102247072178958
0.004718648237934367
7.128358344204145e-07
1.281723600438553e-06
0.007279173901437338
0.0003260259815932604
0.00018295307366914839
4.923201436735891e-06
0.025346453874922615
0.6388210097531343
0.001041293233344973
0.0006267331645627325
0.00041015447645838775
1.9186024596610145e-05
0.060541782270199095
6.08043454254167e-06
0.00040126395154007125
0.00013669365981723865
0.0838820131588236
8.11914545534614e-05
0.017130488140719154
0.004357391792281803
0.0006555669894899914
0.07716252758953454
0.00014496484594205572
0.05754785328209798
0.0002514300388150474
4.2420405119675826e-05
3.781364820060013e-07
0.00734125930828024
7.525466064383519e-05
0.0003577081508273009
0.00017346832871000724
0.11939811460378477
0.29280354819930415
2.802281994777504e-07
1.5729327312334508e-05
0.17755778790791452
0.030574231784092853
0.01106229300045818
0.06075421648053738
0.8204849108273597
0.00028135654403681773
1.6439192213116256e-05
0.993257482717482
0.028628612720367052
0.00015354100806980005
0.010566430311039881
0.005344031715188694
0.7979380036125516
0.0008321545567875114
0.0006578355359366556
4.895489363687125e-05
0.0008969270007212932
6.399587596401876e-06
0.021775070434601362
3.4185844222704045e-06
0.740166091666051
0.133203462105826
0.0007576642117320145
0.0002921923024183555
0.00025271304532478516
0.006872653172401663
0.7644877596649774
0.9821788933495998
0.0004188400637897019
0.012923076227572038
0.00012207632124594013
0.005738784177617808
2.4903367781282156e-05
6.232818814373826e-05
0.0001964069162735627
0.004819583361312784
1.8191197925007766e-05
0.011106947215410161
0.05669924902580172
0.014751339547399149
0.0007659311628875221
0.0204331192061883
0.0005753794319072022
0.002103710291638474
0.0008633339434796007
5.096652588866643e-05
0.0004226373613913334
0.0013744638282374116
0.0004094114503653618
0.03403639341579639
0.004531543975716284
0.00018429615561981396
0.6378586105034924
0.013936015222572543
0.0005753794319072022
6.19714829366497e-05
0.0012604352857938296
8.035688181286844e-05
7.904657577945579e-06
0.00018402660200623227
0.8075489415759474
0.005536578626074401
0.1103378365145532
0.18182328206131373
0.9951923552627981
0.0014699092671378651
0.0003882050816747028
0.00021537151633037416
0.0013721943503885625
0.3106673652282964
1.1494080966871717e-06
0.008347080527783528
0.09431501414185386
7.65173913483277e-06
0.014284082081884348
0.0002446964958254318
0.001046867442571218
1.3171656891335753e-05
1.9292641282071257e-07
0.022377648529357735
0.0011526123268326006
1.7364460241466535e-05
1.970705627427572e-06
0.010193469865531516
0.10153900674423955
0.5855573228206423
0.15279369641993007
0.08389371157026629
0.028419669405417878
0.00032092800994669587
0.0003882050816747028
0.0059989914031243026
0.9715996547723185
0.012917328544688848
0.18482326143800815
0.0033439165424733255
0.8354043345620541
0.045365578404337754
0.0001708841533479257
0.0005484361205648
0.001615555770277364
0.0199781217876337
0.0005439042668087618
0.00014429445466629498
2.982054735100165e-05
7.038352908877794e-05
0.4108032039589129
0.03811821878393661
0.01189338410147124
6.196297699885855e-06
0.0009455004396421782
9.278033904837656e-07
6.122392209913276e-06
5.0319597943728314e-05
0.0005218152490162925
0.02822201095934129
7.869320104293942e-05
9.207939367081967e-06
0.029289241387701222
5.118412108583035e-05
0.0006326447160178312
0.0007630581364228399
0.0028457800674710734
0.2813197318200211
0.016689232630000977
3.5451082760551474e-05
0.005574992912088462
1.4697335510579648e-05
0.5086420409747134
0.06911609195542286
0.05013759514516175
0.008456466263185794
0.00023651903204547305
0.0005841021880069586
0.5417599010129658
0.9931448799189331
0.004151151872174383
2.0875684574748067e-05
0.47016940820218034
4.5241684188747794e-05
0.007431971826977983
0.0008392570805739498
0.008412848698865634
4.7421005600453665e-06
0.03641776154052308
0.015150289839475733
0.0017047978377756536
0.0026945923034576206
0.0020460145832931357
0.00012063179649949271
0.10169097432473233
0.005384770315355241
0.051193097357209075
8.91482236970854e-06
0.02562482763434503
0.865449789389712
0.2490295381169479
1.756389325235713e-06
0.00017271585761669973
0.051158344878885056
7.164295220413012e-05
0.006063380633271623
1.0291073698770347e-05
0.001427288070305033
0.004707260914821443
0.764843808641014
2.1324007759780284e-06
0.1389172046933953
0.00013352798387542035
8.237981585760963e-07
0.016760602253823236
0.0035640178227473846
1.072621422294641e-06
8.515126604675353e-07
0.0005525899414590308
6.184394580068418e-06
1.8223007492596914e-05
3.9718432323382846e-06
3.30616445142138e-06
0.0012943144581442046
0.0011259404610144683
2.715305151455671e-05
0.004707260914821443
3.40964355251719e-06
0.0038043163265510517
1.679880113075487e-07
0.001587772392376794
0.0003405903175589729
5.447598747054719e-05
0.2699810353523673
0.004052040899975146
0.00016116677613993972
1.2827524704171275e-05
1.0399707574311988e-05
0.0012720851478976306
0.009928257750384315
0.002407644754072402
0.07409290913427746
0.005536578626074401
0.002739486121621676
8.004776945818169e-06
7.833881287217312e-07
0.0018988829593697693
0.002644720839166766
0.3580926059974834
8.461623279457675e-07
0.036423860362029985
0.0005043852795907407
0.06985993209395845
0.0030591505698557534
0.00029642555445516956
7.94473599758295e-07
0.004012995123279705
0.00015786156450829197
0.007011837257906315
0.0017924639727770455
0.006681187619452656
0.02562482763434503
0.025588909040485483
0.0010953146764960454
0.00048589729549574766
0.00047206498343475167
0.020081846460555972
0.0001997127245847352
0.0012356750065349881
1.5114361075189241e-07
0.0023097792994449607
0.00024376717474226115
0.00015250539071227454
5.472076107612999e-06
0.001287241855652957
0.009245332246145162
0.0006671299401274113
1.0318937384755035e-07
0.003220536023541432
0.0009126098342858306
0.02320387305395455
0.00031881724885142205
0.01947065848400213
0.999970672008001
0.0003902946533702695
0.08570985641626531
4.639346160796081e-06
9.723937996676737e-06
0.0011816863953109343
0.035079336600782156
0.13209330521356713
4.03527177371651e-05
0.011289648273799
0.05115639638551419
4.355665067979722e-06
1.6719886198958885e-06
0.5241719280550616
0.060999778803789165
0.08276416661012596
0.0060579747749903035
0.0014557349558370909
1.3853798834044724e-07
9.278033904837656e-07
0.0001076911783287122
5.510920763287422e-06
3.450502726403084e-07
1.6301404423074965e-06
0.006150727530174131
0.02957401015452535
2.1396189226241403e-05
0.045977714548315854
0.0008787217554020623
0.0010356474225757613
0.026901442862289793
4.270186632987684e-06
0.00012110043005352311
0.00010338748172508337
0.870223337355728
0.865449789389712
9.480563697242097e-06
0.022315904015714517
2.7458967034760527e-06
0.00010100993211646433
4.246172153847284e-05
0.00734125930828024
0.003608199816791609
0.0027415035387542293
1.6121465979970708e-06
0.0003100721973118639
0.001780095650312846
2.1770218150140628e-05
0.00734125930828024
2.7285316082251102e-05
2.016215955444274e-05
5.266489540670277e-06
0.0015063476998418747
0.12714793217247566
9.633414761653651e-05
0.05760645710757362
0.0037093174949982713
8.092154113291688e-06
0.019103129044634078
0.00016403181292025436
0.35826371575568083
0.01020969582299514
0.182857630266937
0.5874375928442693
1.0268956535168102e-05
0.02405458786760185
0.0008389860425381358
0.0005744953565957962
0.9036200517569302
0.005336035161729998
0.0003882050816747028
0.04774837716282049
7.822845318239926e-05
0.005670703334910527
0.001997187453702131
0.001077273183323452
0.0005242414352827557
4.112405985792292e-07
4.977993405822784e-05
0.04903901744486589
0.0003226451080872464
0.00021343289000140225
0.865449789389712
6.177886589215726e-06
5.210123934506251e-05
0.01962236154627439
0.18351661594081695
0.0005584172592290302
0.005002112575998503
6.342347903907897e-07
0.13674715682199373
3.616117505444478e-05
0.0011581587104185713
0.5234261505999814
0.000561542404622645
0.016393599988091857
0.029434119134762335
2.2895739851121104e-06
7.046100023064832e-07
0.02516894352091038
0.0029233325718474295
5.634076379346574e-05
7.75395866711109e-05
0.2286989508340886
0.003547305440492683
0.00015159258746472724
2.1949727729836494e-05
0.0677786878324766
0.9244462642216507
0.12571841609904882
0.12374250224785607
2.6747194831619408e-05
0.0035143861945191486
0.011677313697003
0.0013348750440681577
0.0030812026808366448
0.045033418031540144
0.00016554289654002624
0.002743279722720886
0.06075421648053738
0.00028893486880816264
0.021120590884492082
3.762139174473434e-05
0.00065453045528344
0.04980488338227066
0.012438380118948836
0.0005018185680196266
0.02562482763434503
4.15278175034716e-06
0.0007654983519347136
2.2065152473261603e-05
0.9688330475270794
0.00026588461485452984
0.1756914218561042
0.02106941778564779
0.551670437528774
0.0003436143476028865
0.01313258304084309
0.003625821480429346
6.0183099784344134e-05
0.01238689406897041
0.03139277969188149
0.06232306659522065
0.0045671449614307705
3.899128061453485e-05
1.5497642539525207e-06
0.005287864903529914
0.0005693225817112547
4.430860475222939e-05
1.0529759081184385e-06
6.773824059151604e-07
3.4620552159909514e-05
0.0006668473759895589
4.97750090787333e-07
0.0004781082409800629
0.001534250646497935
0.005612109754858918
4.7252075783726334e-05
0.009171469258673851
0.0003774386545433056
7.192247693459314e-06
6.976962852944998e-07
2.4902987579999637e-05
4.189034995749719e-05
0.00605400467317705
5.8885834816939484e-05
5.630653112487987e-05
0.06395400025394245
0.041680761354718536
0.00022090275007768053
0.0018575399956104774
0.01835873006478752
0.24521855332735837
0.015278374405142603
0.005821658946929387
0.054956960647458725
0.28848589552354903
7.4309840446181e-05
0.0010341076983388028
0.01837818891923503
0.0014464858992902139
0.003794516112761244
0.15090111698502714
0.000661044216463731
0.78547611062205
0.0003376630660233369
0.005267856987494391
0.0929270013497874
0.028957380926407157
0.9862095847377875
0.00565989953526646
2.9051320114089912e-05
0.037771234213963695
0.06564270692739094
0.0007319963392565977
0.004151220795936067
0.0003150314773518291
0.2509399259616266
0.005536578626074401
1.3417681684878673e-05
0.004078706013127438
0.02930983469000997
0.18489656651557068
0.0035128337799274208
0.004888896914811817
0.0003884755957967877
0.8726079057783621
0.687906113532907
4.501919185353343e-05
0.10663509556128724
0.0321952013022403
0.009552663299496975
7.10775401418221e-05
0.045085710675810714
0.00015318493592513405
0.9984828725114502
0.0008990847685205876
0.20005502530700478
0.03007401292665565
0.00936109249810107
0.0038066485576221105
0.13424687099190424
0.0009572755753398519
0.0008585404239222344
1.086159384887599e-06
0.01573135626936902
0.0004007637594604469
0.0004138622139186748
0.0002871882859671955
2.4011971704982477e-06
8.578829946365271e-06
0.01108529490881715
0.07777654516592619
0.3522008389218958
0.17714282960648559
0.0008151702633074474
0.0017218157199470115
5.566122715048413e-06
1.016842119423413e-06
1.0354880134812216e-06
0.17114069509759278
0.9303822021144562
0.2699810353523673
0.005289575889343625
0.05651224582072071
0.00013337388047329226
0.00734125930828024
0.002296912909662371
1.6794583997592468e-05
0.32261306767669373
0.0016494249300542513
0.07517173365703538
0.00026854018801534976
0.0005645391329400129
0.9698061765298919
0.10288150749994171
0.0024102668840735196
0.0015686773669077744
0.0001932046391365086
0.013541012212955682
0.00821787362248382
0.00013670604455566637
0.0016209279816547532
4.835382217053511e-06
2.43659464608599e-07
0.06634377707759466
0.04457082782237401
7.723042663493108e-05
0.014438426600753066
0.0010700803135250756
0.00046658932820219903
0.003692878712135392
2.8388847959771805e-06
0.8967499100214247
9.83602817645366e-07
0.0822314343652173
0.004080339226858709
0.0019007738222304455
0.0047856952242163785
0.8624188129483032
0.0032317379976195557
0.10978624523820413
0.05043156802837733
3.7937264780868994e-07
0.00016575914193167997
0.03566117236888019
0.00014942796512747814
0.03191203640997862
0.0033534128863003006
1.037893377815246e-06
0.024229939231349425
4.099694243279305e-05
3.7311667773637854e-05
0.01997942947630134
6.845147351115752e-05
8.986217583271456e-05
0.7562299627958444
0.00734125930828024
8.145234032535651e-06
0.0004066928038128313
0.00017996842447386626
0.028733728908153608
7.827277222774987e-07
0.0004158288114195128
0.00047289998549353925
0.00019857295026724835
0.0002878544131673284
0.0001614589453628242
3.0515983178222465e-06
0.03014843196123136
0.0006044854009103696
0.0007521865190571824
4.029971733444983e-06
0.00043217928571273357
0.008142922757260513
0.0023744607570278025
0.3266708218867667
0.3252567298335223
0.011262822028068716
0.03905800731413728
0.0718307046050904
0.03422621690669337
0.00020786872245496317
0.07046646864800077
0.0001461820867256421
0.03341187334836749
0.0015449746948299182
2.8048451841430167e-06
0.0005428971881963089
0.03844726827343657
7.407301688750402e-05
0.02665391714323218
0.01601747370655692
0.0032976062944365414
0.004769264358272071
0.00018223337629022304
0.11334340430435717
0.02562482763434503
1.5531735432407824e-05
3.3153841051293605e-06
0.0009195286972039286
0.3037312355107932
0.007022548848734075
0.005536578626074401
5.695371375010293e-05
0.006573811384264373
0.0007852408765601674
0.004707260914821443
0.002944166175919889
0.004169817637661424
0.00011084928662777796
0.004525100069699862
9.131565297490353e-06
0.0044864268538783916
3.1296544142600305e-06
0.0061917562621212835
0.007405027293170214
2.0019627732975432e-05
0.00013931787092011296
0.006589509702390235
7.152623586783139e-05
0.0071880324720334345
3.987226831121176e-06
8.304380104305582e-06
4.400148215832909e-05
1.9376401676833083e-06
2.5276920089219566e-05
0.010895742455955985
0.012325106710826685
0.00023999428278850663
5.724682567376756e-06
6.494248854523857e-05
4.34640425611855e-06
2.18197133733137e-06
0.014922791130198433
0.0006061799125479356
0.021922423848670013
1.787869670235538e-07
0.08700319403903826
0.07777654516592619
0.00734125930828024
0.011212396845178921
0.0002127013317977782
1.292856001149721e-05
0.0003743644743129973
0.0002359094875280745
0.0061663592530437706
2.9756233302474444e-05
1.3690750795965003e-05
0.2535489846644807
0.14162482810106716
0.0009809929752147574
0.30487025841956733
3.664193502832816e-05
0.0007153404814719937
0.12332857966565677
0.0006910070754770318
0.21592525419694306
3.307190676533826e-06
1.7239528774742178e-07
0.03994283938981848
3.0081742349104336e-07
0.02451188584955322
0.02562482763434503
4.228101170687385e-06
0.004528963525962942
0.17452073127304252
0.8217920928122094
0.0003537989976445233
0.012580133943081703
0.015523314551734857
8.720712716831852e-07
0.003082431898870203
0.0009141481614195117
0.04017349927811142
0.09221064875253338
0.0008577466946227664
0.0022516060146293006
4.605381595794765e-05
0.0016395063117616844
0.0006954669784142843
0.0019391413052847134
0.00019178278093542095
0.0002840608411744367
0.4279460709894663
0.007222709972481566
0.2535489846644807
0.0004177884525102821
0.024841959881456595
0.038971852612031475
2.9924202226972693e-05
3.361663080132602e-07
0.0012900853100982679
0.00013248756397537883
0.0006354397375495257
0.00041130164378071747
0.9767321129818832
0.0023623911818144183
0.0015444407685274084
8.621206926634582e-06
9.267274741494966e-05
0.026495884271711147
0.8980713983438349
6.302501808970187e-07
0.044102645474489575
0.0009390938479257903
0.007630279926078561
0.00011610434507409418
0.37719013600697826
0.00010545472887453012
0.003532080274676764
3.0030714979569753e-05
0.03195533170914279
0.003760169027238216
0.001140678619912943
0.040861365870941614
0.002418614809006479
0.17941416932830243
5.544898986087501e-05
0.11769864837229599
7.69404985985541e-05
1.613374505166189e-05
4.102083091767396e-06
0.0003694339513154918
0.00019593322549673134
0.022203534067711743
0.014606810144755199
0.008000443370825588
7.931121549895714e-05
0.004537256731017537
0.015601899748283752
0.0007021889661955432
1.1504240891095977e-06
2.424901044860333e-05
0.3009489210991076
0.003151987384086771
0.005433911560333112
3.895679273981746e-06
0.10379332043411589
0.0003291511269868752
0.0005404099368740964
0.3675710017043552
0.007901213644847773
0.0022363247318317398
0.11898666582578864
0.0016684443955210185
4.628728266845151e-06
0.5651720436014841
0.09369910395622244
9.536837814630103e-05
0.002002067535450059
4.612205428573372e-06
0.00734125930828024
3.2959338079394277e-06
0.0007772571298815146
0.000623624959046356
0.1340875341573243
0.35965405332760086
0.0023708713658576377
3.9930992653331074e-05
0.0014812228930529072
0.00959015968865779
4.1675803647173e-05
0.0002289981194869334
0.7277112922345896
0.8297911834104569
5.244779410737714e-06
2.848007951154652e-05
0.010428041643001157
0.36141379245728067
0.021937063628212704
0.0015641540121966737
7.229019433528806e-06
0.036889121832662485
0.02237319456410941
0.004693213972769458
0.3412574742488301
0.004685697557137092
0.04964970805265299
0.0026378980853116255
0.03190705899670236
0.00029238466607586127
3.234341207277342e-05
0.21107965295790104
0.009772730350740737
0.0062538086041866205
0.0003566105515650003
1.2858133636131415e-05
0.10884702672614065
0.9998924044195971
0.0021457179272819852
0.021247185206663067
0.9143354389799956
1.755954352058655e-05
0.00021591009964380852
1.5334088978134362e-05
0.0026051905004846163
0.004765103784712
0.00015601044632522582
0.0011027406296911998
1.0022054004214581e-05
3.3912268096039296e-05
0.007017297137514361
0.007058254617194366
0.00015004254503793896
1.3804973695735197e-06
0.27523119299323695
0.009330467062858467
0.30340674989199934
0.865449789389712
0.0017046883980189247
0.042014818062364664
0.0006315176611614323
0.0005498687917631284
0.0003681122042961247
0.05017489966547247
0.00010470477547775375
1.713265358594944e-06
1.9258442935633156e-05
0.0004476827370377176
0.005536578626074401
3.141725350193794e-06
0.10487324028584327
6.536003267983906e-07
0.00030165141926425195
0.16429657301352546
0.02562482763434503
2.184883788304161e-06
0.0008361396192483606
3.012185413868083e-05
0.00040959403429992585
0.3706371776971368
0.005203605139169348
0.0002537391303630743
0.2614877800108847
0.0008001607170973395
8.729195695024778e-05
0.00035372276819695066
0.15415562995081855
0.865449789389712
0.019694098142557515
0.0006210173822043781
0.09369910395622244
0.0002621204693494182
2.5163438192539582e-05
0.13083214194787032
0.9739525108133601
0.060133336332847176
0.007608376606596712
0.00013087425896581115
0.0027046256006442067
0.003617249087569819
1.0986780578580133e-06
0.005366334606207877
0.00017709950200006137
1.4474730388381956e-05
0.00014393686899307848
6.724003216148823e-05
1.556991928370007e-05
0.0001978039467851584
0.01988630229743917
8.185467989061326e-07
8.185467989061326e-07
0.0010313187309213103
1.0913113922435035e-05
4.076737855553522e-06
0.20925206304185365
0.00734125930828024
6.544498730058656e-05
3.9409086734424e-06
0.00021470725193461113
4.106683397956047e-05
0.8454271162179723
0.21258202703584167
1.822589447554121e-05
0.047335710110766475
1.1257774571190764e-05
0.000131066622623317
0.07777654516592619
4.457206552371975e-06
0.633135492377377
0.03131566704218697
3.5207131920094557e-07
0.0029368011131425745
0.2760084741958202
4.797848411606852e-07
0.013106837221647323
1.0060960965601571e-05
0.013920540906672156
0.96206209639866
0.0015673349835087474
1.5917677936207616e-05
0.0011784666543829128
0.0007057317872564615
0.013041367099264393
0.19072662260799375
0.00018264557996969003
0.0017092437696801324
0.028079677803049395
0.0002560362301079702
0.000838384182088763
0.21903725517722308
0.00015321957244388606
0.10481770636196916
0.011475081134796231
2.2568035068181904e-05
0.005009603843771876
0.001232420570875578
0.2750357028514469
0.14016015718357241
2.1671648622656045e-06
0.006478491218957792
0.0019725178697310468
8.02357922522483e-05
0.0012907711713821938
0.251513669707542
0.9755662060804433
0.026210400188008996
0.00450757573759045
3.437329274967948e-07
0.0023936460120834867
0.0001301627113560039
4.716587052928942e-06
0.011170346830735997
0.0031243526812599694
1.6473021031536006e-05
0.023914432329618318
0.39382718459015864
0.0008053002525664064
5.175878388364229e-06
0.007054108480368161
6.260074698468226e-05
0.03610670674123593
0.00037534177716185083
0.03644847173336451
1.9858520409830416e-07
0.0013655307498817713
0.02562482763434503
3.1101345347779623e-06
9.807524391650808e-05
0.01817765989162449
0.001968372897157573
4.985464399396875e-06
6.256841840652805e-07
0.010809347452086473
7.966786249340914e-05
2.6213588698610745e-05
0.00012447377957626197
2.498462911153593e-07
0.22402770808406502
0.33018803497601257
0.872813976648973
6.404214591435789e-06
9.553329649272327e-07
5.370567420413467e-05
9.541254009143569e-06
0.0029368011131425745
0.002022286414080467
3.207571034869222e-05
0.00042718795961634324
3.5981909240164496e-05
0.0024598016464745225
0.020780386922425436
0.035707772282996486
4.0299686025260784e-05
0.20369466189943752
0.14230993774342998
0.9856015653914668
0.0009561547492355646
3.7077558379140394e-05
0.05238838440917033
1.4134059280708105e-06
0.00031189390356030914
2.5136858666516187e-05
0.5310246041367954
0.05455492275713911
5.1582922599028204e-06
0.060061655620695154
0.025639584770563023
0.07761334860069193
0.7021474168672341
0.07517173365703538
9.301582358850407e-05
0.7557294198104468
0.5225141215805004
1.2084414020907805e-05
6.836122937133351e-05
4.550341184100223e-05
0.235020578646064
0.009027651447299183
0.1373776788451023
0.005440688442630645
0.006308973692795511
0.0019944216549139886
8.268118141219607e-05
0.0017338277810754763
0.07508646192420089
0.003071725663605007
0.008413135570738592
0.0006910311755085668
0.00016487527036450198
6.41469546540373e-05
0.006721314288383706
0.264873404599444
0.5031503148631609
0.27907286189640673
5.027458449666329e-06
0.0003847313008007423
0.0017260159945252157
0.023006255589574098
0.0018614972906436883
4.219205140013355e-07
0.09065711461537906
0.0013416882510509029
0.0006257499531312682
0.2535489846644807
5.22360001632752e-06
0.0013726904384773096
0.0022921629913697865
0.22818024178047622
0.00011043642805614967
6.482458612646997e-05
7.879352362919338e-06
6.577607167101004e-05
0.001224005934261123
7.393416012244531e-06
7.641140394487868e-05
0.0005452050281726498
9.514673353260654e-05
7.254539360237012e-05
0.029056066713508973
9.388094341013082e-05
0.0019106394670237445
0.1487570142528889
0.21656543299790496
1.0752718027063654e-06
0.011810053410790139
3.4066221802439642e-06
0.006770687452505624
0.005536578626074401
0.004248237510322493
0.0009897982186205165
0.08876807450877887
0.0047856952242163785
3.0071400155089098e-05
0.009091585687479168
0.16191924717428136
0.020894971744823965
5.272184188999146e-07
1.4287446025020997e-07
4.720855676419045e-06
0.00020737768431243754
0.0001503442465800598
0.02562482763434503
0.01634593641268037
0.08591045064202879
0.025987787614593826
0.09843301144524794
1.292329722532339e-05
1.1430310458941474e-05
1.0297071419480711e-05
0.21791189780130618
0.00016632920372833306
0.01166208433987725
0.0009077306839400875
0.042953984415905797
3.0345197307858277e-06
0.010895742455955985
1.1605674207427476e-05
0.00038450627985412746
0.11212449689298615
0.0011002874327613738
0.38673040662379915
0.002636314235896156
2.0325187681413128e-05
0.011913090708899936
4.512676516760278e-05
6.047622587744203e-05
0.001045592003704233
1.3187294260831138e-05
5.2146439112358315e-06
1.5632098949421876e-06
0.003924142614745262
7.288948849706429e-05
0.0006540125374559837
