0.8242554829028647
0.8266261109561054
0.8609253447556071
0.9223754581347876
0.8342410310576335
0.9292124438224216
0.8504049934361283
0.12342790526008691
0.9129754259636366
0.9060353496182127
0.8665088188382157
0.9250324483297091
0.9346684987416991
0.7798611080559629
0.9014176216787045
0.8897016631079319
0.805421658150041
0.8469239276348607
0.8661478328619998
0.8621436835024017
0.8500098193721806
0.8169911094967642
0.876910822803184
0.8401393133166707
0.8870405289531372
0.908706427012683
0.893872184932593
0.9384158088614266
0.9363270336753009
0.040247035083614574
0.9430506222026206
0.9231162631834734
0.9243908170475659
0.08318407603919786
0.8813749116462974
0.8073058649042976
0.9441004272573581
0.9453712458038117
0.9331327745261578
0.8938109026614053
0.10238931496168717
0.9142918560108886
0.8183981337984908
0.860630798477125
0.8855994312739061
0.8661662914662672
0.765840521982908
0.8676883877716197
0.9010365833879359
0.912650568848829
0.9178242830498242
0.8596693597356255
0.845798775618033
0.8703212816893633
0.893293347143928
0.9117598057196213
0.8863054164647213
0.7997639503997664
0.8810321758400568
0.927967192241969
0.8857824686765369
0.8341689791348199
0.8495095011837266
0.053269255738619806
0.8003535202051467
0.9094748209926338
0.910948647875137
0.8964129605195451
0.884029429458626
0.918365668254367
0.8743302253787703
0.7852076480527602
0.8620343326413389
0.8798120519716196
0.8654270940954703
0.8643601959189584
0.9028003717457239
0.8363098523763873
0.8601979731638741
0.8591674693220388
0.9108790108138137
0.6858561185679124
0.9130205256751945
0.8976622836007115
0.9197709870833155
0.8977858753510014
0.8991048993789932
0.9120246509365469
0.08120264534368984
0.9162768824505294
0.9326782613699145
0.08120264534368984
0.9058233262112324
0.8894600056598484
0.8722228076801124
0.7959656180159963
0.074590689393681
0.8701275252975952
0.0893501096760459
0.894497495736198
0.8090888838244883
0.9238438564576914
0.8824015731905355
0.905519998496606
0.922125442619222
0.902967519029436
0.9085309077241176
0.829512426397525
0.7439638704733008
0.8906724367856313
0.07934800463005101
0.9284825444634336
0.9065451182489364
0.8900375235012581
0.8070258092893845
0.9038259970494278
0.8534407019604359
0.8972887159936369
0.8870578127126364
0.9078093686543042
0.8988609931119134
0.8807431814666878
0.9082102856107441
0.842373287105985
0.8710829040790371
0.8680837238504542
0.8490789434562352
0.8282587133850319
0.9203988512756274
0.9051669596442937
0.9262529458638035
0.9059909982944426
0.911330381049805
0.8987941026475085
0.9263521809864418
0.9251146605905276
0.8515030937547127
0.9102689180935309
0.9074670910662391
0.9056480763079905
0.8604932944148053
0.9187322308322279
0.9107633214858961
0.8356766431953487
0.8847646152185985
0.8540899627505688
0.8738524707294762
0.6900302476753226
0.8813223656715027
0.9007945080302253
0.9047184441445544
0.8440413027522812
0.9023764612538477
0.7796748750532035
0.8896568287470842
0.9022008489639433
0.05720361012446418
0.8890778692121548
0.9128314406383586
0.9092407181424402
0.8945349580686994
0.7630407647366646
0.929729026509823
0.939540987803635
0.9037483636914702
0.8969074262266431
0.8708448369212738
0.8765684730049503
0.8466909651810597
0.8888680200223202
0.8972203068958428
0.9123593113679074
0.9015209963314249
1.0
0.9307890203765026
0.801900363928402
0.8433094678126724
0.8901004297771832
0.9215694942936505
0.9029059677771298
0.7683109900683895
0.8700474499941313
0.8727989141610809
0.9214198811290223
0.9138052361516065
0.6963666639872564
0.9116578171886955
0.8796947181889104
0.8747142817094485
0.9229812017210975
0.7236388753480986
0.8750412279277129
0.9091672285371367
0.8880533542837751
0.8856996438268099
0.8789304148685312
0.03115063636940862
0.9061634045059754
0.9075758557343819
0.8438853893328532
0.8786299804726273
0.8468991733230082
0.900154353876679
0.7827211373708431
0.9164657476258471
0.7628620338507281
0.8828119801725142
0.8949965457814928
0.9074329505851249
0.9515020636658449
0.9048657237763781
0.7777784396988772
0.8977180966167247
0.8325152828529042
0.9345674894770637
0.870493551755055
0.9298367947068377
0.8841342305102156
0.9198510086525227
0.8956098992303899
0.7931858192231361
0.8266339661239956
0.9160461380121208
0.9064727673872327
0.8975046199991897
0.8866851128894543
0.9130388166775811
0.8299421752964474
0.8609695500300022
0.7149624567540792
0.9115746621255331
0.8636606221266205
0.9002790697087522
0.07571607392366532
0.8684479071556144
0.824581763985538
0.954791876623944
0.8359574344116171
0.8436705612241554
0.8983100931775325
0.856466073965195
0.9046311561779768
0.08218842537950084
0.862919518954375
0.7819148000479319
0.8583746462769568
0.9175891591340591
0.9036065848047832
0.8363784465068098
0.8978396487948744
0.052085779335889586
0.8959180544503382
0.9209934429838947
0.8861046141030584
0.8093357969784208
0.9132778707728436
0.8602642254065854
0.8605036561503012
0.8353895230102307
0.9012023276829152
0.9004165956096497
0.8948985310149516
0.0
0.85589685976473
0.8565722567413159
0.886106941959669
0.814272652105697
0.8967427900809302
0.9097290607983517
0.870613838590911
0.871364895909031
0.9323699234232592
0.8882905133288147
0.7934940062224582
0.9434630478762894
0.8716946647204288
0.8553742405529411
0.9179286006969972
0.8801743584106447
0.8725278035748882
0.947029515244446
0.9230310956680549
0.8814992941228544
0.9301475818635527
0.9117430308128257
0.7318002701787837
0.9028080311690166
0.9214865515528112
0.7973815648580322
0.9138605421104646
0.8971258654104011
0.7738699133236784
0.9330027980222912
0.06153518855064566
0.9073705811125795
0.8892041243568207
0.9196366308476172
0.9328039286050814
0.8846303357027027
0.9282430441192507
0.9013454329999908
0.9206904305993104
0.8796793956108507
0.8727527055441102
0.0893501096760459
0.8520293109991676
0.8840165366084206
0.06037985884695106
0.9076387373580949
0.8152538610989117
0.9470783973829655
0.9377152707982063
0.9344485586216489
0.9143522245686282
0.870444202647079
0.8763511268644526
0.9274991912937797
0.9172333814618431
0.07394078216086147
0.7478983115877357
0.9279877974746128
0.8962703483716912
0.7750828965484032
0.7945778091960601
0.9030002069659608
0.9399515328351994
0.8980278161766786
0.9005133256648367
0.8435675040823483
0.8655454038604692
0.9008569248671958
0.04519065259211284
0.9054149419063423
0.8717118528115038
0.8771619868847865
0.8425109559444508
0.8655106130904605
0.8913914170043028
0.8873055348761795
0.9019813962939517
0.8742025685063354
0.08823058430036543
0.8639448999203321
0.8695341712116567
0.9428877826134036
0.917248410869587
0.9063049953624307
0.89333832439294
0.8847576610520587
0.9322198834851508
0.8762229095980236
0.9017778238141839
0.05475838379703437
0.9099715576016153
0.9116471385353718
0.8433737489353468
0.9393698702468697
0.8636967261318983
0.7701418289949005
0.846707093081763
0.816630989453265
0.870016461123787
0.843435398833931
0.8439540674230673
0.8862341512239278
0.8947327216335363
0.08218842537950084
0.84800741148382
0.9313503018678644
0.9176242668232897
0.8763764404355626
0.8761877049549808
0.8563033325620868
0.11160421486934212
0.8935289633162545
0.8403457919365507
0.8610445170180491
0.8750752238902121
0.8941092515302781
0.9021682537915114
0.9000298067608218
0.9151910369855509
0.928745377436882
0.9076643174148232
0.9327035910139311
0.8794052302885593
0.9428549880169281
0.9164378586217431
0.9396955348095435
0.9191035025198295
0.9166736243432247
0.9050884104854493
0.9119107565636506
0.8250163821984794
0.8916586056753364
0.9052916352765703
0.8893984607609716
0.8914675678221081
0.8329300934946892
0.8619550483398633
0.9332190272012537
0.9159723344833332
0.9007740552824242
0.9022305216654541
0.8541715450219218
0.9209540783035797
0.9176736335586672
0.9004046641398235
0.9182105271235194
0.8534308739405058
0.9322512894749198
0.897295000566925
0.8619106430419892
0.9089813861689532
0.9144413364583807
0.8932252912098263
0.9238518452168069
0.8598708928074923
0.8867725367720211
0.8834632454315119
0.9026901521192484
0.8786609303912454
0.921581556747515
0.9168795523520035
0.8980811583402645
0.07320301650182506
0.9298855562992782
0.8765468012305316
0.8710425834032981
0.934920245653395
0.9226799158753499
0.7979604376911005
0.879233934491555
0.8920742274714927
0.9258342707320083
0.9391896640061349
0.923239866386929
0.09421032124690232
0.9193216219046301
0.8744827561600368
0.857580659848554
0.911375682487687
0.9212913877618697
0.9052003972030191
0.9046934679500013
0.9094191449620124
0.9183093326833498
0.02093887815386646
0.8771437270115244
0.6704696452541721
0.81936003805266
0.92072412518948
0.8850499511435923
0.8283800858628294
0.9365168933971229
0.904157414057529
0.9203990228676145
0.9078052415372373
0.9237986679366128
0.6059604041926205
0.8414298060431443
0.916082659724464
0.9399997116449308
0.9148379393420094
0.8193480530830469
0.835480418406465
0.9244695291965168
0.8881744348314269
0.8932786590247914
0.8850558302246059
0.9125041452937501
0.8243911280093653
0.8043363741665496
0.9058585880126007
0.9529955739289465
0.8921693735254875
0.8330473630119628
0.9051107330801685
0.706666616223703
0.8963628859342956
0.9276536328731381
0.8980338462341283
0.9353346972113536
0.8869721304015911
0.9025308217436254
0.8821995255463279
0.9121738226134847
0.8999253591097472
0.8617178181537015
0.8934628977072463
0.9084858818462991
0.8780579547201652
0.0893501096760459
0.8843944806216716
0.0893501096760459
0.9109494685826068
0.9095545218239813
0.9122946280219772
0.868620622372465
0.9184428907173323
0.9045626289423075
0.9205501994793749
0.9071150791509786
0.9166303483425838
0.8990901144989264
0.9159009916998987
0.9153906806027403
0.8191931947134908
0.9028233082222106
0.9026338024596164
0.8149813690225358
0.7968869522724531
0.874330327839013
0.9175781501335474
0.9047082681393391
0.9098512438708045
0.9052820180050726
0.8820954933563562
0.9205609279543545
0.9113968606049194
0.913475967488291
0.8920993948508493
0.858703348373333
0.8764315785607332
0.8924823477249623
0.062361778120469225
0.7577741675046161
0.8617636829893371
0.8847463137956628
0.898900982480212
0.9411127989920848
0.8811952260942536
0.7415509593172293
0.9018416369816931
0.9263625140588512
0.8995961162839149
0.8905576377324478
0.0734625918115813
0.8771333202699826
0.7706210954392075
0.9038937853237855
0.9021559731731892
0.9090351601371863
0.9283505846206799
0.8321300326001717
0.8731254500459104
0.07975014980342959
0.020673541552881997
0.9115924063450068
0.10338191687651062
0.933689948942903
0.911175327242815
0.9517986221947553
0.8613577250596253
0.7486120924079294
0.9016390152684457
0.9100180990411346
0.917987987889035
0.8344966581405581
0.8701604308878459
0.9072428559075427
0.7028290096135789
0.8873906263454451
0.8434675465464735
0.9299444308093553
0.9008542630046095
0.923010913741014
0.8687081254167092
0.9002458756000309
0.9240473227469631
0.935933385516902
0.9151957257144349
0.888686796643496
0.8818949412596871
0.8774570634825279
0.8927699402608379
0.8598248187139399
0.8846450622556774
0.8812588542908228
0.9235697928453166
0.6293550776525185
0.8705431941414808
0.904987933806567
0.9091103568348728
0.9412462801920414
0.8932532662278228
0.8928021182294308
0.8226031338420331
0.9345605841742106
0.8145557448974985
0.9279897783398687
0.8809294116351397
0.8641252204981964
0.9143920476056946
0.8820916981668243
0.9177380498199875
0.7896397979375728
0.07915831576234784
0.08889223620659774
0.9202117848322474
0.913263365301747
0.9489955522124335
0.9330104903534823
0.9079093489759281
0.315603400276158
0.9075893847380155
0.9038010012751175
0.9052103969385543
0.9293379394311437
0.9183828053968824
0.8243010612137626
0.8781960094752038
0.9343330465787393
0.8973751313439726
0.9097259801484338
0.9292116495615685
0.9300645120130865
0.8263023180788505
0.8849834633457184
0.7431058623024879
0.8937009129898364
0.9292333475466641
0.8897566379988245
0.8947268079956867
0.8206736957434958
0.9384769816769389
0.919314567948646
0.9397921881228892
0.8660057853214485
0.93453531323191
0.9091271858008072
0.9325453122754994
0.8172467026439906
0.9172457845947349
0.946692432812982
0.8570667032358225
0.9062021625841045
0.8364079301662921
0.7937018369546227
0.9019840726485736
0.051858789048776145
0.914949403771589
0.9035247413149825
0.8830376873530555
0.8461583676963428
0.9207105153253312
0.8596644121920058
0.8268586133851534
0.935065529581936
0.896227238455604
0.8629074179042131
0.864560693501896
0.8465370273494691
0.8718456378223097
0.8179237029131348
0.8289859183740269
0.8338877079477428
0.8529963855384852
0.914961830880753
0.8827380621692964
0.7483518182338974
0.9114948802723868
0.8495700714473797
0.918447896468394
0.9181819601206552
0.9539370628517447
0.8105425373113317
0.8649221153285367
0.0515506174352273
0.9293558020002761
0.9143522498042285
0.9253639783872378
0.8972834298647201
0.9440289920620373
0.8882286140059331
0.8868854548031404
0.9357776850648688
0.9331006260436732
0.8908311612704106
0.8402862678057891
0.5856586239181134
0.8412800839189574
0.9068242832491915
0.029097412876523118
0.9332603991067159
0.8927201202568101
0.9189364777388261
0.09865846933040887
0.07900571630192124
0.8962069538162332
0.9283862994189174
0.9238811145790794
0.921043866318122
0.8926838404203892
0.9289651067054221
0.9304754907190744
0.02781545387088021
0.9086877303472419
0.8535096643763368
0.9549389100163405
0.9086836664190885
0.9001543538333281
0.9177840261977779
0.8765589509588299
0.8840319115454286
0.7915588339053953
0.8705722444934301
0.8966631211717785
0.8927766781740496
0.06645494406112862
0.8969459412167254
0.8933989481096409
0.8713323761588777
0.9006395438894156
0.8957194591384405
0.8896802761207231
0.9001206241413725
0.9121256797778889
0.8453910229486885
0.8525931121032438
0.9111039246173206
0.9051610331267086
0.933345390618298
0.8882280645535523
0.906570885209694
0.8212200078271313
0.9142312907672628
0.9392040292013587
0.8986569792077288
0.9016994262898584
0.9417638808721696
0.9253784476348726
0.8463067670075047
0.9111564285486712
0.8322997211085502
0.9218014155679747
0.8826525378767793
0.8500264325854835
0.9073743210527135
0.07394078216086147
0.8842464729015362
0.02097536186569623
0.8819510884879496
0.9060138345280455
0.9014951536364115
0.9152227351249365
0.9158028804871413
0.8902791397661575
0.8216353079932847
0.8200284677064271
0.8987359829325113
0.8770955107032886
0.8200872504665386
0.8894509145746263
0.9296696870194624
0.9153713809135876
0.8628244610695219
0.883579790108793
0.9104779008244848
0.9284050722465488
0.8975542288116778
0.8830063417131218
0.8662383167453942
0.9348652993656039
0.2258858880166253
0.918462970766855
0.8603770782525691
0.9000416415659452
0.9255527080838731
0.8651186783005925
0.805683817434936
0.9380064112351684
0.34477358450266404
0.8607920726684409
0.9417770400643418
0.9220916856770607
0.8986788199434413
0.8304522618809665
0.8926559312310819
0.09688855207925073
0.932336630338269
0.7667771392866921
0.876347356138724
0.8744227714432466
0.920560675354594
0.8469502535276475
0.901434142495403
0.895738684742392
0.8000759156907851
0.9047394597268055
0.9442255305010827
0.9269976316269575
0.9102343880167685
0.8778343786957391
0.9045476186752619
0.8990489199974859
0.7893959809007006
0.8658429815879631
0.901233829144441
0.9035347038179363
0.8666099502356025
0.8108139637975247
0.9218015633545589
0.9315888660829489
0.8807390298163953
0.8807924570487802
0.9098762694652459
0.9294999404651407
0.02093887815386646
0.8354401469428724
0.8461070539092264
0.8866868947472123
0.9016470196382497
0.9222994053575982
0.9202615656228695
0.9330790329655668
0.7770585956654847
0.714581915956149
0.9157353212595009
0.9370551868023786
0.9204993866955918
0.8919343272765755
0.8746072787944261
0.9055316013967201
0.9150506587370136
0.1130772781249463
0.8554550185682483
0.8694760922707427
0.8998852908812723
0.913507223342747
0.8964439750576675
0.9209186954646931
0.9060591996688603
0.7760970177524952
0.9126667345412848
0.888496881648134
0.9064524480053346
0.9326755069199162
0.918027026156127
0.9297213843269782
0.9305058302636183
0.0963183527595363
0.8984109808015847
0.8735705703524184
0.8012801805133798
0.8179274214260206
0.8568397653914361
0.9133073182951085
0.8702730506466672
0.8887167433210371
0.8908455061657548
0.7623355195258635
0.9364394493290539
0.9165620088383399
0.9416840389304089
0.8443506407377144
0.8685863150801266
0.900546103321223
0.8991622916145096
0.874879266328061
0.9326603298693743
0.8993034405376884
0.7032171415670944
0.918298568345317
0.9152743459097578
0.897438675003818
0.9258609079200728
0.9357353952133267
0.915868808669443
0.9152272384892175
0.7574121667245005
0.9355848954230332
0.8978014373223039
0.8776151023215759
0.9124804502439627
0.8110544113449127
0.868909872719986
0.8893742122169705
0.9151250026976281
0.8832569163714303
0.8841899407091981
0.9202223253472432
0.9288475510626687
0.8915665737551653
0.8862897805118984
0.9201107120056746
0.833837337149318
0.8898081508510194
0.8335169448472947
0.912103522607096
0.03482000343692899
0.8642789743086624
0.9016905909945492
0.9012651825699947
0.8923316560105382
0.9241962286824206
0.8330390294382434
0.8411116332162979
0.04922602860742475
0.7988906381937569
0.039227155842792925
0.824139977679305
0.8793273676535077
0.8125961374413543
0.9117895345776829
0.9186457796136481
0.9269436379788505
0.9000278133234081
0.09857835320867393
0.8974250899982489
0.9051386498756712
0.8691836135276877
0.883374490416523
0.9069326098157848
0.8628944953788203
0.9250166908600865
0.8306422754281677
0.9067373019236007
0.9091952899314718
0.9346504049883604
0.8458306381031682
0.8866942372305887
0.897506195102462
0.9187833742272432
0.9343664833011738
0.904733443604591
0.924775436806552
0.9153432074650065
0.8780410629208726
0.920314307992614
0.8937529034963837
0.9250806192134168
0.926348913488752
0.8101814808170507
0.0829507564207791
0.8259291565722519
0.08268788169132477
0.9055103536286834
0.9347198735632257
0.8972572112234998
0.05527794996407183
0.9058539557835784
0.8645191357402204
0.8810432564154845
0.9148779985374713
0.8693911506028
0.8898284056898051
0.9094275347644513
0.9398297567212885
0.9159157165471747
0.8606945564659451
0.9112303542598079
