0.9509196430827755
0.1228640830899397
0.9230651715874126
0.970888978784125
0.845121281670703
0.0936833684577006
0.055149225366969375
0.138954638242815
0.10432062306322602
0.9536202566748547
0.9434472441380565
0.9444010052066957
0.9693390110798857
0.8415681815626204
0.1337077889608925
0.9507155281214774
0.86622915365501
0.9156672401582427
0.9014979048530868
0.913583025572451
0.7090314150444558
0.8373181275901744
0.723088613822044
0.8796199804497877
0.07382485288686191
0.9416777054191321
0.7446586542523767
0.9490694585023091
0.9724467414623681
0.9286007314182312
0.9553475074521723
0.9815346452990045
0.9425208617943978
0.0973820264304997
0.954999579474964
0.971167931469362
0.946064297719715
0.9764785802150149
0.9706812515020141
0.8729227557839004
0.9653946612367647
0.9704580006337428
0.8941393032578254
0.9141899627976992
0.6586466735617504
0.7361656044653723
0.9160114294222137
0.9803057341194793
0.9507325980102851
0.783642614901946
0.9099687637792739
0.9576102132546337
0.8881989205607533
0.7500852918875546
0.7196152777865399
0.91360717493471
0.9525604491884282
0.09635350108443805
0.9579282801933947
0.9503069206130603
0.8784500408482371
0.9488569063610304
0.9422483454871396
0.8501127919910316
0.9366623076091483
0.06647946979342954
0.8629186203741345
0.8720978067443662
0.8919384481410527
0.9449543649463913
0.8913295162578947
0.9338095673291054
0.9092559351309248
0.76734584270569
0.9324318777428244
0.9346426121447465
0.8917776049184901
0.9061942130925363
0.942573047777762
0.9456926397758127
0.9395529506779531
0.8772708704841591
0.9244026264193503
0.8838135336158751
0.9325589119313497
0.865215966272473
0.7069275749783059
0.9369791261056021
0.9109004681104002
0.9459302219876294
0.7945718111817357
0.944303987141254
0.9496715349426466
0.9741260858202259
0.14253465756839084
0.9084362291353433
0.9340319671634896
0.8536719663706768
0.10375165197978284
0.9327094004630905
0.0683460931972783
0.949226630701918
0.950043958545486
0.9314988834717043
0.9460799832673095
0.09533517227342549
0.9493376453430211
0.9445731955964459
0.02179379444726624
0.8938126894265093
0.09341929448713863
0.9185556520325511
0.9041092454461062
0.8894115915331513
0.8595319322653691
0.025404387733834043
0.9197776910064532
0.9100983891733226
0.8864203064250031
0.9282134028967975
0.9574218292653908
0.8437736997348412
0.9017674997420746
0.7181401929223841
0.9298830864928448
0.9177921807900075
0.935103395647878
0.8935859094607428
0.08442650331918325
0.9467894395165506
0.9831454638334776
0.9719040632441756
0.8100682646207609
0.9653867171412738
0.9832273786762233
0.8723491418535723
0.9282444733579303
0.901732329213703
0.8766542727629246
0.9426186549322927
0.912502044920668
0.8858415169482583
0.8732866891169502
0.856855950583368
0.9067896020960885
0.9204182949922667
0.9734320508396398
0.8682539588914736
0.8639488639303048
0.9349518313623857
0.9254916347529152
0.936706114456916
0.09332887866585136
0.8812481315358792
0.8738895008918144
0.9237421527066957
0.07054372984972383
0.8656677311910764
0.9422020626030368
0.9557249061855069
0.9148348961032382
0.8667467436012605
0.7785414394507814
0.964965509460424
0.928435459195015
0.08733955537696304
0.9097313820601554
0.8413739323011216
0.8381865189518196
0.7317316287774859
0.8924313279081095
0.9014427197037707
0.9127709644960427
0.9307101243416297
0.950332127078931
0.9373908358019313
0.862323032806631
0.9225114877885143
0.9177705163719643
0.907632363995845
0.11856013351371933
0.9663318010821442
0.9151320270064633
0.9668138480612948
0.9229304952673818
0.9365030991770116
0.10375165197978284
0.9446018444206971
0.9206886848527053
0.9373627972340995
0.9067985779816817
0.9275518767106197
0.9186306456747949
0.8072052147577411
0.8582113163868045
0.9785930289217852
0.9578133677642626
0.9498930068788977
0.9354506114807017
0.9380779673618418
0.6860153955904206
0.7067984353984793
0.9299293243520003
0.9534510344099136
0.9397836347083163
0.8800327937889814
0.829977768984653
0.9149967715514288
0.9123232108722052
0.8830161462281828
0.932363891288893
0.9596508537076973
0.9379217198742622
0.9593206463302211
0.863102987048169
0.9052245239841963
0.9622405409650315
0.07947123918943305
0.9675672735496397
0.867126892585269
0.9159556595631495
0.0788989000024383
0.03621487569103991
0.9374818688692278
0.8242089726424954
0.6710930673957677
0.8634322778932081
0.10501557322765545
0.8793829402846435
0.8469602787051925
0.9418283741873993
0.895389328875566
0.9546010811277886
0.8248756376088646
0.9356946515589247
0.9197866664129444
0.9444785953607326
0.9461082012138557
0.8656085110979002
0.8546736661972981
0.056471257544429956
0.9591730753438912
0.8907058884777337
0.8871305703050728
0.1007238620451542
0.09635350108443805
0.9211732732665483
0.06183993632166929
0.8365904617790203
0.778188799425753
0.9523069452030851
0.9455059720483612
0.9465233317585168
0.9697283180330657
0.8694253519548338
0.9466110418470677
0.8733633454368307
0.7414139957996548
0.9699334308477912
0.9625683166867175
0.9732647646342207
0.9296316977224035
0.9195579897334384
0.8624421301653168
0.6815405124006912
0.8548773742763037
0.8554409284560138
0.7934429781977475
0.9452419257772234
0.8800512873488852
0.9355440584385568
0.09322334241660235
0.9200574610101565
0.2752309514948857
1.0
0.9588137966715182
0.9825778090500242
0.9720720234082006
0.8912208648829351
0.9813337558911905
0.9492528571888943
0.38262638593871745
0.9423360607561729
0.9458380731271042
0.9101131288896018
0.9509807361191147
0.9394876182671992
0.966225921817452
0.11689865710648993
0.9650727186394127
0.8638507755574264
0.0796612381227824
0.9598837863193816
0.9314151125850028
0.7596863507993132
0.9606767875789206
0.9196508967920446
0.9631506354850154
0.9549638194832268
0.956235875630187
0.9031728584753697
0.9235944339700793
0.9078642694836676
0.820480706688206
0.8673462191351637
0.0838883243277659
0.08783353475586125
0.07382485288686191
0.9389589985269351
0.9513335381918244
0.977409708168512
0.0612388331052095
0.9722723271222538
0.959239764256816
0.849209460336435
0.0772198255077129
0.9213077325037534
0.07587221175395871
0.9445272662999527
0.9382430102706524
0.10101765616319569
0.846650279130751
0.9003012654285405
0.9754584269658282
0.06763616493777748
0.9038775964615442
0.05926119801078901
0.9444907962242318
0.8831651836473473
0.9634342229264329
0.9532859992334308
0.721919086079457
0.9406981320251648
0.68514777808566
0.7986974778277812
0.924856469945511
0.9331802536992271
0.9763236265451976
0.035332881190749996
0.8924914944602622
0.9060082656462392
0.9488279467535835
0.9559607184455496
0.9256526690332199
0.9945188076370088
0.9722221406108317
0.6639709222149247
0.9803402229638556
0.9486554274301747
0.7985239085286255
0.08430230000108446
0.9803402741618018
0.8778749225937732
0.9499764732459383
0.9337937489143041
0.9584728853204327
0.8431582858000675
0.9230142512672328
0.8839254240388326
0.9179284382665588
0.937204457021671
0.33608498794086317
0.8922610034623512
0.8674848346529886
0.8904404033243751
0.9496029580490546
0.8209801858341759
0.7735523242975996
0.10263842332850745
0.9723625447870277
0.9260177360093464
0.9703316449008184
0.9460257139786874
0.1267405497646665
0.8400237502505956
0.9668949615695005
0.08773654621238072
0.05617532248962961
0.9677032339957294
0.9010250858969715
0.9281872390297253
0.6304155879468979
0.9212665436345704
0.9184588723247031
0.9808098492986144
0.8543056224606144
0.8701621351688582
0.9246420716601679
0.8024625324637622
0.8740749608261918
0.08783353475586125
0.8719127428762937
0.9574500839761294
0.6634705209051832
0.9060818667372601
0.902869650034606
0.0
0.9369847128572032
0.7787554456730204
0.08937663677467513
0.9358331059403403
0.9309506726270064
0.9302290389235094
0.9553159660606074
0.846791750194424
0.941032730519258
0.08910688603415166
0.9672211947934845
0.9588542550198931
0.9002613624652047
0.9412078845510419
0.8780796014030935
0.798148073871422
0.9140849743786426
0.9501160465247647
0.7677507753853837
0.9141325413813965
0.9613916278261592
0.9675770816658369
0.9328121703864056
0.1084677019713657
0.9332415283962439
0.9541338746108385
0.05022758312090892
0.9559707980024937
0.89956165398691
0.9211541686488894
0.9369240240706862
0.882363519335813
0.9052889622277005
0.9197967347619738
0.9256888678723479
0.10375165197978284
0.903924858620679
0.9803466371393468
0.9303413489488215
0.8593904233193561
0.7443458301590541
0.6907166426490313
0.950866054721595
0.9748047476734149
0.7687238321804587
0.7016673949247783
0.06647946979342954
0.9620353136960615
0.9232781412513315
0.9527838583794677
0.0330815982912097
0.9451863986691592
0.7761651964486039
0.9331817457415003
0.9442576881531864
0.9745264648549512
0.8051925979450717
0.9653093994806022
0.8998198398019113
0.8713674847216385
0.08823860157326885
0.8634555798683885
0.7525081398600196
0.9527240646765552
0.9414269060776391
0.9447531792820091
0.9576882256375767
0.8468409385643426
0.6778558451114833
0.9479258763928989
0.8977904229691067
0.9474151541353565
0.9170239429720557
0.9411117747418175
0.8845660106930054
0.9401881227025216
0.8991711957935686
0.9219116676622368
0.9306585179676543
0.8299543893171561
0.9208486259328462
0.9471728499081061
0.9434655862054675
0.9540565575133095
0.8742779759049102
0.9238553885271044
0.0691805061481866
0.9521286481829773
0.9680709566766578
0.9184565722285516
0.9625753272409585
0.9522055717764837
0.9410699224773847
0.8747653872816976
0.9198744652068479
0.9145226771161489
0.8991655684849628
0.9051867161028188
0.9560183585134607
0.9233600831493608
0.8436363257515261
0.8774286573282668
0.9007751698430988
0.9729752424141878
0.9506334816542737
0.08771926803786925
0.9134836611090896
0.7959651549192692
0.900047906618066
0.91200508221948
0.8124372577952452
0.9328247913718163
0.929771441221072
0.8565476427287652
0.9056490157412433
0.8903831118073787
0.983139095364107
0.9493039799198227
0.9655903685581488
0.8413771967073401
0.9568594083155033
0.9400484632833256
0.7869007323873937
0.9341812379615768
0.9724616447264902
0.9244726541862149
0.9313035366977945
0.9527555655870019
0.8773125003172809
0.7968266170208931
0.8998161792211752
0.9212646160794373
0.9685090446536609
0.9724173696315519
0.6616920094425589
0.752987507754725
0.9251754173123171
0.9561465428988727
0.9248208769355558
0.9172510974336796
0.9113286500272627
0.920762604118487
0.3157220520765105
0.939430668261579
0.9767967474170016
0.1167837464850082
0.923765118273156
0.904386410430892
0.9023834776942126
0.9309751316862366
0.8758871646291568
0.9405620622858761
0.9799806466741574
0.9101241002784377
0.9740019680420421
0.9583393647755335
0.9210664048124143
0.11684554994187493
0.0909457520769284
0.8927659896587765
0.9505211776689892
0.9190984063578534
0.9171555759159044
0.933729436556635
0.8499397065422301
0.9164735099686863
0.9036298512814397
0.9855424270222182
0.8435214429635582
0.9405968553560781
0.9401995074838223
0.8908562835205623
0.9674008926618711
0.941706359429081
0.9074209157144406
0.8935418419327434
0.7157848684988709
0.9615089825865727
0.92298862741264
0.9225109081959054
0.849332982808336
0.08293519496587251
0.856081587911942
0.11992468655605804
0.9230117454870157
0.10071346331891703
0.09228339878396181
0.9390140126088844
0.9264705137773039
0.9427911717768472
0.056524880626902425
0.08372468990845028
0.9237701621312614
0.10042344413200967
0.9452601548638606
0.8235637519613016
0.8813491239552664
0.9239375285807041
0.6724844614245569
0.8158761956067988
0.930298679517629
0.9655818578617864
0.9554766822100289
0.9319018291046985
0.9829602659605093
0.9828003816103416
0.07382485288686191
0.8662853494598799
0.954697578598566
0.8979028421106736
0.8989578502444476
0.9675802194050748
0.9572140067005038
0.9293043918660358
0.9517891853546065
0.8822438029056289
0.9462779917102978
0.9077486318666952
0.8409537158388528
0.07877903016765048
0.9701958028495011
0.9372906623798613
0.7756910081067381
0.9484717511556601
0.9198700582023551
0.9162075474323907
0.9359308702989356
0.917794645481914
0.8208821774166171
0.9819030652531235
0.08888762153783211
0.9337807120285827
0.9731477204408995
0.9325098423445145
0.98933137424431
0.9597063171535473
0.9430642566742803
0.9946687912794779
0.8781515119251846
0.9124542961604575
0.9754409928511063
0.3481292773187963
0.9485644851904491
0.9535059744186488
0.7780225622924233
0.9484465727121358
0.04649491326479775
0.932981247973994
0.9556065668829647
0.06647946979342954
0.9677334173062853
0.9492621751041191
0.9635312825835778
0.9237705096636746
0.90557298170376
0.8942004508019716
0.9073502545359255
0.9508061245422691
0.9234385033260513
0.8488636369869413
0.14421129514880363
0.9460102459164595
0.9103260277905818
0.9334183179846178
0.7324229060680093
0.9605050958615131
0.9332039758537515
0.9333049703421604
0.940089942683855
0.9165536461074422
0.9452390624815662
0.8956800077116935
0.9861741899148905
0.7861959124303308
0.9436719424437817
0.9390160600865206
0.9498206273041618
0.9501630065326337
0.9374348933184703
0.9698420024918295
0.08295548450995051
0.8735311623486728
0.9717709179361471
0.9552249133627502
0.9427388223087061
0.06037192066227014
0.9604128731362205
0.9577612550562333
0.05337485281877988
0.08274775570520437
0.9246257597915296
0.977213097724711
0.9475971263764618
0.9869067718457001
0.7626305982262305
0.8158981368651913
0.9409428366012469
0.9249087637753997
0.8550825541086682
0.8918128111039129
0.9726128385515206
0.9789595376658387
0.9565662898774785
0.07442289563093371
0.9545556080128599
0.8227920663086924
0.9434863452762313
0.11044562437543647
0.733286933737525
0.09466939864189142
0.9125500438170892
0.9338403289268291
0.08010052705170123
0.9863216965955163
0.9863335945059715
0.9498206871105579
0.9579643487726763
0.8802247546344125
0.9512206066025481
0.8883975544496633
0.8613014514186452
0.900958799491417
0.8993917752536369
0.9670507031785406
0.865884004000235
0.07754024559984053
0.9435884389241792
0.7038002340874001
0.9004341395846932
0.7143354978704581
0.8982215681937921
0.9123666005567855
0.11824676551801894
0.9508449604625232
0.9372418836451257
0.9580295607005518
0.8074286825193036
0.10453816872862715
0.9451588616201612
0.09533517227342549
0.8654401972848562
0.9321729053524003
0.08783353475586125
0.9315921484052755
0.9194696244676559
0.9352393209546969
0.07916067115913218
0.9265619891646062
0.9685861909937605
0.9396858190806966
0.9140123145108059
0.8144342865701245
0.9316443095416064
0.937533436409796
0.9303276991507456
0.9719739443457511
0.8952750828455307
0.9289505301284078
0.9385188005355469
0.7590455889852977
0.8474473706056008
0.8409437208182633
0.9168681155724341
0.9438081807274417
0.05975439549389047
0.7556444410305313
0.9383174803121889
0.04185604782270276
0.9448006428524709
0.9460263660545809
0.9242056957699751
0.9305693081866582
0.9638281093727588
0.9117420905834642
0.8972799618460692
0.9424904665999536
0.9341449596545098
0.9837436138883859
0.08029684284590594
0.9367105371968824
0.9127027605766957
0.9198362567849929
0.9305566852667669
0.9574765162592832
0.7962368497272859
0.9179915961376112
0.8769361848120089
0.8865477365288705
0.9316329375420719
0.7793035749211819
0.8909496151162203
0.9127740486158689
0.9172784231440972
0.9369046799824423
0.947441558000251
0.9626124298927619
0.07382485288686191
0.9539943778982665
0.8881257783415671
0.9598971304184101
0.9031213579692295
0.9040756425701861
0.927682439810495
0.369940954277735
0.8610418646565399
0.941756942111491
0.7808994847207116
0.9335955763471592
0.9339911959366594
0.08029684284590594
0.9281062361749514
0.8837126674175421
0.9504336270446947
0.9410182090646088
0.9156090169342537
0.852745640588939
0.941751392236294
0.08733955537696304
0.9530358861753121
0.9606978304775843
0.9018243225764808
0.8278967567601909
0.06690089636751358
0.6548053290168341
0.9491860521341352
0.06690089636751358
0.9472119952778325
0.07627985473899414
0.9659218350633444
0.7578135251131223
0.975559562817403
0.7139032679895773
0.8682942437063844
0.850247663210028
0.952380397841213
0.9098462357197146
0.8911487660122174
0.9560019704668501
0.9149679182008322
0.9153357811403893
0.9613002787416752
0.10655581799081698
0.9537273738139666
0.9298034049270593
0.9691518680054301
0.9234004168060743
0.9186976907911318
0.9700686496789174
0.9172269476912698
0.9534381806527725
0.9816163293116769
0.11719771101955027
0.9349020384819817
0.9513100861501114
0.1017971135134158
0.9423241207345721
0.8842693002471607
0.9422092354118146
0.8322560407177505
0.8085673161711685
0.6473689916934867
0.9599688600577936
0.9049489654734565
0.9529615528044806
0.950187150562296
0.09393119952395118
0.9242176564526324
0.08881590110427447
0.9254263982387626
0.9633981956609601
0.8625903393425165
0.8143361520329896
0.844669461005028
0.9773178649543626
0.9690390801484897
0.9946651605548548
0.9009242968702612
0.09447493199771714
0.8967156367931239
0.8772080215403244
0.9108506683191783
0.9802746579843455
0.9435886697590947
0.922079433524108
0.9500345727373001
0.10744723249613487
0.8047493956713122
0.8843914067138366
0.08524381445159156
0.9179125788376576
0.9178263467058303
0.9467941846401473
0.9567211776727007
0.047421054652169926
0.8863577399131957
0.9146492683407977
0.9536366969169279
0.9390973567390155
0.868582645710083
0.8774994472731256
0.8317304819343933
0.7858012571781402
0.8552141801620321
0.65153817674213
0.8867435716391864
0.9137206320908603
0.10171588104531819
0.9638276326054197
0.9637189943518077
0.9786863117580604
0.9471408464357988
0.9212874603015954
0.9183967863226019
0.8987761725217536
0.9208047218535084
0.0675190365540253
0.9328420100792661
0.863732269128657
0.07449639728530025
0.9227484552199069
0.9209000462324042
0.962998681234832
0.662111942159759
0.9039086146976144
0.9114503511022048
0.8893631779693519
0.9197872009947485
0.9470192368379464
0.9506933370409036
0.7790105193823103
0.8005302927361223
0.9431135818404113
0.9728864870233582
0.8593602973446344
0.9664092562424594
0.9401208321155459
0.9362904067099737
0.09714100299628618
0.8278242912881967
0.8352307184264051
0.7978348314300735
0.07478583062618983
0.9551062818655927
0.9682345999747304
0.936003989311621
0.10442365618460578
0.9169644357500766
0.733040688194635
0.8796649819130554
0.902725843231411
0.928836334908304
0.9502601401069637
0.9411210669405732
0.8633283021361494
0.9272055493173503
