0.9457171180787329
0.9514924844470377
0.9730533952097428
0.9576209709281341
0.9564888986896899
0.9883851870325767
0.9233957923294936
0.943248454437485
0.9160671434960104
0.9410516354011236
0.9017667212945767
0.9430425633754962
0.8538398065959885
0.8860488899571346
0.8897490578117535
0.9483173551884438
0.905425062155632
0.8803623480003178
0.9288530653692032
0.8870528772490921
0.926231379266724
0.8667117982197746
0.9085324710288125
0.8667117982197746
0.941009594032672
0.9724004149182242
0.9830882865076557
0.9645204374932497
0.9253756373120374
0.960876132664962
0.97878120395936
0.9301109442233798
0.9495701808428576
0.9397390975848441
0.9402976969971693
0.9563364542503052
0.955859878983275
0.955841870625914
0.9359866440304613
0.8823805685578793
0.9322980865409581
0.9223157169738413
0.9322635866418747
0.9513872256912194
0.9250071671941136
0.9414177006065011
0.9090355148367086
0.9095847465822835
0.9267664699983995
0.8978323247656848
0.967855006496264
0.9505214628138842
0.8272550550698162
0.9433503399581333
0.9473977551003429
0.9630004175675725
0.9577113455775909
0.9146596475570365
0.9225572417540302
0.9123445882427517
0.9292497956083616
0.9012598145486215
0.931443810914472
0.962536275823947
0.9548865657262073
0.962536275823947
0.9651104359355305
0.962536275823947
0.962536275823947
0.962536275823947
0.962536275823947
0.9651104359355305
0.962536275823947
0.8793795607757621
0.8837726742020714
0.9091184032889739
0.8818731730591922
0.9040996705663407
0.8931424619558124
0.9099784790433549
0.9668574165362623
0.8740278600502297
0.9627959294792073
0.953767716630229
0.9438150122149382
0.9417297276673908
0.9366232930320757
0.9442633374289102
0.9559845912429653
0.9284626499442085
0.9442633374289102
0.9559845912429653
0.9306976265724606
0.9323723033988586
0.9063871415073936
0.9590231589126745
0.9038067130244908
0.9297151489098288
0.9451974158135421
0.958706889036317
0.93461794348854
0.9558678629950201
0.9428988747374963
0.9356704541964533
0.9156562328524337
0.9316807804039046
0.9314290181656787
0.9250422953757659
0.8395774655402276
0.9257147802153243
0.9169517694460618
0.975457163486847
0.9650472428678621
0.9692169529590291
0.9322320177632472
0.9634466611091872
0.9266642610227898
0.8969812280827866
0.9149421571518149
0.9437951782153933
0.9690709153779625
0.9638148129912129
0.9646035852777812
0.9638148129912129
0.9506328698031022
0.9376231024906312
0.9351509445925672
0.9552431390045618
0.9279914636793296
0.9247670218468547
0.9502646496640135
0.9561105206514399
0.9521871533851193
0.9554421070370476
0.9501035609008255
0.9446086099441354
0.9548313307776032
0.8612087999222797
0.9714686924265639
0.9749187093684935
0.8953576414378306
0.9178923727603906
0.9309739939613189
0.9497311253722347
0.9391017349419349
0.909146856808344
0.9377135588977128
0.9675862772755653
0.8576523683872899
0.9030819301749303
0.9069885776711578
0.9218004618467787
0.9372646194298275
0.8554031355694001
0.9083881849170291
0.9284465604969759
0.9679184276219603
0.9913537217844349
0.9813460600793895
0.9171524961336482
0.8928523850933299
0.9261297256410587
0.9368319114209095
0.987492810434093
0.9288210428716247
0.9460261474617919
0.9488789934352859
0.9410962312038063
0.9732991357854538
0.9206715812670279
0.6068503181585911
0.9371251214497549
0.8951087155762307
0.8740773454751312
0.942804151875459
0.9170330418974546
0.933612070205558
0.8915807246663694
0.9333583888634195
0.9253869812851246
0.8262174861355721
0.9373529517256864
0.9763615128598284
0.9769483356585368
0.9603843026922987
0.9431664474795323
0.9533037808282392
0.9529607666267493
0.9405055766890292
0.9152355502964135
0.9322853769412436
0.9149427914216849
0.931160803979529
0.8340804021538311
0.9821650173114497
0.9567846969955877
0.9628134845349376
0.974549839547091
0.923964619963493
0.9302515794394557
0.9379975962428744
0.9379975962428744
0.9484108883760166
0.9281614882231698
0.9022924612282613
0.8487963418046155
0.9252381283048492
0.9346683149511145
0.939010690517014
0.9636001279790033
0.9398136416945527
0.9300811765947898
0.9296209256867222
0.9612903012461441
0.9612899113930788
0.9742161849432058
0.9599007975962787
0.9515028846180484
0.963175002727097
0.9495741210142413
0.940235814934888
0.9449568758059961
0.9235302743489605
0.9412330857553496
0.956988885842232
0.9586120872665594
0.8334058019992764
0.8714552679517817
0.8830671927178873
0.8737168677556546
0.9012770330308516
0.8338945352759901
0.9418045666487814
0.9409870485967374
0.8910795681001208
0.9298342911542171
0.9289050400040787
0.9699480173816283
0.9181936242860824
0.9464267996329877
0.9151539538161032
0.9642053541671446
0.8927410795834205
0.9283975547522221
0.9306290723192762
0.9263842165632995
0.9416316657847905
0.8975732518184815
0.9223025868304694
0.943807670169128
0.909634831109261
0.928842827209708
0.9623996859023806
0.9406630961173309
0.8850601106689473
0.901551560893445
0.8825513875075508
0.8955066055400223
0.959573166974234
0.9123285513206278
0.9008660295423838
0.9116801179868324
0.9020987564036613
0.9141675008420167
0.8977949732491898
0.9020050549700164
0.8780501433175986
0.9364429554103788
0.9341407350058972
0.950312865235294
0.9306994992775035
0.920560739444984
0.9687766159638513
0.9436368392429166
0.9535599508053391
0.9234126557686151
0.9537111499374389
0.951535625355854
0.9748810002690695
0.9388122494253109
0.9215518884865459
0.9548865657262073
0.9548865657262073
0.9651104359355305
0.9299047614064339
0.9534665500410863
0.9099223758525545
0.9554666662125636
0.9656279857922889
0.9741241248255275
0.9471095191516969
0.9282901549162191
0.9252836729243302
0.9301762968039461
0.923432831462164
0.9477889251189436
0.986281445544795
0.967408580059827
0.9971901681717107
0.9760201547528213
0.9848293572989385
0.9593502477552152
0.8943956965425109
0.9410791557536204
0.8326212279912873
0.9328454202987334
0.960711269273115
0.9456882539287736
0.9262816603455334
0.9223972423299328
0.9750327905631311
0.9527379186061249
0.9702560666521032
0.9774069528913619
0.933886045072663
0.9709856557473312
0.9716817383856254
0.9716734363905734
0.9275223845691132
0.9716817383856254
0.9534521127687685
0.9320170600812998
0.9405481753953703
0.9332095694930188
0.9460688422047345
0.935363959927996
0.9286250923302588
0.9380005556906569
0.8948171854336312
0.9245032421992222
1.0
0.9336816221306813
0.940015964011071
0.9217973511462036
0.9531671452981262
0.9305324227437732
0.9452740821312782
0.9696584828647477
0.9631020137405891
0.9278374585759804
0.9534854660533184
0.9548441041649721
0.9646961850986767
0.9553100316711111
0.938773424263867
0.9601861581100704
0.9854269397564276
0.9292327451194012
0.9014241636680931
0.9451079716127003
0.8897249848877865
0.9033761317510685
0.9171019519630333
0.9437255617611751
0.9411740861033304
0.9345066235413764
0.9341218542062715
0.9505522181240015
0.9270385703007983
0.8802797748576867
0.9061650691739214
0.8726176855707561
0.9218637715729073
0.8209768767527683
0.9352991704019732
0.9179981450391886
0.928346060192152
0.8971059451860915
0.9238547001664505
0.9462767369588612
0.8624907649149252
0.9420760691406381
0.9700623642682994
0.9666079257746379
0.943889561691038
0.9542058442501901
0.9586016307711136
0.928585551661189
0.940673755741658
0.9651203192022717
0.9612496701473306
0.9651203192022717
0.9655531176953918
0.9632797493918177
0.9450172819081097
0.9376688258847373
0.9564166679102775
0.9848591206738013
0.9852863845055326
0.9395363112379905
0.9725758208043012
0.9512652953068296
0.922056217706074
0.960251977663282
0.9529971947902057
0.9633728131739292
0.8997407319155506
0.9203479576632726
0.884637390016827
0.9156026880583019
0.9688462584475708
0.9749755363659183
0.950933150307497
0.9803896463179833
0.9160245666226018
0.9341263840713436
0.967606648204001
0.979291871085165
0.9482996246896329
0.9237586991592271
0.9447008394535833
0.9389585612301499
0.9499463602409809
0.9284503362834118
0.9396340729238314
0.9604528158928443
0.9538877971678785
0.953110133550728
0.9617783766471912
0.9376598516204517
0.9400393653330725
0.9105224282299952
0.9483588197807455
0.9288252893399089
0.9738083983010544
0.9320830189872513
0.9599926440307166
0.9144840214325156
0.9283745559457824
0.9636446620648376
0.9731292938577187
0.9739498385347963
0.978613620099878
0.9715298919511164
0.9360867162654096
0.963523104519366
0.9411877400821066
0.9269193219407349
0.9192208877595317
0.9272991402584506
0.9711336861193598
0.9289858408607178
0.9551224508301028
0.8773714933869841
0.8993923733663289
0.923185203639245
0.9726371499529362
0.9148106223822446
0.9290982566994788
0.8629709058135959
0.9305159312488188
0.9173062354172652
0.9603307674314407
0.8831929415324006
0.9321206787879759
0.9440203542408321
0.968263707207266
0.9438489271168368
0.9109721202092477
0.8849515441284568
0.9299806098024416
0.9258474018975736
0.9296205242229205
0.959546280077075
0.9835913798276766
0.9580962012649685
0.9554121419420682
0.8892258504675331
0.9043811098163282
0.9084709847866328
0.9434789506175416
0.8816111931238775
0.9525649135260336
0.9487450878786513
0.9826463759629493
0.9223450676891832
0.9125882056588143
0.9377426723338853
0.9241404228665782
0.9346912099499949
0.952342453300504
0.9548519074099421
0.9257103490812956
0.9531910731046963
0.9312599715903422
0.9771614142480459
0.9703232797907257
0.9547748410715081
0.9789782702947598
0.9466769353428203
0.9732730283326144
0.9478097014103096
0.9499525782400797
0.9325443480666021
0.9615199820281678
0.9594409986074698
0.9450755684312956
0.9866699898118322
0.944336371032982
0.9613789117782903
0.9421027801820925
0.8754392139049478
0.9455308281231904
0.8715741422832688
0.8891668086569473
0.9034080192766015
0.8987118976302788
0.8523435432263277
0.9160949880013753
0.9085641912990173
0.8090018214919332
0.8427367866732919
0.8871581005794312
0.9528791018660362
0.9320849811839721
0.951866589906379
0.9671656504724478
0.9692176629644691
0.9455775615396742
0.9612068705792917
0.9522879349559251
0.9615199820281678
0.9646666702127472
0.9534854660533184
0.964933878716201
0.9615199820281678
0.9524668665885145
0.9792193220984861
0.9585333902514218
0.9585333902514218
0.9488983425930554
0.9432048690239098
0.7917534260887757
0.927726338410083
0.9443794105237329
0.9546569024382524
0.9359380839846729
0.8972962253558956
0.9290128559518297
0.8957654815281274
0.9517617024190288
0.9536157672021924
0.8882825920805927
0.9418781785086674
0.9170053561374892
0.9497161161781709
0.9273550295699845
0.9143246910011147
0.9257293936545327
0.9300983553183035
0.9492808861979167
0.9026112787249431
0.9442128149437302
0.8879693253738192
0.9172215399236736
0.9093752375611731
0.9871909298246874
0.93382411322163
0.9500210832004874
0.9101130878611035
0.9292804699741392
0.9011599504865248
0.9642850917657778
0.9300837614841709
0.9662131291570073
0.95136771696374
0.940275628096639
0.9495464887101602
0.946281818850095
0.9771730222030381
0.9716734363905734
0.9716734363905734
0.9771564334543827
0.9657643288389853
0.9383308104887721
0.9091255274985208
0.8870511186370802
0.9113782616710254
0.9599986762851132
0.9479812451292424
0.9488190880149987
0.9511232265601828
0.9126054414804043
0.9175347342165415
0.9805531790791957
0.9555772511116343
0.8974433095889832
0.9603422051982429
0.9804047894672201
0.9209148080361507
0.8841691189001096
0.9580058408293695
0.9169190417054172
0.9109112223646771
0.8998829035772052
0.9435986758027644
0.9427696590902398
0.9488982656125932
0.973696561080133
0.9570420513148314
0.9397316190791892
0.9517618043421165
0.9551036832490679
0.9086090307675996
0.928870409246195
0.9851333284174483
0.9357030643450631
0.9374973265318078
0.9675068602354978
0.9413808560921358
0.9688957043404098
0.9649126041637768
0.9591016308032971
0.9615199820281678
0.9534854660533184
0.9311009144994099
0.9572456446930118
0.9652822379932995
0.9368817982054418
0.9732172497692472
0.9452863639965184
0.917407227242443
0.8887771128563682
0.9582474818379345
0.9598486479676143
0.9447593944701623
0.9367399989647097
0.9474120964051893
0.9595441830009952
0.9269801728117628
0.9703469063579512
0.9434169877711026
0.951802815284203
0.9493482933963623
0.9684646726046473
0.9388054531779619
0.9447132402666606
0.9467478302154658
0.8698279640436799
0.9580950299526302
0.9423761270491828
0.896531757945313
0.9273204335850325
0.9277537715945486
0.9793308389355667
0.9486191201293299
0.9671901012378228
0.9534935240309645
0.9593662742531808
0.9645178172505616
0.8869715636405812
0.8814304870072647
0.9117639191479906
0.9555812619686729
0.9211189884140296
0.8966236507864435
0.8308869508715732
0.9228155264742534
0.9113005696039325
0.8976189555795465
0.9865877448856212
0.9486120639502046
0.9603204423745711
0.941212661411696
0.922887145658021
0.8910998525152086
0.9650192204642013
0.9190206689378897
0.9505224781678282
0.972973877296092
0.966152082341513
0.9163177323161253
0.9612358884422966
0.9443851889507533
0.9226089219314582
0.9364643042648053
0.9374377828626879
0.9417735708953228
0.934493542164039
0.9739100897743973
0.9120373972679089
0.9415468652068139
0.8859147451961344
0.8551940269889962
0.9640378976552738
0.9202761887443547
0.9343094395567592
0.9550508956302968
0.9576680456777351
0.9581929204028132
0.946990216376463
0.9787418939822279
0.9622660728444626
0.9170257368065273
0.9110445352535158
0.9675899573492358
0.9433569249788877
0.9383841196968279
0.9874438049550465
0.9508810860957663
0.9414153665132845
0.9611126664651984
0.962635541045156
0.9644731873816992
0.9097013250174367
0.8852547558075142
0.8905630228434227
0.9503232122378319
0.9587459981850672
0.9263089934051612
0.9435180755532868
0.9724882487805298
0.9993737900969948
0.942425096256775
0.9328260908075421
0.9199493214056792
0.9411066663212536
0.9315413814226718
0.9019281217859324
0.963497518035756
0.9035187345700932
0.9283362785725685
0.9202669817190787
0.9097854956003059
0.8680790009077771
0.9444697632950685
0.9258271396920958
0.9322452907038955
0.9360543617820709
0.9446407871690354
0.9407744060669739
0.9469943414130698
0.9474776106506073
0.9288114672398045
0.9358631444620692
0.9769942089087268
0.9363697607663756
0.9371603204829619
0.9456527452348463
0.8716818908462098
0.9360164505573629
0.932143574855643
0.9932162064121773
0.9824829162090972
0.9710946727079391
0.9287708322791847
0.9500678416263115
0.9494378442645203
0.9527855797912583
0.9643432217592552
0.9203064822924703
0.9257998748432874
0.9315188999054121
0.9493845007101601
0.9375183747023377
0.9545695639519984
0.9548200446076434
0.9194090974824776
0.90899512063885
0.9124087901446161
0.9348158500488474
0.9567029630768018
0.9177947622688283
0.9606955959168585
0.9349248918026233
0.902949968527542
0.9017193697253316
0.9061874755758959
0.9198770195108711
0.9507425178032375
0.9430910233264999
0.9731169400888795
0.9635780533945271
0.976087380134285
0.9912524516122927
0.9770085299187865
0.878108089653603
0.9292209319641145
0.9064474096354748
0.8986474490299463
0.9021907541949444
0.7599928727514885
0.852871511109975
0.8506263178370921
0.8430712580580116
0.9385659799464381
0.934249459660108
0.9168530637870625
0.934638015823319
0.9697013075986898
0.9651203192022717
0.9648010560930473
0.9416254244271451
0.9639816159895879
0.964798750014449
0.9306518777326073
0.9427061327654057
0.953750747502248
0.9594728954138871
0.9587648845126595
0.9240942719495672
0.8717663046420389
0.9540294429041374
0.9363653795144101
0.9129078343609163
0.8909254081462861
0.893006001144803
0.9576486229874466
0.9451347423988898
0.9067328714573879
0.9484194154080996
0.9577015980760807
0.9570943614268203
0.8541146869890257
0.9401494001260421
0.9327178823131339
0.9810071503095896
0.9401494001260421
0.9459371675392243
0.9812673788197416
0.9923303915963988
0.9896633832964922
0.953968873044741
0.94670293993747
0.9373614645626354
0.9408623365398076
0.9489288599301747
0.934462782758689
0.9240013570853354
0.9238322696717043
0.9800449624564024
0.8568681981357905
0.9727034776852804
0.9544424351674481
0.9767359837437051
0.9704082001348341
0.9402403320598992
0.9725763460427281
0.9470460956138562
0.9007824065127696
0.9709193905808746
0.984429958718651
0.9452262641719081
0.9573304617778278
0.9507033595148981
0.7104469597837859
0.0
0.9390379768971434
0.9131877378963252
0.8771761548830697
0.9564673676656963
0.9251747821519117
0.9571719331645789
0.9446110224316115
0.9741889011686057
0.9324579754836311
0.9232763665640761
0.9552127557669123
0.9480047763118696
0.9281237471566931
0.9531170001427002
0.9563504979581178
0.8970707547902909
0.9691841282962401
0.9605486757536716
0.878306753963054
0.9433394486632418
0.9603967494469251
0.9712868234654916
0.9219260640637043
0.9626638951486337
0.9431372855135196
0.9671481639304829
0.8917127110884892
0.9246665427774778
0.9041512064156774
0.8994128667696842
0.9215507274797053
0.8886649331480917
0.9307910628322502
0.954254832955005
0.937108224385311
0.8827157114187654
0.9353535264190448
0.9495948103151596
0.9573652947619841
0.939694492500981
0.9125056570811237
0.9089330252590683
0.9062938619403862
0.9214158999291836
0.9253624563846329
0.9443150229033745
0.9302302957174513
0.9318272014417234
0.9398973318040648
0.9443150229033745
0.9032710768578245
0.8074633178568684
0.848048086186555
0.8196413554676863
0.9830265076985232
0.9734984116100969
0.948532336963137
0.9622009282058134
0.9300151990033724
0.9769700350689874
0.9232092354553078
0.9112660925858838
0.9361193317697649
0.9610903129488013
0.9213751517808386
0.9620841345862905
0.9302383395206755
0.8698024042890857
0.9293555062780137
0.988555799589718
0.9141298749194182
0.9030942870956687
0.9255804419396639
0.8533975688333124
0.8900451906042721
0.9068371769519674
0.9445353679569575
0.9286657143109274
0.9015230428551115
0.8911439642414556
0.9350685186600599
0.9079551843241258
0.9404591878286261
0.9512309633700625
0.9608150466452295
0.9588793165854218
0.963869579642689
0.9421757773497936
0.866075746266759
0.9448924948311922
0.9479930821956013
0.9463204246880697
0.9369463864365123
0.9333899004642441
0.9345288585073137
0.9315115268676488
0.9253023475709371
0.9429591555295365
0.8788203164670073
0.8984680547505808
0.9550074344219541
0.9735521093965414
0.9550513801009098
0.939196513614826
0.9848413623705319
