0.1234556832028548
0.07664839851449953
0.47546273621351626
1.0
0.00014421195848659908
0.266754341955131
0.31007451931104374
0.0001425902832682267
0.013546275352469455
6.885181818453092e-06
1.7162472659849698e-05
5.907443114736296e-06
0.002875572318479293
5.1777322362106466e-05
1.649408062629108e-05
0.14116158296828915
0.00721662021040411
0.0014435439809910202
0.8806322236820237
0.5993719808298917
0.002742047892038628
0.0029918537486463568
5.4981380980322215e-05
0.5897248626155013
0.7245092518261546
0.0005596074069325196
0.03089747349414682
0.0043594868120624885
0.5897248626155013
0.0017447633276692917
0.9899066627059165
0.003070591758893741
4.313556710997497e-05
1.838036538004735e-06
0.0003959262769303865
0.00013443512080726428
5.531194392503264e-06
3.0609160732602695e-05
8.72702674098091e-06
0.04815258119431233
0.0001337334125859112
1.7923381975598277e-06
0.007148686227840088
0.0028178961200059274
0.006856573967965535
3.858206008942905e-05
0.13415726669570374
0.9681080321236085
0.0009057474307471842
0.032359254877247536
5.665845038655793e-05
0.015789383453166276
0.17345761277180727
0.39888546817021403
0.024984318148020993
0.22061438904699265
0.0001242392431595796
0.0028944510186057347
0.0008797509158265237
0.6462091286973715
0.0007779895298039467
0.32766536238684707
2.1707919684629148e-07
0.006049551914514061
9.939876630267122e-05
4.667049518546699e-06
0.0009030530597779174
0.0002997383626035313
0.00013209002499967016
5.222623502693244e-05
0.00021387309297295586
0.0013849101099273726
0.008451664865812092
0.09342856953064545
1.8199560200202117e-05
5.429987035674473e-06
0.003305225268959299
7.735257583731025e-06
4.443359416387089e-05
0.00047254776788633815
0.1415975496192209
0.041539757192370665
0.0044420138342383085
0.005742096868920074
1.9611217010405298e-05
3.565439030951455e-05
0.06276900915922243
0.028213270665414326
4.194175069033337e-05
0.2753761278826739
2.2844227877866825e-05
3.196765586013513e-06
0.00015043511312543635
0.06150065109555235
0.0071783202920050184
3.3917560105114166e-06
0.001927894402629178
7.959782170898799e-05
5.71004214967771e-05
0.008954647642427038
0.0008254743037023945
0.00015914041925590728
7.740975816672975e-06
7.22789470071171e-06
6.407036313501337e-06
9.85910283813912e-05
5.1777322362106466e-05
0.9259957637364962
0.0005265482603938855
1.90539844419705e-05
0.0032662857379646554
0.0003720333586586201
0.00010073960688623845
0.0011287006764711311
0.0007713296538784215
4.526198575679809e-05
0.00012202276257130397
0.18373290087283212
0.010750738486518674
0.12894271452769543
0.012728699109090361
0.003956684085852102
0.01664325392768633
0.11009635872774562
0.2064242974538181
0.0012033721290260102
0.2993891638631382
5.980536811594402e-06
0.013455001913278962
4.611188962036996e-05
0.0003672169966483774
0.0004720019026592917
0.21258053818391046
0.10943235004580452
9.00353205633101e-07
3.610288822736716e-05
0.00028312063013545536
8.996330176372712e-05
0.37230565916006714
7.097318983364529e-06
0.00148335771129036
2.3930775813858383e-05
0.10152076088587961
5.591740174351486e-06
0.032201094771639655
0.0004454298935699087
0.0005177276837098707
0.36017423439966445
0.000323565619880778
0.0005710941808966635
0.8896073905625402
0.003788281330779957
2.4337509802932804e-05
5.1777322362106466e-05
2.9176190441525382e-06
0.000711892366993532
0.004238095932024006
0.7810036511224981
0.36292096139696567
0.002317363755824757
3.2855699562053064e-05
0.4326446596347602
0.00025908090598764403
0.0009206557362688394
1.8707165018955893e-05
0.005385753720300085
0.00038527318804027725
7.798688403736056e-06
0.008404140276204201
0.0008962829921302062
2.1348290116918783e-05
0.16015095865928072
0.9575634687497392
0.0006976455028555002
0.00017428204541699834
0.0021833256834482393
4.954752985123844e-05
6.700466289769244e-05
0.0028665618604441054
0.4707643223050675
6.353246996327727e-06
0.07099092056150202
0.00461033323244507
0.007305220176051784
0.0013839027259103887
1.3068437070826606e-05
4.212800846268655e-05
1.0302333975357671e-05
0.0007372231329830563
0.0004279632540862495
0.00017301060582697376
0.1234556832028548
0.001278673065618776
2.838425167407028e-07
0.00034607511687971196
0.0029141309225695607
0.010284775471750092
0.00023812250445898398
0.0012712049424335825
1.7290151571958998e-06
7.37059771392404e-05
0.00011437947063809768
2.590322146588638e-05
0.11155494554047467
1.4930600047385e-05
0.00014672159969867773
0.0007354574459735122
2.4430102576348186e-06
0.02889957614464338
0.08066713451303846
0.0012523120390423687
0.00042437570731919
0.02487859929003617
0.00021547013076585802
0.004863473596508531
3.6961846092403992e-06
5.4594673085237915e-05
0.0001992992044845591
0.028621764011149756
8.223505218734575e-05
0.035113291200577004
1.3677561216172032e-05
0.8260028723130801
0.6875405434985928
0.5771927586333918
0.00039212096617352365
0.057036068561970105
1.5548364754675476e-05
0.0010428938643350116
0.0006891213902185498
0.3256120154916738
0.001057947229429666
0.00738962063213507
1.344196310651411e-05
0.12682463427418036
3.671800892270245e-05
0.0023198162638221895
0.01874380968087684
2.341869245541856e-05
1.1419919776234491e-06
4.019639043222755e-06
0.005541673901201305
0.4424975715136764
0.009508658791080843
0.0005021088656890067
0.046847248074153865
2.5397938741309532e-06
0.03472657122689663
0.0012090449362599837
0.0013239110460185792
0.0007951605201819628
0.006073835306146854
0.00040012421482203236
4.449050181437382e-05
0.08184407757055114
0.0007598496322860545
0.00014846403177266282
0.015761271233895605
0.7188630843287236
0.0001070870473680933
0.007323148421640532
0.3141689340297343
2.5548967521467684e-05
0.5271125648844184
0.9939433181021088
1.3955050418667824e-06
0.0017241520620810734
0.4448597430217124
0.00024801079993021295
0.00010458282697171913
6.0060339672936206e-05
0.06542832973079764
0.004041624731677536
0.00012664944696572894
0.6875405434985928
0.808706190492725
0.10897797223828176
2.2799036829361375e-05
0.0010507750464006235
0.00019606752517316994
0.004227423459170089
0.0007993334859400546
0.01263405693490444
0.00013495582471792673
0.981101793435697
0.0016791073392183316
1.191985171913526e-05
0.0002903365580557938
3.822562508526886e-05
0.0009245877704167212
0.0015716007325954847
0.0001865792349670923
2.788951754079168e-06
0.0014692560813556318
0.7512980136794571
0.001911063883134979
0.0009458701984755177
0.053669430992919535
0.3887172643033154
2.1074501689842377e-06
0.00032148356096944793
0.032691914896801656
0.0793171668183926
3.0915640157340173e-06
1.640715293499253e-05
0.001013418830167447
2.454841591515028e-05
0.00027416238656133486
2.6913425091508624e-06
7.670264925308622e-07
0.0005787988699344528
0.10152360712700376
7.961760586724364e-05
0.3073538406356535
5.730735840769687e-05
0.0006927403704404325
0.017913621869741846
0.006527653831014168
0.00013593823660135656
2.6222904067196513e-05
5.779760752086797e-05
0.005490115118717357
0.00014795584303382812
3.0254741253207786e-05
0.9006207045165199
0.00016312165549210264
3.1010806794990736e-05
6.046690318144962e-06
7.6932398952915e-06
3.5121565566354644e-06
0.771960353276434
0.0005400406634060577
3.8144971351475246e-05
0.004297186170283606
1.9788404068627647e-06
0.1234556832028548
4.847957418756634e-06
0.00034520024815884876
0.5897248626155013
0.24521386991331864
0.0028686017752419316
0.06770579948726481
1.671395291320901e-05
0.00027144525544237194
0.9021090949012295
1.3845965597943655e-06
9.117024416334188e-06
0.350626898544265
1.4368004475426637e-06
0.0003517868084615037
0.015116910556782704
0.0002720288699202571
0.0025259664070097555
0.0007315779173372055
0.00014818615130051
0.0018020620918443725
0.38355105352905955
0.0007301520609003617
0.001419897757129515
0.00997967537402338
0.00029943852237057834
0.0004445194293719632
0.1234556832028548
0.00022675826275854932
0.07532073879348113
0.3343931611185968
3.3246199811144213e-06
0.03871446052843566
0.00019196446974700907
0.002268184835131539
0.0002084292988309054
0.04018125449979886
0.013435330624410163
0.0008445627348246292
0.0007177453344917238
0.0010073354088773194
0.05138366839254877
0.0011069600184931334
0.0002070859115553965
3.997966240032479e-06
0.004415517527385958
0.0024896793939213823
2.2714755878616517e-05
1.752791203908947e-05
2.388034682259436e-06
0.004585814672002118
0.00039327853225244085
0.00015855970073057297
0.0011460758096751937
0.007327138840520243
0.0006033093973833946
5.6298726511661597e-05
0.00014630651801723156
0.026325311242054214
0.0019111820496410738
0.004393901555445426
5.204871746721569e-06
1.7526450476667305e-06
0.000541064288041367
4.333258283671615e-05
0.00021702250685836546
0.00023057899919231613
0.0006916156348587752
0.00011584613235611022
0.10244445554138039
0.010262825140986401
0.00013189099011003233
0.0029237001975793843
0.00012261557424522997
0.021224688816111392
0.0006920763678123419
1.8784327567803083e-06
0.001001386802182323
3.774679112080581e-06
2.8473726398385342e-06
1.6867487513177027e-05
2.855133001381235e-06
0.00017845643732257755
0.038614205037739525
0.0006178271713339217
0.000206448103472992
0.00019451942752312458
5.8972833089335165e-05
3.134335019060645e-05
0.30996552764831076
1.8894881681978527e-05
0.013046152787403018
1.5777779860112087e-05
0.425551051860521
0.027161528688345527
0.006358816595744244
0.00018818900621970296
1.366340342804186e-05
0.04370819430619342
0.0003406348007912276
0.00620998780225115
1.3610327639378342e-05
0.025970607755573968
5.07484297126093e-05
5.180077375675817e-05
0.3964783528756314
0.00010017911637118395
0.00034043872006424216
3.1082121445621e-05
0.07069254210061855
1.1807147867255369e-05
4.9397686135520215e-05
0.0014142870018637667
0.00253999573999839
1.677093878353587e-05
1.2295469680346302e-05
0.17330551024220442
0.00012892729555353684
0.0005245319788972783
0.028903122769709067
0.0005903298253656538
0.000345409571683931
5.813997711132668e-06
0.037668068292537375
0.00014496815136297913
0.00020413998563239137
4.063084698215304e-06
0.024016191954866928
0.004600168817357259
4.7547676507258144e-07
2.885860107319224e-05
0.0002625772957357161
0.00024055850989263407
0.00028442235353079806
0.00230964998601113
0.007437602520300538
0.0003416092087856978
0.00010551684443199397
0.027160720266455555
0.29635399789620903
0.0004936684009679472
0.0002790001698889386
0.001781085499658986
0.013644445524488576
0.5438892339808565
0.000709128958843857
0.021419661921285027
0.0023627208340922796
0.0005635238407731928
4.8729968975326145e-05
0.00019753775225990087
9.138624002131142e-06
0.1234556832028548
0.8223324432093851
1.872533981570348e-06
0.00010948762467870302
0.0028790898384942185
0.008899179469524702
0.006459867469267612
0.004586326455214722
1.1471136138705753e-07
1.0805610327343397e-05
0.004003202804905648
0.005560337456792512
0.06700339635371975
0.00146258869632701
0.020706114114542484
6.186171271492563e-06
0.0019248622384407642
0.0003189730466058464
6.990057321210766e-06
0.1234556832028548
0.004957038650975842
0.003104260248775134
2.8217775160836843e-05
1.8892986215547634e-05
0.00721662021040411
0.0036195258224925734
1.437471813521214e-05
1.4775859463721826e-06
0.2432705876094696
0.0001941158277842041
0.024380069353347442
0.0009830992838469645
0.06172023263756569
0.006572447668339339
0.01873368764274294
1.9699891004749588e-05
2.199500980205354e-05
0.00012307588517556072
0.022065937477897677
2.4439388394994803e-05
0.02127485009047794
0.0018722737192608469
2.5204969469311342e-05
0.06749391099226895
0.009913403406278087
1.8492424316300485e-05
0.5897248626155013
0.00024106060112333405
0.007882036645440469
2.8587316533168426e-05
0.012430054278782318
0.0006462166453181549
5.295249296068286e-06
4.8174585089226974e-06
1.4172965390921991e-06
3.285304736430235e-05
3.887372907938049e-05
0.0003022927964887331
0.08075951813528523
0.000490465855812371
0.0013848032361809734
5.521488312840464e-06
8.743339616005524e-05
4.454826459628031e-07
0.0002752485288456814
5.9316487338079375e-05
2.950605753677022e-06
0.00017873842160688787
0.0006575401399475224
1.4475294276252524e-05
0.0009427834332118739
7.054405405081228e-06
2.2105816368436863e-05
0.9649470056722054
0.028289687023972505
0.007398173791612681
0.006539985058921128
0.09214569712742084
0.011805987971464938
0.9995395944200441
0.011035800338896574
0.941372678271295
0.0001294995299565739
0.00018800856945750224
0.002255273601772988
0.23492341179415566
3.738991721020629e-05
0.00036269328592354935
0.003145468809527205
0.0005918802514197602
0.0012032266037721989
1.9522786770861145e-05
0.09054667588351933
1.750669542346241e-06
0.00015585934867337454
1.5798124290594916e-05
7.186877214163127e-07
0.0002501429777389556
0.00017802511502280604
0.0015975711693906624
1.6074773255287355e-05
0.001818877127451566
0.0101252062160045
0.1510218712312706
0.038614205037739525
1.2981900478647673e-05
0.002729483823725569
0.00010346865652348849
0.009922229920392458
0.02157117955578774
0.005463787853999835
0.0002314404941423541
3.812979670563407e-05
0.17754736323148287
0.16897584102808522
0.8228252750756558
6.156681488340525e-06
0.00022669052075290012
9.031290941649728e-06
0.005342817018053953
0.0027490514986136553
0.04075693657072904
8.966363616107874e-05
5.131117950722922e-05
0.00018009211207036663
0.019599190823951663
1.3647740363067574e-05
8.466135108656662e-05
1.432975446991577e-05
7.75098326435651e-05
1.471136807158384e-05
5.607035009272406e-05
0.9539845962191684
0.7006397498483486
0.018955115143495828
0.12154017037719865
0.009820719885588265
0.1234556832028548
0.00022959158124015523
0.5325313907347815
0.0007926818758489459
4.7588574390238754e-05
0.4523996890899326
0.16168387558052932
0.7035614536167477
0.000329327604990287
1.0098341222229072e-05
1.871919813838042e-05
0.5362102840529189
0.002113994658447628
0.005628305434055824
0.0030262868864213764
0.001580291617173303
0.00011585984811128194
5.1777322362106466e-05
9.811578252396744e-06
0.00016209781256891275
9.508106112713857e-05
0.0023758388297314462
5.1777322362106466e-05
0.054469209847018106
0.18263398356676458
0.004797262167268824
2.3283506770890487e-05
0.0011554377403033868
3.354137090043611e-05
0.001009288241363265
6.758132126844538e-05
5.388370945774245e-05
7.498381409900665e-07
0.010228927303305001
0.6875405434985928
0.024061892007052634
0.9788233103577825
0.1289383483044003
0.00010551684443199397
0.023028786576087933
0.0007713296538784215
0.0011096808750585938
1.0290447290719793e-05
0.005419640847322804
0.028221049397701255
0.0001495131960900159
0.019097030439651053
0.0015435117973654228
5.476674720462088e-06
0.066326587037613
0.018224193717011863
0.388222346187006
0.001500337597905071
3.982972136459307e-06
0.07890231599820906
0.0074265216453743245
0.028277493637585957
0.025970607755573968
0.0008304403820937583
0.003984217463873213
6.003362487446778e-05
0.01716297420405324
0.0004045837489099296
6.091345197043399e-06
0.02456053184441304
0.06357658164739391
0.9880356540641203
0.0015951738445694752
0.034833174878424626
0.9091718857820408
4.381788187427137e-06
0.8547394764167449
6.260672237347087e-05
0.0003157336253509545
0.001306759672444777
0.00503426669118968
0.013716116595570474
0.00013443512080726428
0.5930820561776805
0.006142437540676378
0.0002602804124447097
0.00013538516787424642
0.0003452517932037487
0.001403088891793083
3.335757210695173e-06
6.64138063214439e-06
0.02235595044867085
0.0006984426319857773
7.012697270457964e-05
0.003597280017253546
0.00010162800217944343
0.014962962999801948
1.999542914738674e-05
4.790567715850447e-06
7.026933420526568e-06
2.916124084821539e-05
0.03262454019689308
0.00010020659881536623
3.2787658831712945e-06
4.917284961838164e-05
0.013259176612219009
0.00012377282016858877
0.03442372595566257
2.2129186871511936e-07
0.00041103168185580393
0.6273345265620771
0.00021606234578624338
3.1242292054008618e-06
0.0003113026142128043
0.00013402261492281056
0.0005598942663128327
0.001396145474463032
0.0003349239532559079
0.0009810769484997984
2.2799036829361375e-05
0.000282889768872809
5.195995615771912e-06
2.924394154250294e-06
0.009328878988085928
6.490880091603836e-05
7.837515490777829e-05
0.1234556832028548
0.0013534964465386345
0.007158467387619462
0.0002997618212744457
0.00017927669041568537
0.0033138357071768104
0.0020083966446335683
0.004401497275173161
9.352325108754633e-06
0.266754341955131
0.00027949064820438445
0.6875405434985928
0.030429555551328636
0.011883011577802222
0.015447192810109747
0.006999664176809933
0.00020218424264136956
3.4041504816472344e-05
0.09010211835296418
1.802870991409622e-05
2.8208790852325468e-06
0.03500763753790588
0.010886347533115136
0.0059091761591239566
0.0005556884118473794
0.14520947431111808
0.019313432313078718
0.00016475674813887646
5.354271468301164e-05
4.9566317161505486e-05
0.006184812631863001
0.9884590436076763
0.003063935317364206
0.0019493769570170158
0.0005739972932899974
0.00762365550951655
0.00037044480498801515
0.0006419092724356429
3.290652789507803e-05
9.998891082840051e-06
0.002184693155153254
0.08994153670713287
0.0006798990474138124
0.0011695075875226826
4.545873589995107e-05
9.772958578633715e-06
2.701190475936129e-06
0.5139535725692695
0.0005188624314289902
2.8005850371842685e-05
0.1234556832028548
4.061623988480172e-06
0.0005194649059797694
0.01670191108279059
2.502551500257385e-05
0.000149057498310231
0.009671471979364193
0.0010132344205658172
6.951053540361798e-07
0.025970607755573968
0.00029507800366537437
0.000668390910342409
0.00014401477176768468
5.1925699910892544e-05
5.6695606621987314e-05
1.6619796311773181e-06
5.251318007386944e-07
0.06326964211045903
0.06361239809002156
0.14566154979270532
0.011980385435632486
7.115112123080256e-05
8.094150731126722e-05
0.7246245916497193
2.1301272726478003e-05
0.08743487003124213
0.006664487618146707
0.9889773873315624
0.21605035944460424
0.0014917788502577134
0.0005194649059797694
0.14413402731798522
0.06172023263756569
0.004079832445275813
2.2778813878357993e-06
0.0007292989336524178
0.33049893699289973
0.00018644660325076864
3.773306575869351e-05
9.832977740969707e-06
0.07880172149188165
0.12348588912305711
0.4174161370848527
0.431321291628107
0.011238726340980897
0.0002013010062184122
0.17395044463807793
0.4328532548350522
1.0129465435887979e-05
0.00022735955855477253
1.3282427408892049e-05
0.15248184391009673
0.001863813230264863
0.002624032033686539
0.013046306462071042
0.017851162896486816
2.5346361805914473e-05
0.0007666067190811257
0.0022890242843177336
2.1688480864622284e-05
0.013977985680777745
8.873776811501734e-05
0.005026402273633307
2.2799036829361375e-05
0.048012571464040615
0.0007796494490590208
0.4780623229759494
0.00027390928903990613
0.009006278605436877
9.463277029854362e-07
8.956384949454029e-05
0.00025611099750281075
3.5245558937719566e-05
0.000547694069344404
0.004499173359850542
0.0019699598160756904
0.00013520764161712194
0.018743832033555827
0.014363192191818478
3.021068166355072e-05
0.0010007457925443346
0.6875405434985928
0.7927250979467361
1.6654427627203142e-05
8.729110156687849e-05
0.0006733294553557518
0.001686140865785543
0.0017159038071152479
1.1887474794531727e-07
0.00022994832184734842
6.15772912805346e-05
1.0720764556707184e-05
0.1760785388917785
0.0002672312515627053
6.6654091253807385e-06
1.8994480984752703e-05
8.247525577336619e-06
0.0004884313545539865
0.004283183613941673
0.0003370960340892457
0.00783164811883757
2.548234787933851e-05
9.215172508306792e-05
0.8509887564901342
0.007852817968560018
0.0001823053911030584
1.5452231283619904e-06
8.633805991987853e-06
0.010195670242421184
5.9806347171196525e-05
0.0030371097741776327
0.0007077047322898559
0.0010844749697368396
0.9983844079700773
0.0008726091766805783
2.955857623657149e-06
0.0015801728685661928
0.3118711978443203
1.1325130026252978e-05
8.274707551661838e-05
0.0010411999503806473
0.0004546601238434026
0.0032749602072938435
0.010427079145702688
2.1029780812967503e-05
0.021260348789986144
2.8430827770548037e-05
0.00016739481538744364
0.08859268664643627
2.2022862482946003e-06
0.00011718964332808487
5.593288199238904e-06
2.3292780367689617e-05
0.002058138806269138
6.18500201587025e-05
8.323209623712568e-06
9.065795201027032e-05
0.000802113483968664
2.9368699830983207e-05
0.001892604412159717
0.047224922663738136
5.709222478685618e-05
0.005688570119323784
0.001841797354926857
0.008033711680057707
0.0047204010835349966
4.70496157576307e-06
0.01017934999267695
0.010354031522139939
0.3321807823633352
1.8254561469880123e-05
0.000354297351930156
0.0003155580927898072
0.0013974578794120043
1.3201717284062588e-05
0.08477209969621016
1.7830512988429668e-07
0.07462406539664933
0.003553638972778967
1.5611029748032325e-05
0.9971995371624178
0.015788619736634275
0.0026260060546494392
0.0010573440563576687
3.2913633165595375e-05
0.00021597699522488302
0.012451014572139277
1.0809748701748657e-05
0.9090073104575641
0.675028884766862
4.441733222836968e-06
0.00011377945546410801
0.0008351102874885653
0.0008274929136030629
5.3349804189573e-06
0.0494106719274351
0.29667289611640113
0.0015768957562705638
0.09151629784344217
0.00042979570808224227
5.248549787353799e-06
0.007356271366450438
0.9857425672359353
0.2028739916469908
0.005858971576441875
8.238070113762286e-05
0.00025606163533671794
1.486180662177702e-05
0.027998100052054112
1.4658462365560717e-05
9.460892626993564e-05
0.28748698817841
0.11002162627100434
0.0006344918502488773
0.0001849645013033267
0.0026214961688237233
0.0004945641380102068
8.944566076173676e-06
0.009164336261266079
0.00013443512080726428
8.966363616107874e-05
0.0015314344819213125
0.00033698138929429307
6.477518690425145e-05
0.014256861429246427
0.0005086551737064575
0.00039070922568629955
7.057811554392028e-05
0.032589643939550335
0.0027319200328945747
0.7368873905554124
0.037668068292537375
0.9897040580235926
4.775195701383784e-06
8.996330176372712e-05
7.146255982648428e-05
0.0001556796977475444
3.7695443444531304e-06
0.00016562032410004392
0.00037757039083078747
1.5353280875678642e-05
0.02103171068753721
7.64430888755516e-05
0.0021074266962724103
0.004148742029141387
8.668143585157484e-06
0.0007789667609883409
0.008888435281825707
0.0006897907481759805
0.0007940112199374621
0.01011381845742305
0.0029335379375774392
0.0001832169176353567
0.89669092472945
1.583736153715381e-05
0.19019489644787313
0.00014219935877891318
3.628518771281667e-05
0.0005355782188130843
0.013373392282303168
0.010389471694671333
0.0010284454186154002
0.8502033131541583
0.0005002877044527097
6.8716657057389424e-06
0.027160047823362742
1.3701964948549165e-06
4.690183707937154e-05
0.01566522549774172
7.998606449757939e-06
0.00012214753592392185
0.002606021129753625
0.004679441662017451
0.0020371841010819246
0.00022014844752033525
0.7368363668401816
0.33180814830286215
0.013991174692740771
0.00032099046319943345
4.433643059003238e-05
0.018314317855957853
0.00010705963768653793
3.5159011033225984e-06
0.00547482681765295
0.012662289299824658
3.6735999993817107e-06
0.12935696927643936
6.487093524499663e-05
2.4981900231319546e-06
5.240059298326742e-06
0.00318608036747804
0.01982892607039413
4.515208923486331e-06
0.024271778074556046
0.0027167677106273284
0.06085364907687267
0.00017091884038121448
0.0005197805793603369
0.22675623465181838
9.933518410229474e-06
0.0002886765223805167
3.6585695144950867e-06
8.05375506375543e-06
0.0002163718780011002
0.000288251035643423
0.9716329005817503
0.0006380471486196922
7.925422709149035e-06
0.0002592448547385879
3.143418705403551e-05
0.00427212835146013
1.97593172085221e-06
0.0001949086202619177
0.00023778006898424043
0.00012881208321009437
0.0023097314801532646
0.0017595038716783533
5.063692695568557e-06
0.0001509538233401216
5.1777322362106466e-05
0.00020739328999649687
8.487751390065743e-06
1.6152905820904482e-06
0.00022395793485198244
3.032417095388058e-06
0.0011672901319152065
0.0005584280702756323
9.114272573576677e-05
0.9983193169688718
0.00019916153759445355
8.996330176372712e-05
0.010140554124212869
0.5292951996748434
1.4778531614349135e-05
0.39747870976915917
0.01017934999267695
2.447882937690903e-05
0.9549355685939245
0.00017226815053455352
0.00475296381432783
7.774986199720158e-05
6.367243291218232e-05
0.004343003108353173
8.172946835055428e-05
1.203610667143716e-06
0.0016235262387190373
0.010693169161791707
0.002599708360663491
0.17409818094438562
0.00011424811226774485
1.6684067483273172e-05
0.0008647342813059312
0.1622822567969692
0.023815422054943074
0.007528343220641878
3.550995825732663e-07
0.7101314722384323
0.001711690443546698
0.008103962424662407
0.00042437570731919
0.000109331556120253
0.2672623140359678
0.0006520520915757879
0.016189691992946537
1.0043289928245066e-05
1.5701981212598762e-05
0.004691147946274444
0.0006252752120340893
0.003838466820548738
1.4211672550374714e-05
2.1242327722421704e-05
0.008298319899802316
3.705069056730929e-05
3.2151477391940416e-05
9.560265234392866e-06
3.623670961264075e-05
0.0006694319397980741
0.0004389217131689565
0.038563036030095386
2.3157647436066048e-05
0.026399421549230397
1.4211672550374714e-05
0.00011655597543915132
0.00016005756306300268
0.0006898788782696887
3.4464994276303277e-06
0.0017027832502316145
3.5329025458655304e-06
2.2799036829361375e-05
7.75077516324356e-05
0.00024922069689040067
2.699412242603257e-05
0.027611726544898015
0.0005194649059797694
0.006933403851084945
2.099809268895008e-05
0.0001686073318022
1.7445262790252974e-05
0.3571759652548472
0.001229435119882612
1.3030139371687635e-05
2.4333904414769627e-05
5.3052659811946905e-06
7.467789841409029e-07
4.808845232962736e-06
8.556543280837062e-07
0.0003952916121934643
4.444108507631083e-05
2.1205871827276284e-05
8.208041847379084e-06
0.020635235632202948
0.00013951466523902484
0.00012874936182570167
0.2533720016715598
0.044243105090654176
0.0009373076089614596
8.802126725161436e-05
0.0005194649059797694
0.8747793982164795
0.07994179007996136
8.17984905805164e-06
0.010715291794455909
0.6133069985522706
0.0017868729807929628
0.005690776980692783
0.9472852897022321
0.0022143092906069138
0.00011194830391913681
0.4348042860676162
0.9232682004359785
6.467209681445147e-05
1.1693347118774875e-05
0.00046557731196412874
0.007862268494962733
0.013166980193658742
0.01631978831008822
0.0006575598731719393
5.8922012032572885e-05
1.2030159463603663e-06
0.7615806632627612
1.2255623046787076e-05
4.5362165739442453e-07
2.0908445494470927e-05
3.6571825167117584e-05
3.660651889923844e-06
0.008235334707229506
0.00011552709006591685
1.292065071838414e-05
2.1344444612086816e-05
8.784183461366494e-05
0.056977210232754975
0.0005971961725212866
3.2329509349321904e-05
5.861121118994684e-07
6.421878564882905e-05
0.029893735757922472
0.000128326931118938
0.004193434813730311
0.0024905041146397818
0.05145963397208075
0.0033424089504515567
0.32990179262469704
0.01241071641737505
6.849864698210806e-05
1.3857425882218707e-05
0.0009385384033480947
7.912338027651215e-05
0.3066859723911409
0.9346636557898931
0.00044617140294817914
0.9518176381076052
9.064961847250334e-06
0.0059429193907757066
0.22321115937187366
0.0032980868477891405
0.671519573773294
2.838425167407028e-07
0.031104526359588828
0.08331334151294223
6.006873284194978e-05
1.1731725766336281e-05
0.1234556832028548
0.5897248626155013
0.06987514933547946
1.196472806927934e-05
0.0006286158897605831
2.4872809896552558e-05
3.813513748244894e-05
0.0002439609194317947
8.938407629338946e-06
0.00010502721743928292
0.0025397167971918846
0.8375112832048011
8.465383249022098e-06
6.138228744042737e-05
0.00012021538985280556
2.0652103271494416e-06
0.0004600710438306171
0.0111488806791606
0.00201839271610777
0.7224462485736595
0.00036564503285670694
4.894949797044416e-06
3.002174804559309e-05
0.0022379467829531908
0.0006028746843452093
0.0018959440421043834
3.408490408529024e-05
0.0026263383179089416
0.0025397167971918846
0.01755204679719683
0.00037444369343749787
7.477686837698752e-05
0.05934211994396664
5.2773912043388855e-05
9.26728873982799e-05
0.28577110712877274
0.004051779833149103
0.4063854476484083
0.0009963701392127341
0.0002974426144095046
0.006205190358523903
0.023891978117744912
0.0006140087633042159
0.00573099690108056
2.2799036829361375e-05
5.2983639401050455e-05
0.004310990812280356
3.542852152945256e-06
0.0024383082808047494
0.0054791804675661734
0.0020371841010819246
1.6296777998785842e-06
0.05091149785255361
0.0006690108479236455
0.019051565090594694
0.0004918550398852544
0.005043209625507099
0.0009620535380609667
0.5793237736371465
0.1157986836056809
0.0005886072720413393
0.00029587859629669227
0.0003189301166559721
0.1234556832028548
7.028968500247836e-06
0.00041004458405920137
6.187542847009735e-06
0.00040411405160072804
0.16065310414179534
0.11276219883069158
0.007259629558856944
0.0001599229958608033
8.755816951267311e-05
1.278616355507436e-05
0.0004209469577090895
0.06061711302784888
0.004478937200156548
0.0017264717346268266
0.001103559151521663
6.662313206351247e-05
0.04284337288169375
3.858118290185422e-06
0.004068130817826942
0.02390920644507293
0.012083349325932358
0.24097283652226964
0.15848200333372683
0.03772374136499708
6.898762638743965e-05
2.6678681487950425e-06
0.0008721361613955897
0.006211754129571811
1.949263393827143e-05
1.3939925058137211e-05
0.00016897005349732485
0.07386195825753421
0.037284071620246724
3.5571204493150426e-06
0.0008916265332688515
0.5364867419866107
0.00010796290566068243
0.011225408801113706
0.00045966843366342255
9.473070180232499e-05
1.2030159463603663e-06
0.0004966369415153946
8.822889540748973e-05
1.4900909257476137e-05
7.97156018341648e-07
2.6370775915725595e-05
0.0005307163947135509
0.023996048465654563
0.0070941163532244784
0.0022778220995399432
0.12605616407244738
0.00012785899466530754
0.0004727327886940339
2.5445793811492568e-06
0.13415726669570374
0.2509077529294904
0.5897248626155013
3.3583074800047104e-05
0.23073240369867606
0.001590573267405584
9.436750504683058e-07
1.0365992178571784e-05
5.1777322362106466e-05
0.0005283142966640389
0.002741708876407349
3.284646234656739e-05
8.85211610509818e-05
0.010143938692355912
0.008416285231786282
5.1777322362106466e-05
6.231045478549899e-05
0.0036707788855233144
4.588480473806e-05
7.985712588249179e-05
0.012198541994360506
1.8299574249949654e-05
0.009567473346299623
0.00010478055941033534
0.00025049576005924514
2.9287264865329004e-06
0.00013172496034795893
0.00022344364860501308
0.0001203770611335273
0.004927464659635686
4.864874405491133e-05
1.4678854375980046e-06
0.00024809223586224575
7.386239495829955e-05
1.8101625342518407e-05
0.0012234372674417254
0.00010354016035694872
0.0005194649059797694
0.0013894758774505521
2.070235626815461e-05
0.026136367772036897
0.9930757957288984
0.00022791286012228875
0.00012255234352244893
5.575599434100725e-07
0.003371013161500314
0.0002748787491757467
2.783703976996804e-06
0.00021066218011528558
0.5897248626155013
5.8124082513399746e-05
9.030463266768674e-06
0.0002148216847873999
1.5302093561412339e-06
6.26169673513392e-05
0.00034200716214477034
0.0005049085387319314
0.8948233136948596
0.0023134573923316477
0.0036096110123201002
0.0007271161712654504
3.087562474859401e-05
9.128597312143538e-06
0.004559745860135364
0.00050756670301805
0.0018917658374371545
4.154532170829447e-05
3.112052152404986e-06
0.21102081294966535
0.38064842404672794
0.00034822842495530804
0.0001191462885756803
0.3536389965464812
0.017188450669926882
0.006807312854608965
0.07532073879348113
0.00016838918944673677
7.394923186685188e-07
4.9322692936179254e-06
7.319807945091332e-05
0.03026240780604536
0.08785682155245003
0.00021015773137547384
0.0008381132884161152
4.804914362789502e-05
3.660685087872369e-06
8.996330176372712e-05
0.0003073333838100484
8.432132405477366e-05
0.0009737211708105473
0.00016189225814790416
0.3463895160907836
0.000752799981520721
1.8347388391155052e-05
0.1234556832028548
2.6119916811452843e-06
0.0003184123960130127
0.05067518533031968
0.3852351043638216
8.546697889166639e-05
0.09222083193238384
0.026073575371320337
0.2489418795180801
0.00016155382461764044
0.9997473253167487
0.0018817057348512758
0.029683240579916708
0.054303557868503605
0.00020191832434508005
0.0006915292510681127
0.4939224130196972
0.006956599412340447
0.0007954421406531385
0.17137224193854084
0.00018249115408954861
0.0005841536171736961
0.0
0.005794225179037338
2.398645064944749e-06
0.0001447845712552961
9.117024416334188e-06
8.931496089315743e-06
0.028784376025322238
0.00021429236578171182
6.046825787376352e-05
0.000416263896831338
0.00034720913697256243
0.00961223272324469
1.7298846194262006e-05
0.00023082271033487406
2.28682195350233e-05
2.3978560850013018e-05
0.0025897996043415757
3.083747166517601e-05
5.419189556400149e-05
1.0457868240112141e-06
0.005190560813783094
1.9149005156446636e-05
0.0031688781182755052
0.29404717162134103
3.6532501117018627e-06
0.4634199174726118
2.427488170250163e-06
3.76850611272047e-06
0.000232296604658001
0.021801127152680577
3.722946834161656e-05
2.2439018265826073e-05
0.0005135072185089348
0.0019662241246002506
0.0002659048470843161
0.14092720767823397
0.050290342981674084
0.009499437379637729
6.603262565740592e-06
0.0707545782356961
0.35575126510346006
0.0008852718529056195
3.031315509008767e-05
0.0014083950918076548
0.002792801512398288
0.0001812273836803999
0.00016656746066194986
0.007357768995942461
0.09992223885180879
2.2799036829361375e-05
5.060665173408357e-05
0.0004903161976413514
0.008198045781873692
0.00012817933940652252
2.550567921565582e-05
0.0008183448468878708
0.00023469975048934048
0.00011238001186083094
0.04460929040323994
0.015739257570541457
0.007225860714760523
0.00017502297269425356
0.029081310875687896
7.807508143649862e-06
0.00019534628746275542
0.00040116186809180897
0.0003088715566377838
0.0001554244027947831
0.062477720223023836
9.833483117205628e-05
6.321074676820305e-05
6.590983872450257e-06
0.0008854237230604971
0.00023176517553613263
2.046486087300012e-05
7.759309491753328e-05
0.00102922240705055
0.0019076703506363008
0.0006926353594172822
6.27079133587086e-05
0.00014842420151069466
1.1539200460053818e-06
0.0013093982199266817
8.094150731126722e-05
3.1673829003529516e-06
0.0002976632015892319
0.0009499701105561963
0.00030450012353854395
0.02827634061189496
6.9712481821556465e-06
2.9733313411253406e-06
0.0020381250091629677
0.6652933691579772
0.28577110712877274
4.3164715818313385e-05
0.3877711201072202
4.276259640092984e-06
5.1777322362106466e-05
0.8353948719513169
0.028693083958899256
5.245326897540356e-05
0.00250532929613646
0.0005694990494845862
0.0001836359139461304
0.04884689265806467
0.12246785126045183
0.0009198658834012529
3.4271667557900415e-05
0.0005701526325045039
0.0002333172314730817
0.01354033792211395
0.0005947239312994374
2.0734979391927772e-05
0.0013855486747410969
0.04402995366929564
2.686884490799437e-07
1.0476260301516006e-05
1.4082093226249721e-05
0.004789909998605867
0.000169641143205276
6.254045017288517e-05
0.12378580246789757
2.2331327758939987e-05
0.00022540118155665675
0.0018604503162795865
2.6316016581782046e-05
0.00026795739347417326
0.0004936684009679472
8.322437430334531e-06
1.7382321355759686e-06
0.9704951194178202
6.757505691788102e-06
6.0483647169354067e-05
0.028376581200805103
0.010679830200607154
0.0002742442881741799
0.0002224474845850981
0.00014066016727440106
2.4992790011123018e-05
0.00010211108781199566
8.678110302823692e-07
0.0006632554987657103
0.0027171565541055124
7.92681560752664e-05
0.10446977217710596
0.002233772420152662
0.005557060926597898
0.061039362584776595
5.1777322362106466e-05
1.0986842930775898e-05
0.05471742144536528
5.392303038132229e-05
0.009681837102882061
7.285350344748531e-06
0.00971331991987141
0.0018474845982660085
0.7430169123832242
9.651075096065848e-07
2.5333137198474366e-05
0.0001377240643060282
5.312864076394811e-05
0.0007551573160021606
0.01219175795628843
3.4341174057252066e-05
5.886815364774952e-06
0.00022717865611175962
0.0003053629718734424
0.4546772482571157
0.25204240471836264
0.08691338203051212
3.146458364142536e-05
0.44514168481264854
0.054484294179886775
0.004738937508264474
0.0011321655745542784
0.0009367183481037266
0.0006804926740291597
0.000151213207552515
0.026433932222860647
0.0008524561410115611
2.472674216325012e-06
0.01267390803608896
9.690500331692845e-06
9.031548015421334e-05
1.5194029691296942e-06
0.1739741533795885
0.00038302493928909457
0.0005672495201111701
0.1234556832028548
0.046342956734456646
5.680500159340867e-05
5.131397723023375e-05
0.00040789730072911305
0.07595596467578199
2.2799036829361375e-05
0.003015804877019648
0.0002516204956409025
0.007642800113386756
0.0025397167971918846
0.0344516034718039
0.008996618522668675
2.1169843412563934e-05
0.00010944955527230596
0.001290303327483178
2.4592857508598604e-05
2.6221441538395708e-05
0.003099444177815399
0.018853242809019743
0.006590829952719979
0.021902205967052675
0.007105902268900357
0.0001897737034710819
0.0002949693545108788
0.0007009546307069677
0.8918003373888704
0.0830291495523215
0.00023834894175391448
0.0019986227029067842
0.0035565492450147884
0.0007890815228595511
0.0003153510394586844
0.05175147054891448
0.0006546644445120066
9.946762117859146e-06
5.465953545308151e-07
1.9273840414143177e-06
0.06319716727429528
3.969838937069249e-06
4.5791522083988276e-07
0.0028173373030312915
8.094150731126722e-05
5.1777322362106466e-05
0.08762532975798396
0.00018876741089350163
9.054078377330916e-06
0.014003573910046313
3.6585808836555406e-06
0.000705288547395775
0.0003302701720592233
4.7034867682689755e-06
0.0007706641377876913
0.014426256550129362
0.000280031973043512
9.385509817893003e-05
3.655573007404605e-05
7.32228624016374e-05
5.012397772198558e-06
4.057256866566577e-06
0.001548392248697444
0.01573708563523337
0.0020696413551707952
0.01284626861238396
1.357945445678226e-05
0.0013363721988721427
0.1234556832028548
4.3329126214017515e-06
0.0005843240563509599
0.2039796743638979
8.698219511061308e-05
0.0009494117010522713
2.2131363326743452e-05
0.024188300132161722
8.200837494628387e-07
0.0029260754025619918
4.3991051867030506e-05
1.932763928141157e-06
0.0006875979736515507
5.307628441575812e-05
0.10005223458189504
0.044407427084769045
0.00014059731491727993
8.983235814034765e-05
0.0007176844467255292
0.007597742235041069
0.10034657465877514
0.0038636885590181066
0.7940718021502501
0.0007706641377876913
1.400090451661095e-06
0.23352383605394814
5.933192756750876e-05
0.014192130864989504
0.001009157967156053
1.791748678167386e-05
5.870653421039944e-06
0.0001372158901197189
2.1321688100522065e-05
0.11862636455537434
0.00020950387185757397
0.00029771800639981724
0.00021099741208996546
0.00015722737337435372
3.9900518888960087e-05
0.2989127835686008
5.014306824776193e-07
0.0008059122751941561
0.002540528711687949
0.00011539848939912375
0.0001961337682687049
0.0635804412099654
0.0015297916764360866
0.8333499892705861
3.437172708428977e-05
4.406715753872189e-06
0.0006235970148071366
0.7504940325217093
0.0001585566738052937
0.00171094826475226
0.0019126508069227412
0.001183901315746861
0.23348439102643184
0.0011405840358569615
3.8540287065322495e-05
0.0007389884125218897
2.3253983391869307e-07
2.036355710569068e-05
0.04568791147678871
0.008431074323020015
0.003006496383264654
0.9999784222138861
0.00012892434139088446
0.37230565916006714
4.3631245736258285e-06
1.2458283334310466e-05
0.00021467493712145654
0.00027509729900192063
0.001033146815675132
4.5217436838475086e-05
1.5540385479948235e-06
0.03041250790815575
0.0005040789283650036
0.8275566517347152
0.017478549325969497
0.0014414577309523804
0.004250710293864782
0.5020235007411675
3.810330747130905e-05
8.53813950919793e-06
0.06132370356325721
0.025970607755573968
0.005465537416811256
3.3002774716663334e-06
1.5700751524204056e-05
5.1777322362106466e-05
2.7702272015778256e-06
2.5284670012692487e-05
0.0013748377832201737
0.5345095730214198
0.9938333429215005
0.0008422396278828859
7.41537510689553e-05
0.004329690690974914
0.0004458576796060126
1.6957179558994168e-06
0.000133874601187159
0.05970312688592077
0.005300243546841335
0.0012677874273730762
0.07322934018778164
0.8888011443333218
0.002069233651619717
0.023683666051386724
1.562699574428691e-06
0.023318181122742507
0.25352101953146267
0.08167287840220175
0.008842354302735625
0.011927544633872562
1.8291175623739064e-05
0.9986042987241499
0.266754341955131
0.013094647855823526
0.0010711105125278185
6.192457274623007e-05
8.516776441730482e-05
3.94741531452259e-06
0.0023997850684562088
4.633166549680724e-05
0.00010956703780970788
0.03126882786374796
0.0055117124634254016
1.1948341016167344e-05
0.002100386999434437
7.130206730031841e-05
1.0222906348673226e-06
0.9925979848629058
4.4102833452614364e-05
0.006549665165964254
0.01609755052472211
0.003925972901968562
8.195695848658862e-06
2.1669258797659472e-05
0.017999946053260316
0.0005516556160137586
0.021081056089120788
0.0003007506362690432
1.689306721466572e-05
0.15944909944092434
0.19989968457404594
0.005463787853999835
0.5897248626155013
0.00784667191320065
0.0003127152860616528
8.21605650861824e-05
8.382644865967642e-06
0.5900776176934633
0.003463968406944054
1.1354360592546665e-05
4.0517258552744026e-05
2.229662362403732e-05
0.03625484251636275
2.2799036829361375e-05
1.5769615040686237e-06
0.00046516323440693385
3.434784872081721e-06
1.0882420375370712e-05
0.0016854684226927314
0.1234556832028548
0.0003144284966646726
1.1648674106065515e-07
0.0009158146931755504
0.29953660213372607
0.0010424950087193653
1.3284409280942393e-05
3.5427846201321586e-06
0.0143343618927354
0.002641290397426943
0.0012076450997385213
0.0007966903980702309
2.3883478287304013e-05
0.5897248626155013
6.135052655378304e-05
0.003258472079616812
0.025970607755573968
0.00011020151336380008
1.2497845284091924e-05
0.0017709465805956432
0.02681610528909073
0.0026483007563737476
0.0008775172196007221
0.0005987057932942242
4.215365001240812e-05
0.0016648443508821774
2.4059252784185753e-05
4.694840152245984e-05
3.8652807191569447e-05
0.00016761741081567353
3.666409687544174e-06
0.00011377945546410801
1.5484631969768786e-05
2.489501341215283e-05
0.05151227080564493
0.003817036422411866
0.003817036422411866
8.703991059681207e-07
2.1301272726478003e-05
3.0026192079877155e-06
2.7610965776559855e-05
5.1777322362106466e-05
0.0012791506212916834
1.6088487191393404e-05
5.4135384469815186e-05
0.0024382468109375396
0.09342856953064545
0.011099468219540064
2.6022826852928275e-05
0.0035465641170396734
9.440427410550071e-05
0.0011713920813494383
8.094150731126722e-05
0.00012766765806159635
0.0035976097192685808
0.004837913773769508
3.5270901762750206e-06
0.0011790280824674287
6.881845327988393e-05
1.321958738731001e-06
0.00019753775225990087
1.200222884711629e-06
0.0039838616837326955
0.49616188322188914
1.3270326813500226e-06
3.3287417565454196e-06
0.0006596944375948445
0.0001302591426764185
0.001711161662984449
0.0009507503005469298
0.00834492709821018
2.3727713569667142e-07
1.0994326566953147e-05
0.00011098366066919737
0.009683921490197452
0.09527545963181633
6.181026993562392e-05
0.0008514573138795014
0.15908042925552468
2.2482443001563387e-05
0.00025934107603640803
0.0001518989662060503
0.6875405434985928
0.0005215015028018087
0.009355362255875537
0.0012062876401709689
3.6981041782914546e-06
0.0016178207174080072
0.42695375697578647
7.403450767598227e-05
0.7535620718285331
1.4353065398590063e-06
1.4654265155750106e-06
1.7971902710125894e-07
5.360293684170754e-07
0.004887388634618877
0.00023375559719513768
0.0033602703708437553
0.01631826646519396
5.147758763496253e-05
0.007025826590519938
0.15066153114423952
4.260383744435e-06
8.529200660274627e-05
6.043572894348471e-06
5.3751208714147196e-05
7.251772706055709e-05
5.140051746054403e-05
1.5455603319764763e-05
0.0004194969149750622
0.0017837801616787604
0.1234556832028548
4.020823709742064e-06
3.42921211323236e-05
0.0012738920371401588
0.00026418339975193064
1.0171797424768255e-06
6.829253450585861e-07
2.847435983116004e-05
4.5505920246513116e-06
5.933737748826399e-05
0.004916524885995569
9.659154021484469e-07
0.20044474720021258
0.015186608072582514
0.023510693570504497
0.044492490204648086
6.759308698521603e-05
5.3778847597977325e-05
4.101927207523232e-06
0.0011790280824674287
0.03817861838235051
2.4288573298207384e-05
0.00013883964634922079
0.01563049874821461
3.4011828635934664e-06
0.06111114821333829
1.5804168193138074e-06
1.5109919505342104e-06
0.01403332625713754
0.00014785062827532252
9.082264294000865e-05
3.485767228807939e-05
0.9896479677011252
0.009194487231132547
0.0048718563168088785
0.00031179571198281875
0.00011959748234885977
0.009995272887147086
4.016904532750356e-06
1.2164886231970013e-05
0.10247379715799526
0.001967898945641315
0.842502427797243
0.1759063040493028
0.0005694990494845862
0.0031298030741645122
0.0012944442776854314
0.05833363785162763
0.0018994840312184973
1.2782980190147236e-05
1.3841356256066587e-05
0.024125008521614484
0.00906193677611059
0.005942023886573854
5.2477273366019754e-05
0.5521969796704402
0.15342293640074117
0.9954287877367642
0.004802378136671614
0.8948339237664846
0.0003976829704792451
0.0002573485733662735
6.26296062196327e-05
3.351406308655841e-05
0.0004531638622887649
7.530869183818625e-06
0.2664060276093941
0.42363566570004574
0.00232776077847826
2.6032706255442197e-06
0.1331227549086862
9.450193610333352e-05
0.004019820159008064
4.785186231756563e-05
3.389614003836078e-07
0.00047247701350793507
0.0010146067819193601
0.052281337078817526
0.0007706641377876913
0.008954516320438
0.008008930941317488
0.04344033842846455
0.0033772877447638483
6.928962039414901e-05
1.8347883177018012e-05
4.290362532231906e-05
2.5044144054127377e-05
8.769758412696946e-06
0.1347768233500358
0.00029887056641000333
0.013283192703065601
8.041839495765418e-05
0.00011678210713104882
0.1565057284756953
3.720176721163295e-06
0.11057680720985838
0.015257486554922053
0.025265157206793898
7.308243570467743e-07
0.01052421271223386
0.6764701855078423
0.007119014909210183
2.2799036829361375e-05
0.9312060837972833
0.0020627278578329274
0.01024215450109463
1.7382321355759686e-06
2.59199095743672e-05
1.388228210718191e-07
0.0902977788030166
1.4422806955334107e-05
8.866815610985666e-05
0.0021064720506074074
0.6414400803233288
1.3030354021437007e-05
0.009042679943164645
0.1234556832028548
0.0009894941291802484
7.328716273503396e-05
0.000660525445004209
2.007174401163048e-06
0.000299587685755735
1.3297445615085383e-05
2.143175254495675e-06
0.058872248004460476
9.490515889773912e-06
0.00013323803006941193
1.9780991944469653e-07
0.769642887126369
1.725590169186227e-05
0.0035565492450147884
0.0001982430404024977
2.7607253063521993e-05
0.0023993855143193445
6.612169166040266e-06
0.046381720005263874
0.014256861429246427
9.934445627794882e-05
0.15896422512837244
0.0032797967682093154
8.513827696483066e-06
0.0014293986934801486
3.912263911163081e-05
9.580344081287491e-06
0.0070117127364638905
0.09030235365131563
0.0013113172905537432
0.00011799559128874302
