0.37833887338638306
0.3242019712924957
0.24642618000507355
0.6231182813644409
0.2583545744419098
0.26593130826950073
0.6980412006378174
0.31920015811920166
0.5511096119880676
0.39299193024635315
0.08008406311273575
0.2761235535144806
0.3529638350009918
0.2614119052886963
0.26488596200942993
0.31470686197280884
0.5163450241088867
0.1979038417339325
0.09949067234992981
0.13691559433937073
0.21891415119171143
0.19605892896652222
0.3439415991306305
0.4937402009963989
0.26490113139152527
0.4401429295539856
0.17227523028850555
0.25540390610694885
0.30233949422836304
0.29841339588165283
0.6431517601013184
0.5239256620407104
0.4140266180038452
0.30364301800727844
0.3014933168888092
0.2651020884513855
0.24044255912303925
0.2475181519985199
0.2992570996284485
0.14614301919937134
0.1769712269306183
0.18686823546886444
0.28114694356918335
0.3662734627723694
0.43529894948005676
0.28624024987220764
0.34995102882385254
0.3426963686943054
0.18456809222698212
0.19516083598136902
0.24499446153640747
0.2225460708141327
0.3469826877117157
0.22221480309963226
0.26207372546195984
0.23077510297298431
0.18424847722053528
0.2672496736049652
0.3781718313694
0.4714916944503784
0.35788655281066895
0.3331157863140106
0.2905029058456421
0.2576676905155182
0.22316128015518188
0.14295007288455963
0.26872941851615906
0.2504607141017914
0.30226215720176697
0.37304675579071045
0.2767083942890167
0.22387254238128662
0.15557773411273956
0.2608320116996765
0.1752806454896927
0.12309248745441437
0.4895728826522827
0.305290162563324
0.16287794709205627
0.19487512111663818
0.11012931913137436
0.3313298523426056
0.15407608449459076
0.3197849690914154
0.3223768472671509
0.2326722890138626
0.13383673131465912
0.23276692628860474
0.15026052296161652
0.05082530528306961
0.29300013184547424
0.21819688379764557
0.2519838809967041
0.21829576790332794
0.35650181770324707
0.19119341671466827
0.274933397769928
0.16398051381111145
0.22835275530815125
0.4775770306587219
0.19774562120437622
0.3184906542301178
0.16502058506011963
0.15417109429836273
0.31528815627098083
0.25008565187454224
0.14342613518238068
0.1495252400636673
0.17402055859565735
0.0995655432343483
0.1591450273990631
0.14809635281562805
0.15673433244228363
0.16759724915027618
0.2256719022989273
0.2531030476093292
0.0757027417421341
0.21026168763637543
0.19488748908042908
0.4006558954715729
0.4362821578979492
0.4322133958339691
0.20849940180778503
0.36195674538612366
0.25941723585128784
0.4336581826210022
0.35046204924583435
0.16398829221725464
0.21630887687206268
0.27091196179389954
0.166266530752182
0.21993161737918854
0.23502857983112335
0.5511353611946106
0.24483659863471985
0.21320529282093048
0.11244253069162369
0.267000675201416
0.2806857228279114
0.11723776161670685
0.2562709152698517
0.25480177998542786
0.12295863777399063
0.23874419927597046
0.33535483479499817
0.12455739825963974
0.23065750300884247
0.07252569496631622
0.16338084638118744
0.24865569174289703
0.2836935818195343
0.23232971131801605
0.3348095417022705
0.3466425836086273
0.26738739013671875
0.1916811317205429
0.09082160145044327
0.3190857172012329
0.2802576720714569
0.22876419126987457
0.3375084102153778
0.29509401321411133
0.2522597014904022
0.2740042507648468
0.311769962310791
0.26985177397727966
0.1682068109512329
0.3347873091697693
0.07328251749277115
0.22690479457378387
0.09237799048423767
0.16408857703208923
0.23888546228408813
0.2856013774871826
0.08885166794061661
0.21963989734649658
0.2704090476036072
0.18894235789775848
0.27860522270202637
0.2725379168987274
0.2944198250770569
0.14801760017871857
0.16254915297031403
0.18516211211681366
0.0666748583316803
0.20523689687252045
0.16732460260391235
0.18780553340911865
0.36441442370414734
0.30684760212898254
0.06005130708217621
0.2323579639196396
0.16547968983650208
0.14066864550113678
0.17646126449108124
0.18503426015377045
0.2557641267776489
0.2715730667114258
0.20023295283317566
0.1530551016330719
0.34153762459754944
0.3161163330078125
0.351698100566864
0.25734734535217285
0.1595412641763687
0.11558850109577179
0.1617845594882965
0.09731978178024292
0.1993546336889267
0.14182737469673157
0.4273069202899933
0.22215300798416138
0.3026421368122101
0.3599804639816284
0.25178787112236023
0.29679203033447266
0.04564547911286354
0.2770287096500397
0.28127795457839966
0.32660770416259766
0.23277859389781952
0.1131940633058548
0.0635041743516922
0.08411435037851334
0.2361590564250946
0.2826807200908661
0.365378201007843
0.24585971236228943
0.38190335035324097
0.10863827168941498
0.045900460332632065
0.044956106692552567
0.0902847945690155
0.2973044514656067
0.1166345626115799
0.5021390914916992
0.2366315871477127
0.32264381647109985
0.27240443229675293
0.20238617062568665
0.32855328917503357
0.26955971121788025
0.19029249250888824
0.19761990010738373
0.21704240143299103
0.3534063398838043
0.3327884078025818
0.23837725818157196
0.3313828110694885
0.2532718777656555
0.22815322875976562
0.3049475848674774
0.1908801645040512
0.24493442475795746
0.21866163611412048
0.3097424805164337
0.31115618348121643
0.319215327501297
0.39367493987083435
0.2438827008008957
0.2421666979789734
0.17371048033237457
0.13864432275295258
0.2208138108253479
0.22656787931919098
0.3160347640514374
0.5089713931083679
0.09132344275712967
0.44637128710746765
0.22580398619174957
0.12544949352741241
0.2159733772277832
0.254814475774765
0.3123505711555481
-0.13676020503044128
0.024447990581393242
0.16870687901973724
0.11079926788806915
0.22693587839603424
0.23818513751029968
0.06641599535942078
0.1679648905992508
0.17514431476593018
0.2049289345741272
0.3674071133136749
0.2278050035238266
0.2329798936843872
0.22512803971767426
0.17865051329135895
0.26871421933174133
0.3365562856197357
0.10795772820711136
0.25175008177757263
0.31934070587158203
0.46726012229919434
0.22519972920417786
0.21857334673404694
0.28998270630836487
0.5186148285865784
-0.009330186061561108
0.24829334020614624
0.20900054275989532
0.11343597620725632
0.20517155528068542
0.1181408017873764
0.10316284745931625
0.2727455794811249
0.14715658128261566
0.2033061683177948
0.26978182792663574
0.22745467722415924
0.22857807576656342
0.14218194782733917
0.19949765503406525
0.17869006097316742
0.1257302463054657
0.04595343396067619
0.41754090785980225
0.4024287760257721
0.2805769443511963
0.31095027923583984
0.2440013736486435
0.27231860160827637
0.12976689636707306
0.36175721883773804
0.18090827763080597
0.13611815869808197
0.302135705947876
0.18452465534210205
0.30915409326553345
0.23906557261943817
0.21423617005348206
0.12456411123275757
-0.002823176793754101
0.11929599195718765
-0.0037565839011222124
0.12215342372655869
0.047704413533210754
0.06675538420677185
0.2455199658870697
-0.011223840527236462
0.2839334011077881
0.2174658328294754
0.18411393463611603
0.23227815330028534
0.3560660183429718
0.22865930199623108
0.3650748133659363
0.380456805229187
0.25481343269348145
0.27294227480888367
0.24766859412193298
0.1996498703956604
0.07915030419826508
0.036234065890312195
0.1935098022222519
0.18617816269397736
0.23882436752319336
0.28258007764816284
0.1467430293560028
0.0842549130320549
0.14761392772197723
0.06611262261867523
0.1830710470676422
0.24709612131118774
0.08818560093641281
0.2629845440387726
0.33151912689208984
0.19605892896652222
0.20159827172756195
0.3408917188644409
0.2542670667171478
0.33296144008636475
0.2745685875415802
0.10411708801984787
0.10574869811534882
0.29805776476860046
0.08629583567380905
0.13979315757751465
0.29402321577072144
0.1626148372888565
0.07839842140674591
0.03503931686282158
0.2250305712223053
0.21239618957042694
0.12031097710132599
0.25989118218421936
0.37934115529060364
0.2081480175256729
0.17657674849033356
0.10020723193883896
0.1710306853055954
0.29353761672973633
0.31728917360305786
0.16291432082653046
0.11036735028028488
0.2560247778892517
0.10643383115530014
0.25980502367019653
0.2830882668495178
0.35325130820274353
0.28843727707862854
0.37282389402389526
0.23245367407798767
0.37494394183158875
0.257701575756073
0.3525584042072296
0.2646874785423279
0.38520681858062744
0.44659167528152466
0.25044092535972595
0.4404590129852295
0.2191656082868576
0.04375606030225754
0.12247586250305176
0.2353750318288803
0.16911903023719788
0.17957614362239838
0.2152108997106552
0.2134765237569809
0.2301507145166397
0.2125190943479538
0.2354251891374588
0.0557960607111454
0.20817555487155914
0.12838779389858246
0.17667563259601593
0.22670878469944
0.3031259775161743
0.15197017788887024
0.1899527609348297
0.44339483976364136
0.25795021653175354
0.20558829605579376
0.34424319863319397
0.38969552516937256
0.31580978631973267
0.26333558559417725
0.2839503288269043
0.2126130312681198
0.37518125772476196
0.206168532371521
0.2800048291683197
0.16851475834846497
0.30636271834373474
0.23675060272216797
0.25194114446640015
0.04153255373239517
0.456572026014328
0.07924918830394745
0.19827112555503845
0.2158137410879135
0.032787203788757324
-0.11599887162446976
0.1539538949728012
0.24829334020614624
0.1657993048429489
0.1688336730003357
0.28033962845802307
0.05517943948507309
0.23576633632183075
0.21711726486682892
0.4245638847351074
0.45445021986961365
0.3220321536064148
0.2992807626724243
0.1517353355884552
0.25239992141723633
0.3600910007953644
0.2760070264339447
0.1722409725189209
0.2880251109600067
0.39236363768577576
0.2291717380285263
0.2740628719329834
0.22954362630844116
0.13933086395263672
0.2423771768808365
0.27541300654411316
0.9352611899375916
0.3229161202907562
0.3229161202907562
0.29873475432395935
0.1810329407453537
0.3798433542251587
0.3255411684513092
0.3105158805847168
0.35375985503196716
0.4155579209327698
0.17417842149734497
0.3795071542263031
0.3097092807292938
0.3786097466945648
0.004870809614658356
0.2689865231513977
0.321237176656723
0.18722563982009888
0.15843552350997925
0.28155237436294556
0.3141481578350067
0.1797177642583847
0.3141481578350067
0.1106007918715477
0.31934070587158203
0.31051766872406006
0.34595003724098206
0.2051733285188675
0.37806448340415955
0.19557227194309235
0.18100646138191223
0.2171165645122528
0.27182453870773315
0.34890812635421753
0.3268708288669586
0.3252127170562744
0.3309968113899231
0.1933918446302414
0.3836490213871002
0.3836490213871002
0.33917322754859924
0.19679315388202667
0.4652068316936493
0.36204010248184204
0.25908419489860535
0.26923513412475586
0.5605284571647644
0.3089531362056732
0.42941105365753174
0.32067495584487915
0.39499858021736145
0.5046564340591431
0.3122566342353821
0.23403584957122803
0.5303182601928711
0.4382835328578949
0.2550991177558899
0.09460184723138809
0.28912168741226196
0.16658684611320496
0.18601888418197632
0.19076043367385864
0.30309173464775085
0.4048454463481903
0.2907631993293762
0.2716461718082428
0.1245877742767334
0.10898366570472717
0.10665067285299301
0.11001242697238922
0.005615628324449062
0.3827812969684601
0.43514567613601685
0.2810749113559723
0.3055945932865143
0.3516779839992523
0.37216630578041077
0.10070095956325531
0.09860988706350327
0.04584536701440811
0.2916323244571686
0.14010076224803925
0.33405378460884094
0.1581491082906723
0.25933000445365906
0.37063395977020264
0.32839682698249817
0.48499342799186707
0.2371450811624527
0.4270671010017395
0.32909008860588074
0.08511026948690414
0.08910170197486877
0.18889008462429047
0.17897294461727142
0.28104063868522644
0.2744877338409424
0.22690656781196594
0.1597132533788681
0.1320984661579132
0.44460442662239075
0.1102469265460968
0.30799394845962524
0.209385484457016
0.37436652183532715
0.35055527091026306
0.36501938104629517
0.37675461173057556
0.19867268204689026
0.238225057721138
0.31596341729164124
0.37638378143310547
0.4261149764060974
0.1918329894542694
0.28492435812950134
0.40354546904563904
-0.03280910104513168
0.222095787525177
0.21399638056755066
0.2619529366493225
0.16428211331367493
0.3668159246444702
0.296670526266098
0.4742615520954132
0.23502081632614136
0.2901144325733185
0.11708872765302658
0.1706220805644989
0.3515455424785614
0.15817418694496155
0.3053191006183624
0.16095039248466492
0.1847263127565384
0.2529151737689972
0.18908856809139252
0.3295018672943115
0.2401098757982254
0.22604943811893463
0.20661035180091858
0.2440476268529892
0.22396861016750336
0.41719552874565125
0.23853759467601776
0.27249306440353394
0.2438678741455078
0.24122197926044464
0.4543580412864685
0.21175839006900787
0.20539653301239014
0.22035259008407593
0.19018231332302094
0.2644791007041931
0.19020244479179382
0.2850744426250458
0.35343849658966064
0.3402295410633087
0.32134878635406494
0.21271616220474243
0.23250170052051544
0.2366940975189209
0.16454733908176422
0.20975807309150696
0.30050233006477356
0.14925400912761688
0.3474982976913452
0.1514732837677002
0.16101643443107605
0.26389145851135254
0.2003120481967926
0.48108676075935364
0.24867863953113556
0.25840896368026733
0.17820659279823303
0.2658175826072693
0.13838757574558258
0.22678260505199432
0.2661919593811035
0.1498120129108429
0.41595134139060974
0.23297564685344696
0.2523610591888428
0.09909971803426743
0.3547059893608093
0.4100605845451355
0.3109089732170105
0.13242337107658386
0.302187979221344
0.4100605845451355
0.25731557607650757
0.19390887022018433
0.4122622013092041
0.3263506293296814
0.19390887022018433
0.43507081270217896
0.5876897573471069
0.4142897129058838
0.2510080933570862
0.40703505277633667
0.10131475329399109
0.14058777689933777
0.1963983178138733
0.21385829150676727
0.1840362250804901
0.3483024537563324
0.2082098126411438
0.27678751945495605
0.40491291880607605
0.3361716866493225
0.34739306569099426
0.1396024525165558
0.6073965430259705
0.6179843544960022
0.3283085525035858
0.042130809277296066
0.34584444761276245
0.2952084541320801
0.32311034202575684
0.26338112354278564
0.31879541277885437
0.12242323905229568
0.3273772597312927
0.2695229649543762
0.31185826659202576
0.38520506024360657
0.2909468412399292
0.44383949041366577
0.4732663333415985
0.3372657895088196
0.27168431878089905
0.262799471616745
0.18278886377811432
0.3302272856235504
0.2152889519929886
0.3624398708343506
0.3289223313331604
0.39156726002693176
0.21254239976406097
0.09904250502586365
0.17897294461727142
0.2597936987876892
0.25523579120635986
0.1968115121126175
0.30079758167266846
0.3345029950141907
0.36640024185180664
0.282304972410202
0.2485635131597519
0.19398409128189087
0.6611869931221008
0.21775931119918823
0.619721531867981
0.43402934074401855
0.09041723608970642
0.35861971974372864
0.11973991990089417
0.23311832547187805
0.24036133289337158
0.32702234387397766
0.13963918387889862
0.21936020255088806
0.2842554748058319
0.24269112944602966
0.1997085064649582
0.36161312460899353
0.21243822574615479
0.1403741091489792
0.15463903546333313
0.3399759531021118
0.3286662995815277
0.19124391674995422
0.39782848954200745
0.2750644385814667
0.41514578461647034
0.15732482075691223
0.34361952543258667
0.16573891043663025
0.253882497549057
0.31988951563835144
0.27899405360221863
0.1635839194059372
0.15537749230861664
0.27888423204421997
0.3204531669616699
0.2952084541320801
0.3958663046360016
0.4100605845451355
0.36211180686950684
0.41806501150131226
0.3131783902645111
0.21142464876174927
0.23058615624904633
0.18087224662303925
0.30686208605766296
0.2626546621322632
0.26655110716819763
0.19698208570480347
0.04216506704688072
0.41806501150131226
0.41806501150131226
0.21881103515625
0.3286087214946747
0.13646849989891052
0.22265872359275818
0.2226732075214386
0.3385837972164154
0.23262178897857666
0.14260821044445038
0.30313870310783386
0.2066110521554947
0.2721801698207855
0.13086557388305664
0.3737438917160034
0.4141678810119629
0.12540887296199799
0.11541050672531128
0.06416670233011246
0.19274026155471802
0.2794581353664398
0.13880324363708496
0.11785650253295898
0.13969074189662933
0.10838928818702698
0.20352794229984283
0.12028519809246063
0.1841125190258026
0.1604054570198059
0.1875830441713333
0.19679315388202667
0.32357582449913025
0.2942333519458771
0.20698434114456177
0.2717302441596985
0.36329418420791626
0.25906407833099365
0.26089805364608765
0.27639585733413696
0.08866908401250839
0.1200125589966774
0.1830558478832245
0.10346903651952744
0.10994143784046173
0.27612075209617615
0.3106755316257477
0.9999992847442627
0.3185107707977295
0.6659963726997375
0.3063446879386902
0.13971228897571564
-0.0128589803352952
0.18055298924446106
0.20978668332099915
0.2837041914463043
0.1972579061985016
0.2591491937637329
0.0843474343419075
0.19600948691368103
0.47573140263557434
0.24606242775917053
0.5679730772972107
0.6073965430259705
0.17680877447128296
0.16976778209209442
0.2542264759540558
0.2970000207424164
0.22035646438598633
0.3663479685783386
0.23497630655765533
0.316291868686676
0.3980855941772461
0.3431088626384735
0.2865457236766815
0.15115226805210114
0.33200544118881226
0.2580031752586365
0.21342425048351288
0.08174004405736923
0.12085414677858353
0.2311745285987854
0.1661302149295807
0.3157974183559418
0.19679315388202667
0.349020779132843
0.3682013750076294
0.2106010764837265
0.27181747555732727
0.1197134330868721
0.2557210326194763
0.2830042243003845
0.23063206672668457
0.4099263846874237
0.16862565279006958
0.23870393633842468
0.19963610172271729
0.2711782455444336
0.2845154106616974
0.2580031752586365
0.2993379533290863
0.31040534377098083
0.3057333827018738
0.3737438917160034
0.26902535557746887
0.39523202180862427
0.3255411684513092
0.23518043756484985
0.26788783073425293
0.25391921401023865
0.20246316492557526
0.2480422407388687
0.30176207423210144
0.22360873222351074
0.2843914330005646
0.24142257869243622
0.278962641954422
0.2839542329311371
0.2516441345214844
0.23032128810882568
0.32311034202575684
0.2190508246421814
0.2952084541320801
0.14927591383457184
0.27130362391471863
0.1380637288093567
0.16057074069976807
0.09419748187065125
0.37382230162620544
0.27268412709236145
0.3549210727214813
0.1926509141921997
0.22461877763271332
0.22886554896831512
0.28642213344573975
0.37410059571266174
0.31291458010673523
0.3617236614227295
0.23060205578804016
0.3738657236099243
0.1976771056652069
0.2550698220729828
0.3836490213871002
0.2948535084724426
0.3966746926307678
0.28288203477859497
0.3527936041355133
0.261128306388855
0.27429842948913574
0.04407708719372749
0.40310823917388916
0.13293758034706116
0.352919340133667
0.18256813287734985
0.24248453974723816
0.23685549199581146
0.2785024642944336
0.3454340696334839
0.24392791092395782
0.10466448962688446
0.20695997774600983
0.09713437408208847
0.21738532185554504
0.07357881963253021
0.28202736377716064
0.284761905670166
0.284761905670166
0.1972579061985016
0.251272976398468
0.14750055968761444
0.0817202627658844
0.20184653997421265
0.22436803579330444
0.170461043715477
0.15523022413253784
0.02029763162136078
0.08614573627710342
0.1513807624578476
0.21233227849006653
0.29384028911590576
0.3454693853855133
0.33814340829849243
0.35265305638313293
0.297534704208374
0.26680538058280945
0.2702317535877228
0.20137472450733185
0.22956198453903198
0.2136993706226349
0.302187979221344
0.3899752199649811
0.19168218970298767
0.2625603675842285
0.21399638056755066
0.22713682055473328
0.24869771301746368
0.4090562164783478
0.4100605845451355
0.31091001629829407
0.3418424129486084
0.21035315096378326
0.21204480528831482
0.5033416152000427
0.28766030073165894
0.5049026012420654
0.23421524465084076
0.23444339632987976
0.318943053483963
0.3730117976665497
0.32127144932746887
0.1269242912530899
0.36035341024398804
0.39918074011802673
0.3590308129787445
0.33200544118881226
0.29081758856773376
0.17614376544952393
0.2045874297618866
0.11225535720586777
0.1995965540409088
0.1764068752527237
0.2467712163925171
0.2752925753593445
0.21924825012683868
0.22591064870357513
0.23027749359607697
0.22311678528785706
0.26602065563201904
0.5454636216163635
0.22785550355911255
0.27555355429649353
0.2932787537574768
0.4992636442184448
0.3397054374217987
0.21647875010967255
0.20327897369861603
0.3157486915588379
0.2597936987876892
0.284761905670166
0.2609107494354248
0.08511026948690414
0.29873406887054443
0.34647026658058167
0.1621338278055191
0.3096255660057068
0.2547968327999115
0.3520004153251648
0.21615877747535706
0.17778843641281128
0.21994397044181824
0.24184778332710266
0.269443154335022
0.22436803579330444
0.18889008462429047
0.284761905670166
0.27748748660087585
0.37162846326828003
0.4111197292804718
0.46210360527038574
0.3511337637901306
0.2991384267807007
0.13455188274383545
0.1650894433259964
0.08826400339603424
0.2863475978374481
0.09032011032104492
0.07193026691675186
0.19364364445209503
0.2675625681877136
0.18637698888778687
0.14451564848423004
0.30778276920318604
0.2874247431755066
0.23960591852664948
0.19450713694095612
-0.03374321386218071
0.2317526489496231
-0.11466356366872787
0.07692538946866989
0.11241109669208527
0.1885298639535904
0.2690002918243408
0.14840324223041534
0.138462096452713
0.37453603744506836
0.12661315500736237
0.4566228687763214
0.23253455758094788
0.29578515887260437
0.13004130125045776
0.17033390700817108
0.11234929412603378
0.1683749109506607
0.11933024972677231
0.39877423644065857
0.27590036392211914
0.20762991905212402
0.053963854908943176
0.2851712107658386
0.2952084541320801
0.20343931019306183
0.3204531669616699
0.40310823917388916
0.40310823917388916
0.302187979221344
0.41806501150131226
0.15225094556808472
0.2652228772640228
0.33278417587280273
0.169996976852417
0.20878228545188904
0.2125190943479538
-0.08539880067110062
0.13119861483573914
0.23076768219470978
0.24829334020614624
0.35791200399398804
0.2870525121688843
0.31800222396850586
0.2700209319591522
0.20879535377025604
0.22195063531398773
0.17944230139255524
0.24142257869243622
0.19657312333583832
0.09467247873544693
0.3891657590866089
0.23849168419837952
0.3649890124797821
0.30490627884864807
0.38571783900260925
0.4071773886680603
0.289205402135849
0.4449039101600647
0.3276756703853607
0.3060116767883301
0.3966746926307678
0.3966746926307678
0.27612075209617615
0.3229161202907562
0.3527936041355133
0.1418588012456894
0.37006253004074097
0.3980855941772461
-0.08248627185821533
0.40310823917388916
0.25044938921928406
-0.08894066512584686
0.23712565004825592
0.23778748512268066
0.2123555839061737
0.13271331787109375
0.33278417587280273
0.33011460304260254
0.18798846006393433
0.16582225263118744
0.30024242401123047
0.1693408042192459
0.19660384953022003
0.2783530652523041
0.28643518686294556
0.11102105677127838
0.20627377927303314
0.1916041374206543
0.23433426022529602
0.1632477045059204
0.45496654510498047
0.20057763159275055
0.09912726283073425
0.3752667307853699
0.18009071052074432
0.2789689898490906
0.3018718957901001
0.4199018180370331
0.2970007359981537
0.16303934156894684
0.3386462926864624
0.21827422082424164
0.36840054392814636
0.22916997969150543
0.2013750672340393
0.3080497682094574
0.2581508159637451
0.30644357204437256
0.13449501991271973
0.06627967208623886
0.16367502510547638
0.13986484706401825
0.13708510994911194
0.28432223200798035
0.2775457501411438
0.3021060526371002
0.33917322754859924
0.3966746926307678
0.3287860155105591
0.16707880795001984
0.2916323244571686
0.3081899583339691
0.3287860155105591
0.30121147632598877
0.35803982615470886
0.17934058606624603
0.4100605845451355
0.28036150336265564
0.2540714144706726
0.18439187109470367
0.12531952559947968
0.22327499091625214
0.26058655977249146
0.22821713984012604
0.38741162419319153
0.3161449432373047
0.35992431640625
0.2772166132926941
0.37728750705718994
0.14580433070659637
0.32355040311813354
0.43305426836013794
0.6329273581504822
0.32707178592681885
0.07357493788003922
0.39818376302719116
0.26776599884033203
0.19333039224147797
0.3229161202907562
0.7477505207061768
0.3966746926307678
0.3229161202907562
0.23500491678714752
0.08030055463314056
0.05690569430589676
0.29875171184539795
0.2091509848833084
0.3157338500022888
0.3105095326900482
0.3137829899787903
0.4787742495536804
0.4141678810119629
0.3259568512439728
0.1972579061985016
0.2597936987876892
0.22317257523536682
0.284761905670166
0.19522228837013245
0.3490257263183594
0.15761442482471466
0.2044193297624588
0.2081812024116516
0.17052142322063446
0.21307779848575592
0.31005606055259705
0.22976469993591309
0.2166818231344223
0.161053866147995
0.12379845231771469
0.1526959389448166
0.168061301112175
0.19602325558662415
0.004022161476314068
0.14058777689933777
0.06346320360898972
0.10016874223947525
0.14551861584186554
0.23867815732955933
0.21666380763053894
0.17312882840633392
0.22066760063171387
0.22779299318790436
0.6955175399780273
0.29551073908805847
0.3600910007953644
0.13500110805034637
0.29313749074935913
0.2993379533290863
0.15772001445293427
0.31192219257354736
0.33200544118881226
0.4662691354751587
0.26720163226127625
0.2814273536205292
0.12293355911970139
0.26720163226127625
0.41859617829322815
0.2547968327999115
0.19735997915267944
0.29000672698020935
0.3925091624259949
0.3122389614582062
0.3396121859550476
0.21649746596813202
0.36367347836494446
0.28148597478866577
0.28148597478866577
0.29966500401496887
0.29081758856773376
0.28506314754486084
0.2509932816028595
0.3109089732170105
0.3418424129486084
0.3477458655834198
0.41806501150131226
0.1001051738858223
0.13217121362686157
0.2509932816028595
0.1785699874162674
0.21098990738391876
0.1991727501153946
0.17523226141929626
0.06413138657808304
0.12795305252075195
0.2770855724811554
0.2130841612815857
0.1612858921289444
0.17114299535751343
0.1963983178138733
0.19399963319301605
0.24905970692634583
0.2354251891374588
0.20762427151203156
0.26622021198272705
0.17952705919742584
0.33753702044487
0.13410866260528564
0.25465521216392517
0.21298986673355103
0.2940874993801117
0.22762806713581085
0.42293405532836914
0.3734387457370758
0.218582883477211
0.31593233346939087
0.3138123154640198
0.3664613366127014
0.17824366688728333
0.3422902226448059
0.2628602087497711
0.08603767305612564
0.25167664885520935
0.363004595041275
0.19670520722866058
0.3353830873966217
0.21895477175712585
0.2113511860370636
0.3481707274913788
0.19573436677455902
0.20628120005130768
0.17330540716648102
0.18882404267787933
0.06775165349245071
0.3184376657009125
0.2443781942129135
0.13688063621520996
0.19625987112522125
0.1719326674938202
0.15801666676998138
0.18340513110160828
0.17359746992588043
0.21408537030220032
0.127100870013237
0.2466617375612259
0.22988760471343994
0.27767041325569153
0.26772502064704895
0.2993379533290863
0.2993379533290863
0.28148597478866577
0.4908725321292877
0.54966801404953
0.3762333393096924
0.0900905579328537
0.5953322052955627
0.1801094263792038
0.06885881721973419
0.27835801243782043
0.2858496606349945
0.19458377361297607
0.3068500757217407
0.38492006063461304
0.3708702027797699
0.34507066011428833
0.2806578278541565
0.30905449390411377
0.35369735956192017
0.20519275963306427
0.11293060332536697
0.14785373210906982
0.24142257869243622
0.22719226777553558
0.24142257869243622
0.3617875874042511
0.3049052059650421
0.36076411604881287
0.41994595527648926
0.23859798908233643
0.41994595527648926
0.2446204572916031
0.22243236005306244
0.36903905868530273
0.40310823917388916
0.302187979221344
0.30104196071624756
0.3088761568069458
0.28664177656173706
0.21646003425121307
0.22290770709514618
0.23174099624156952
0.2837041914463043
0.2576747536659241
0.1066831648349762
0.1770365685224533
0.2980881333351135
0.24527522921562195
0.18186181783676147
0.24986456334590912
0.16198797523975372
0.14804337918758392
0.06698493659496307
0.2239668369293213
0.22668619453907013
0.17322735488414764
0.28085169196128845
0.26078715920448303
0.1234746053814888
0.36903905868530273
0.31091001629829407
0.4100605845451355
0.2044747769832611
0.3595248758792877
0.1890670210123062
0.16047608852386475
0.2106395661830902
0.26467618346214294
0.2025754749774933
0.10849841684103012
0.2675240635871887
0.2952084541320801
0.3793577551841736
0.3075101375579834
0.23442396521568298
0.16271725296974182
0.2654722034931183
0.21833673119544983
0.1207541972398758
0.2368759661912918
0.19439305365085602
0.19274379312992096
0.3169702887535095
0.27859288454055786
0.22131848335266113
0.26075607538223267
0.2753342390060425
0.25296637415885925
0.28448256850242615
0.1967860907316208
0.20957443118095398
0.2349102795124054
0.35157379508018494
0.18443036079406738
0.16952797770500183
0.36403369903564453
0.14477451145648956
0.3185351490974426
0.3299553394317627
0.29888802766799927
0.36559784412384033
0.3405427932739258
0.3575606048107147
0.33882465958595276
0.26668354868888855
0.27769479155540466
0.0705631747841835
0.18550926446914673
-0.042551424354314804
-0.052992306649684906
0.06688004732131958
0.2508590519428253
0.2547968327999115
0.284761905670166
0.2713202238082886
0.14092116057872772
0.5003527998924255
0.311251163482666
0.39081573486328125
0.33217954635620117
0.32754960656166077
0.2003367692232132
0.23837725818157196
0.30738547444343567
0.20703166723251343
0.3234804570674896
0.14790740609169006
0.16637353599071503
-0.012151597067713737
0.12539227306842804
0.3466782569885254
0.27717527747154236
0.41994595527648926
0.24062901735305786
0.1962125450372696
0.28717470169067383
0.2993379533290863
0.28717470169067383
0.2580031752586365
0.3935682773590088
0.2993379533290863
0.16761454939842224
0.39918074011802673
0.29081758856773376
0.29081758856773376
0.378366082906723
0.26501592993736267
0.1808680146932602
0.4666929543018341
-0.018116502091288567
-0.045639120042324066
0.0851529985666275
0.22196970880031586
0.10720231384038925
0.15174557268619537
0.3153277337551117
0.20023401081562042
0.3434849679470062
0.3398774266242981
0.17144742608070374
0.10274152457714081
0.17304018139839172
0.1716843992471695
0.2604905068874359
0.22456157207489014
0.1107402890920639
0.08901058882474899
0.08186541497707367
0.04916827008128166
0.2601444125175476
0.2713749408721924
0.32220274209976196
0.28337785601615906
0.3261341154575348
0.23928841948509216
0.2626546621322632
0.18798846006393433
0.24957425892353058
0.26195329427719116
0.16839927434921265
0.10805202275514603
0.10519105941057205
0.21343767642974854
0.2695067226886749
-0.03833891078829765
0.37136074900627136
0.4561803638935089
0.33257508277893066
0.26118093729019165
0.29156380891799927
0.17031624913215637
0.268819123506546
0.3774679899215698
0.2597936987876892
0.17896518111228943
0.1621338278055191
0.29578444361686707
0.26500391960144043
0.26268893480300903
0.4901280701160431
0.24976496398448944
0.16453003883361816
0.1770365685224533
0.284761905670166
0.3774679899215698
0.1972579061985016
0.21126501262187958
0.2675240635871887
0.2952084541320801
0.2675240635871887
0.21126501262187958
0.1988266557455063
0.26738882064819336
0.28168976306915283
0.16285498440265656
0.20154635608196259
0.15123383700847626
0.4406723082065582
0.17513902485370636
0.19395972788333893
0.2516723871231079
0.30071988701820374
0.19046306610107422
0.18816611170768738
0.12873989343643188
0.32544687390327454
0.3257477581501007
0.3269170820713043
0.2874632477760315
0.1930040717124939
0.1743408739566803
0.24760079383850098
0.22147104144096375
0.24860624969005585
0.24142257869243622
0.15361733734607697
0.14150352776050568
0.09149649739265442
0.14451493322849274
0.15168412029743195
0.37006253004074097
0.36903905868530273
0.19336076080799103
0.27107545733451843
0.302187979221344
0.082040935754776
0.08776498585939407
-0.02504483424127102
0.04432147368788719
0.22495251893997192
0.2510571777820587
0.31534361839294434
0.36712953448295593
0.2537606358528137
0.29081758856773376
0.16523706912994385
0.28148597478866577
0.22849968075752258
0.33200544118881226
0.42562514543533325
0.3748146891593933
0.37992456555366516
0.3339768052101135
0.3840046525001526
0.17133828997612
0.3013223707675934
0.21220725774765015
0.07988417893648148
0.18890315294265747
0.17031624913215637
0.09909336268901825
0.2530454993247986
0.1840256303548813
0.2123933732509613
0.3040773868560791
0.27181747555732727
0.21736060082912445
0.1946021318435669
0.24416382610797882
0.08398226648569107
0.16994436085224152
0.2626338303089142
0.25034767389297485
0.07234770059585571
0.10056746006011963
0.07112505286931992
0.22019436955451965
0.1854192167520523
0.2935252785682678
0.2431580126285553
0.13734574615955353
0.2789580523967743
0.2635810077190399
0.1969224065542221
0.2346920222043991
0.09912656247615814
0.06900961697101593
0.25715911388397217
0.16723349690437317
0.18931636214256287
0.19371922314167023
0.34617289900779724
0.21762299537658691
0.41191187500953674
0.23701582849025726
0.5130917429924011
0.27684685587882996
0.42290085554122925
0.3627711534500122
0.431816428899765
0.012994594871997833
-0.016820751130580902
0.22332726418972015
0.06513083726167679
0.1781712770462036
0.3083541989326477
0.10747283697128296
0.2432643175125122
0.5046564340591431
0.5901816487312317
0.2581172585487366
0.19978831708431244
0.44116392731666565
0.2780638337135315
0.3160121440887451
0.40310823917388916
0.3431088626384735
0.3109089732170105
0.25320547819137573
0.11942525207996368
0.34715643525123596
0.3163451850414276
0.26945340633392334
0.34466665983200073
0.22897396981716156
0.25784391164779663
0.28758013248443604
0.19387108087539673
0.12929506599903107
0.32631000876426697
0.2642340064048767
0.15666936337947845
0.1913760006427765
0.10772852599620819
0.19101859629154205
0.20399023592472076
0.17746564745903015
0.3206608295440674
-0.02033047564327717
0.062056560069322586
0.032810866832733154
-0.021762900054454803
0.284761905670166
0.18317805230617523
0.28113988041877747
0.17882850766181946
0.21446149051189423
0.1713845580816269
0.229412242770195
0.3536263704299927
0.3706049919128418
0.07015668600797653
0.21087372303009033
0.22791554033756256
0.31107422709465027
0.22380156815052032
0.2343236654996872
0.2170526385307312
0.09929325431585312
0.0049965353682637215
0.3120450973510742
0.13215886056423187
0.19467806816101074
0.26852139830589294
0.09368962794542313
0.09446870535612106
0.07999083399772644
0.38007044792175293
0.35863950848579407
0.04913613200187683
0.20565222203731537
0.3272416293621063
-0.00805103313177824
0.35121676325798035
0.19486065208911896
0.1674891859292984
0.18442365527153015
0.28030818700790405
0.2420194298028946
0.18921853601932526
0.34429970383644104
0.14810623228549957
0.13841618597507477
-0.044304169714450836
0.11919322609901428
0.2354251891374588
0.1445205807685852
0.3326764404773712
0.3872283101081848
0.3716447055339813
0.32596778869628906
0.3381628096103668
0.2750365436077118
0.12783579528331757
0.31791287660598755
0.3726363778114319
0.3425067067146301
0.24989882111549377
0.4043368995189667
0.1810329407453537
0.26923513412475586
0.31221461296081543
0.3239279091358185
0.3109552264213562
0.24392014741897583
0.1510060578584671
0.16205260157585144
0.32707178592681885
0.4337983727455139
0.42577454447746277
0.1904115080833435
0.46684303879737854
0.2398146390914917
0.32328057289123535
0.3793577551841736
0.20104874670505524
0.28014007210731506
0.3498849868774414
0.15973585844039917
0.35858795046806335
0.21306367218494415
0.18428874015808105
0.08207625150680542
0.02091495878994465
0.21399638056755066
0.26500391960144043
0.25438928604125977
0.3014523386955261
0.22163668274879456
0.29201728105545044
0.42247000336647034
0.11983209103345871
0.40310823917388916
0.40310823917388916
0.16851264238357544
0.2084895223379135
0.21507634222507477
0.22525587677955627
0.2279946506023407
0.25483494997024536
0.32707178592681885
0.3105158805847168
0.2577255964279175
0.24408400058746338
0.23009632527828217
0.3877072036266327
0.24519258737564087
0.21399638056755066
0.4131458103656769
0.3315463364124298
0.18798846006393433
0.23615480959415436
0.2985938489437103
0.39189571142196655
0.27914485335350037
0.04526194557547569
0.12259522825479507
0.20799297094345093
0.35710713267326355
0.2461051493883133
0.6797417998313904
0.3236694037914276
0.5866687893867493
0.3751533627510071
0.2883157730102539
0.30138278007507324
0.37689408659935
0.3374875783920288
0.22504469752311707
0.12780790030956268
0.24392014741897583
0.17716652154922485
0.31860366463661194
0.3100161552429199
0.2750227749347687
0.05409593880176544
0.4503839313983917
0.2036215364933014
0.1127014011144638
0.33321115374565125
0.44486719369888306
0.2973659038543701
0.352919340133667
0.30428647994995117
0.29208824038505554
0.18378831446170807
0.08896856009960175
0.2929365634918213
0.40412500500679016
0.32381102442741394
0.24282392859458923
0.2260310798883438
0.2694551646709442
0.2514587342739105
0.16831240057945251
0.2557210326194763
0.29221221804618835
0.2937043309211731
0.21969853341579437
0.3115658462047577
0.16752590239048004
0.2507644295692444
0.15272065997123718
0.1959741711616516
0.2948658764362335
0.29938140511512756
0.2705923318862915
0.30815500020980835
0.32311034202575684
0.23063206672668457
0.17967502772808075
0.3408588469028473
0.23705996572971344
0.2123894840478897
0.24000675976276398
0.13109619915485382
0.21126501262187958
0.23611102998256683
0.3793577551841736
0.2952084541320801
0.2675240635871887
0.2104877084493637
0.23832286894321442
0.2557210326194763
0.17952705919742584
0.23493853211402893
0.27735963463783264
0.3790247142314911
0.28839099407196045
0.35903117060661316
0.2752770483493805
0.2872234582901001
0.13872484862804413
0.2807489335536957
0.21293336153030396
0.2721801698207855
0.36204010248184204
0.31872090697288513
0.25661349296569824
0.3737438917160034
0.17897294461727142
0.40423694252967834
0.29000672698020935
0.2904552221298218
0.2770368456840515
0.3048614263534546
0.41806501150131226
0.17897294461727142
0.19600948691368103
0.2706622779369354
0.11458799242973328
0.18889008462429047
0.12510903179645538
0.17301157116889954
0.2677384316921234
0.14394952356815338
0.13378022611141205
0.1449514478445053
0.06843926012516022
0.07764795422554016
0.02857433445751667
0.10054521262645721
0.21504703164100647
0.21877959370613098
0.5274396538734436
0.41709309816360474
0.5053468942642212
0.24142257869243622
0.2843914330005646
0.19358466565608978
0.17944230139255524
0.10205074399709702
0.12827160954475403
0.1984364092350006
0.45744433999061584
0.06053972989320755
0.12799473106861115
0.3040318489074707
0.2756499648094177
0.2646147310733795
0.2792755365371704
0.19887785613536835
0.0681132897734642
0.18059077858924866
0.17793183028697968
0.26521793007850647
0.1901448667049408
0.2650794982910156
0.2656685709953308
0.3066268861293793
0.19447888433933258
0.14720284938812256
0.38838809728622437
0.3343426585197449
0.29867294430732727
0.25611233711242676
0.2581811845302582
0.3529896140098572
0.2920645773410797
0.34607329964637756
0.22396719455718994
0.24072720110416412
0.18788498640060425
0.27762556076049805
0.33132418990135193
0.20799967646598816
0.12369992583990097
0.1195785254240036
0.29465749859809875
0.2604657709598541
0.3016928434371948
0.29100969433784485
0.06292004138231277
0.16311173141002655
0.3096255660057068
0.25108686089515686
0.377695769071579
0.2542264759540558
0.2839503288269043
0.1946021318435669
0.23063206672668457
0.27181747555732727
0.20757059752941132
0.2809124290943146
0.2217380404472351
0.20519275963306427
0.284761905670166
0.3026421368122101
0.3234334886074066
0.2547968327999115
0.29000672698020935
0.2603365182876587
0.221603125333786
0.34016597270965576
0.32699161767959595
0.09000756591558456
0.2433190643787384
0.29093411564826965
0.29384028911590576
0.27916958928108215
0.10727860033512115
0.06755847483873367
0.3682013750076294
0.13276806473731995
0.29384028911590576
0.31665492057800293
0.31192219257354736
0.2526368796825409
0.3454693853855133
0.11871115863323212
0.1991148293018341
0.2271011620759964
0.301716148853302
0.18238025903701782
0.26923513412475586
0.5015246272087097
0.42293405532836914
0.26923513412475586
0.3767344653606415
0.3402860462665558
0.1766636222600937
0.29072433710098267
0.21796661615371704
0.2473917156457901
0.16380181908607483
0.21711726486682892
0.19658160209655762
0.1498120129108429
0.27767041325569153
0.04999713972210884
0.11288292706012726
0.14183196425437927
0.2255917340517044
0.09385667741298676
0.24098147451877594
0.1577012985944748
0.19346565008163452
0.20561018586158752
0.1946021318435669
0.17215268313884735
0.3076535165309906
0.19012333452701569
0.23607641458511353
0.30607345700263977
0.47113290429115295
0.2206442952156067
0.2489643543958664
0.2976837456226349
0.19524241983890533
0.2837041914463043
0.17897294461727142
0.074720598757267
0.26144546270370483
0.41229575872421265
0.40005800127983093
0.1921261101961136
0.15129812061786652
0.28171306848526
0.2932639420032501
0.22088408470153809
0.2724171280860901
0.17033955454826355
0.19642868638038635
0.2723613381385803
0.2056967169046402
0.17501011490821838
0.11289387196302414
0.07896207273006439
0.16617189347743988
0.143790602684021
0.073658287525177
0.2721801698207855
0.3229486048221588
0.4652068316936493
0.4009094536304474
0.3229486048221588
0.22096849977970123
0.1938520222902298
0.2864503860473633
0.2544825077056885
0.40310823917388916
0.26616618037223816
0.06589896231889725
0.2904552221298218
0.26692935824394226
0.7389610409736633
1.0000007152557373
0.24579507112503052
0.9999992847442627
0.33917322754859924
0.12894825637340546
0.12073830515146255
0.22800312936306
0.21459074318408966
0.2283075600862503
0.3272017240524292
0.45266392827033997
0.3020505905151367
0.190220445394516
0.40808606147766113
0.18488134443759918
0.3529370129108429
0.2880537211894989
0.20232930779457092
0.28979694843292236
0.42364001274108887
0.027538510039448738
-0.005198190920054913
0.024007244035601616
0.29182127118110657
0.1641705185174942
0.2965910732746124
0.1553061455488205
0.3541041910648346
0.3250870108604431
0.21399638056755066
0.2542264759540558
0.27181747555732727
0.2454521507024765
0.20475588738918304
0.27785441279411316
0.302187979221344
0.228278249502182
0.3017030954360962
0.302187979221344
0.23924462497234344
0.30415472388267517
0.284761905670166
0.4934156537055969
0.40249374508857727
0.3264583349227905
0.1571740210056305
0.5581742525100708
0.45972612500190735
0.3302668333053589
0.23805412650108337
0.21130846440792084
0.15074294805526733
0.24892973899841309
0.19812916219234467
0.13387593626976013
0.2354707419872284
0.26793304085731506
0.17765317857265472
0.2993379533290863
0.28148597478866577
0.2993379533290863
0.2580031752586365
0.2993379533290863
0.12829174101352692
0.18210691213607788
0.21859878301620483
0.12634263932704926
0.10880143195390701
0.2833079397678375
0.19001244008541107
-0.010211678221821785
0.031351953744888306
0.1770365685224533
0.15998554229736328
0.188910573720932
0.10547570884227753
0.19779859483242035
0.32839155197143555
0.34886255860328674
0.22940729558467865
0.22056376934051514
0.261432021856308
0.24576081335544586
0.08684393763542175
0.3709641396999359
0.2900342643260956
0.3137829899787903
0.18889008462429047
0.46684303879737854
0.2778893709182739
0.2731178104877472
