0.8619947898457903
0.7900480117525198
0.8656874577804453
0.9266240503451227
0.9017936820316916
0.8380557136432597
0.9355605145090773
0.7650303933241203
0.9144616168554632
0.8207438793007567
0.6774939549902032
0.8458759314222388
0.8739585698466972
0.8532550177293002
0.9232554967705907
0.9072319411632652
0.9087454389717071
0.8473052637416535
0.861423144256407
0.8488364435139184
0.8916603655349461
0.8338358210825167
0.7962456158084457
0.8510226777983841
0.8534242498167987
0.8300371267050547
0.8852878693723738
0.8080285834376874
0.8095642099353461
0.7607450487805156
0.9572272274001135
0.8767042464998189
0.8484198313445209
0.880518098142976
0.8503709535345462
0.8891476774414258
0.8362283328158389
0.8327437058265074
0.8709701868355153
0.8843369614335181
0.7950459053537864
0.8547054094348098
0.8662677930765265
0.9143277544591613
0.9616103295343964
0.7970997988385803
0.8858365378123605
0.9327094557534118
0.8514548590063956
0.8206813884429061
0.9120418697477508
0.8979460501618671
0.8866052046621558
0.8907130169001317
0.9103205625237196
0.8804315646000286
0.9118819756264543
0.800748606327092
0.9135074469249354
0.925860857789783
0.8639505341335781
0.9228728956962006
0.829395309404012
0.8853013635670791
0.8839079150637907
0.8286244523110884
0.8498897101017351
0.8678971594237581
0.7589335426033711
0.8658651883045384
0.8925519301919522
0.9013189718996921
0.7840090439702947
0.8872813475997521
0.7919378705915922
0.8166085066763247
0.8548866832703854
0.8232423362992698
0.8810637512915873
0.8724113792137179
0.8789861973904687
0.8988121733800039
0.7859896826021557
0.7931069755013971
0.9134170781561597
0.9062527622464362
0.7876916128287152
0.9062527622464362
0.7978986794263205
0.7894022963541513
0.8121196630535127
0.807032989600443
0.8577993412476136
0.9056226437592354
0.900390081548145
0.8344840103477388
0.8978803135324774
0.920943049783307
0.8674834649816487
0.9474329796645531
0.796841007363823
0.8935122889885022
0.8401043548931036
0.8184884741861489
0.8912830086090028
0.913534618145403
0.8881029858442064
0.8632822457165374
0.8303552526411555
0.8680216498035465
0.8737838632500036
0.8618732537804068
0.8651243034403793
0.8866812496686806
0.8747449796497575
0.8779499065433407
0.6974774873439116
0.8461396014488841
0.821312185870836
0.880477283568172
0.8690069618575519
0.8992222504753038
0.8130005091062694
0.9061036519664271
0.7960490930197872
0.8846946289102977
0.8687286465303797
0.8450691625904878
0.855550396566363
0.8633533229325406
0.8774183977984478
0.8796148435498281
0.9273131744993269
0.9404353360620067
0.8225174885066723
0.8262591349106497
0.8574822962356737
0.8579314503168209
0.7587697953611315
0.8781855101702336
0.8484199402485973
0.8651734743187246
0.7696670879647495
0.8918774228822799
0.912489010481979
0.870866466063423
0.8274972268701043
0.9199851874056142
0.8618406589931855
0.8131188147602183
0.8637303783173319
0.7973711798237617
0.8769162761022056
0.8897880072151794
0.8410295025400766
0.8233076214519599
0.804003050501997
0.86837836161645
0.9427956352715275
0.9262950890709799
0.8903958412022699
0.8855328663608066
0.8707620717708476
0.9057711295718167
0.8961472940281815
0.8392016050559887
0.879979865720602
0.8468049459590247
0.8008884231901927
0.8731817156869669
0.8100162633238771
0.8031358886716219
0.8667617582095686
0.9101152682460821
0.7315028997575512
0.8603676127879363
0.8886728094469905
0.8657618898702086
0.9270082157245566
0.8633883899577436
0.8728447637310858
0.8298957126434727
0.8804752504580338
0.7148216311911596
0.8891021100241762
0.790410210996701
0.840441998850603
0.7686181098367141
0.801627027075179
0.842961729445489
0.7859887031169368
0.8752758258817245
0.8818936359683679
0.807425796037155
0.8785625749245409
0.8323514956458533
0.9075372281872571
0.8879408282516403
0.896661395783827
0.8710404480545039
0.8851160814059459
0.8838722339281406
0.791459520952249
0.8959442014390364
0.8731054989289025
0.8132662603860926
0.9143752346019257
0.8739708987828616
0.8263003754568932
0.817032151766437
0.7937270085821769
0.7819726483375429
0.9110116426326543
0.8596718705689698
0.8360367699298219
0.8116804008910836
0.8282656606442027
0.9044203294392471
0.83000249374988
0.9043183955508188
0.8903960471741088
0.8566269905097393
0.8716950585149721
0.8255955452448102
0.8688890488108298
0.9022166298248491
0.8762650019302363
0.8106572193076836
0.8105223214662416
0.8867057892322467
0.8439261411435776
0.8505116771179575
0.8742029500753887
0.8952071289995328
0.8329823736172377
0.9342890118019058
0.8636740246841077
0.9051654845764748
0.8467711950207129
0.8280598464900162
0.8865430131101435
0.8890434533173863
0.8291090597467412
0.8072643020059427
0.8591155275725193
0.8510596611853716
0.8069015821639833
0.8456536437583037
0.9083234823820174
0.8113368940808809
0.8379616700596418
0.8833836032900166
0.8831529126759157
0.9055712643077736
0.8420887243449823
0.8892902368199224
0.9047444825730667
0.8680479481321468
0.8310803107312857
0.8952679654993126
0.8764793281086135
0.8285879368694238
0.8397587384128888
0.7686460997384712
0.8388798573542756
0.8821575140079183
0.8828748671407948
0.8686441090411051
0.8591544793198569
0.8631676083628065
0.8469546244847811
0.8255623145756908
0.8540642499322151
0.8581098909259725
0.8133931265620185
0.8922712968520273
0.8138991282310818
0.8816909239153752
0.9258135122865286
0.8981624704643627
0.9125556967253884
0.86824092846592
0.8239072972384652
0.8554958889363922
0.8936783944574732
0.8362550571783516
0.8817148916155455
0.8852343602363428
0.8514490963940289
0.8665809814147946
0.8514644201694377
0.8476115254408898
0.9014861791164414
0.9128082511282347
0.9170398874221355
0.8736236388871765
0.8713507339750436
0.8940829224227805
0.929217254283034
0.8570413766271965
0.9142201204264948
0.8735872085321919
0.8609363369248682
0.8294270724682236
0.7977140757548967
0.8515178795950705
0.8766417941059482
0.8655052999100075
0.8192276429173326
0.8561109041564451
0.8115668745982132
0.903717897630725
0.8554590149272673
0.8470393624701784
0.8885320010873822
0.8652016512824082
0.7870449554785278
0.8925379317456583
0.9072427901217873
0.859039672375502
0.8792639496455467
0.8297841853910992
0.8462328746683444
0.8949520093640786
0.8881070437398236
0.8717862674812327
0.8724648160396999
0.8467663160946342
0.8767784883666808
0.8836046830165429
0.8788882821910544
0.7755627169582784
0.8796388074865121
0.6222540754160153
0.8805092475934913
0.7829791909952333
0.8621523854942309
0.8887268078908216
0.8164437456349911
0.9016767436191925
0.8477918887016689
0.8969174612548901
0.7876817867447696
0.861893513483762
0.9013745121904672
0.8789413385355779
0.7969152289589101
0.8453067446600813
0.8524264020330412
0.8429721940338362
0.7681327203919359
0.846045064979416
0.827787333653129
0.816497234447606
0.8051079303387491
0.8354084820866912
0.8443660226167734
0.7732385424096856
0.6458533083558946
0.751751376222584
0.8717716766719495
0.8808524998211945
0.7134820449648669
0.8924741160483429
0.8947583022628276
0.8292095044477928
0.8494461385308861
0.8356736427815223
0.8384301868789261
0.8478197029632197
0.8917493448547065
0.8491421556346941
0.8111897763407203
0.8970995002380755
0.8423070410163362
0.891471373275987
0.8790602148444762
0.8814056577593672
0.8142820633981713
0.866461886546603
0.9221230327829247
0.8650353204936944
0.8401547574474851
0.8894586974717801
0.8827228186683093
0.9132055705308445
0.8804809969236861
0.8805755019921728
0.842877865839563
0.8352025070131882
0.8737862623416035
0.8289766501245591
0.8877731949907872
0.9062911024159727
0.8797573716738103
0.8575612801662219
0.8857673557418804
0.8256689150586212
0.8702082289449447
0.8895824638717873
0.8128369665532503
0.8635939415396089
0.8979844170473006
0.8295107954178269
0.9166617748910074
0.8787567293171109
0.8846680519491922
0.9005286308327377
0.887978950813596
0.8835608235735104
0.6579992044087661
0.854554073899113
0.8730109780326184
0.8603294426129436
0.8730705884642282
0.8396720520472786
0.8793820915008896
0.8105592900131414
0.8227494554468648
0.9105742550462834
0.9196408912999797
0.8370669359270198
0.9196408912999797
0.8404769516940382
0.8237094350384707
0.9143638609259549
0.8826345179291735
0.8951186138012861
0.8293841429773512
0.8855814373448005
0.9021134609508096
0.8876789585656719
0.908726339202281
0.8957274842875679
0.9136458574337994
0.9124463701430914
0.8828530462995812
0.9198643760870853
0.8950076401680351
0.8912759061387742
0.8901238344462881
0.8017322285387245
0.870756148773068
0.8542894433473136
0.8854947871641942
0.8818490202897467
0.8867874667418809
0.8719580825860879
0.8602862854256013
0.7694049602045886
0.8439403509470758
0.8661324117361767
0.8241629858774366
0.8586743031760842
0.8550312134315151
0.9142201204264948
0.8591064988820795
0.8908906728793337
0.925508740626342
0.8960516525745011
0.9229276687505754
0.913674512921188
0.8799388874534346
0.9299266346661701
0.8420514951264934
0.8574023047260764
0.8320344916420812
0.8647568844307018
0.8281856001872909
0.8795951079364498
0.8299472961544887
0.8675608181801215
0.8650889603680688
0.777715376233252
0.7991829102764149
0.9144566757207054
0.843900642829335
0.8461570365027999
0.8398753602914633
0.9626425267030759
0.8396134825191955
0.8396134825191955
0.8835295887650025
0.805295012940596
0.899823073869841
0.8887613378518013
0.8816628237381522
0.8996042245427724
0.8626325966610009
0.8825363872764456
0.8601295384696107
0.8573082328803727
0.8899104937810215
0.8554380313565656
0.8915054547323477
0.888219985471834
0.8391747742860005
0.8990728714989152
0.8213549762989508
0.8889150514309055
0.820529694773813
0.8889150514309055
0.8353607157967626
0.8404154783498152
0.8959365224888616
0.8336294953639771
0.8884352081569084
0.8567711049309985
0.9161597105590511
0.900098316825341
0.8768711435911338
0.8618030612494464
0.8600531126074916
0.8754986491631872
0.8622760474402997
0.7372728966540703
0.7962283908805189
0.8485439377733244
0.8485439377733244
0.8940122220583678
0.8453106582214936
0.8701533952425419
0.8898553678748379
0.8772773688728439
0.8971200190350651
0.915505412365079
0.8878015284179807
0.8703238952876456
0.9001032102437926
0.8907303690300258
0.862879858634495
0.9077639438789854
0.8354985918567579
0.9025299218013503
0.8735915603350571
0.9065468669165091
0.8426559187104294
0.8715491535413825
0.902577599151906
0.8669383499789044
0.8250391870227942
0.842102496035963
0.8598842844394486
0.8381040624948917
0.8988518972678138
0.8787829596738038
0.8545561818206184
0.8839948356792594
0.8179887895996962
0.8682027831407834
0.8937353507442057
0.900047461918323
0.8421698589364667
0.90060542057039
0.8699302702668027
0.8528108821170097
0.8566780089178285
0.8768760785466303
0.8060767372878583
0.9151379935397539
0.864751185041466
0.8766044407129785
0.8680183852995453
0.882973967794381
0.8994063492303251
0.8265525456631885
0.8476503036140919
0.8807348115448437
0.8816441593268753
0.8644614475566517
0.8647736270310349
0.9020141081191271
0.9139076328518296
0.9161314766620829
0.8808217785632543
0.9009442914745631
0.8735862047642634
0.5946814560651642
0.8422175006987859
0.9147574816827018
0.8804207314922705
0.880390805783407
0.8932780545470557
0.8442763045076738
0.9246695584442103
0.8896355770100275
0.9347885268463844
0.9046971702460853
0.8912460546613004
0.8971306584580919
0.8842730322069187
0.9111681006320321
0.8155221813279317
0.8396245301144714
0.8497153877349294
0.8689260204126648
0.8970300125233783
0.8607186938709739
0.8337211114188006
0.8595509859180472
0.9100740248847321
0.8996469359445274
0.8348511057869273
0.8286121456717201
0.8455136245151855
0.8395718910884054
0.8828561323682352
0.8560093413348294
0.8921319267600432
0.8388988462368381
0.854969510985973
0.87025528231493
0.9174203231806101
0.8120405859344287
0.9015198812188172
0.8859328063417231
0.8763724134890131
0.8899088308292108
0.8894901720488305
0.8909535984851186
0.9141612419046167
0.9153660059863887
0.9031548362242336
0.903601705109406
0.9122257874688608
0.8281080708856204
0.8546664067492472
0.8108404539449671
0.8857019771412924
0.9002611269705981
0.8800530076479861
0.8523164964045169
0.897798197204545
0.8984728641419815
0.8938892893325158
0.9070811352394681
0.9160797925976204
0.8873987179016137
0.8489518534470557
0.8334785129089964
0.8581851044130081
0.9147133064048362
0.8360833506953494
0.905784308914468
0.8682155079600249
0.8706497968254683
0.839388856841495
0.8624837129563391
0.8956363166157068
0.8868134421429782
0.8490254279875882
0.8708136781652401
0.9050753096681938
0.8913370226638914
0.8766455797245275
0.9178856140363544
0.8905218634230204
0.8796188882155596
0.8562225491881842
0.8866041771059724
0.8355744520376319
0.8385587409734739
0.8936752795201738
0.8890618442175517
0.830629684984932
0.891774194543631
0.8936752795201738
0.9111225462016284
0.8751842821025024
0.8237771562878834
0.8883464046388986
0.8751842821025024
0.8474021606009214
0.9131969100560126
0.8572277060482589
0.9063082057653126
0.8756520687784861
0.8492877592231121
0.9140758866567825
0.9169289102126897
0.9348335353040841
0.914289907211502
0.9046965437492999
0.8460078084648476
0.8933291558319499
0.8793658209101141
0.8399612161501029
0.8982829811196683
0.8491988020514192
0.9253468613527248
0.9410646653928604
0.9098263050973576
0.8109926557289959
0.8922297647233676
0.8980208766041577
0.8354702697211694
0.895147744295503
0.9050016931967476
0.8359520758206551
0.8679837409229743
0.9196725528944885
0.8935473284346933
0.8391902308395663
0.9098125600097327
0.7977595933634554
0.94492646499072
0.8385597432475091
0.861779226772601
0.7737197154574227
0.9200586417261752
0.023731521782696458
0.8793617502237101
0.8222768709775565
0.9006003895496851
0.8129756660913305
0.8210636342781265
0.8776383562631269
0.9161314766620829
0.9118917873946403
0.8554580482460981
0.9311543508632649
0.8969893043462105
0.8648557816871745
0.8954150840577199
0.8921555589634534
0.8599672239094018
0.875574161224721
0.8055736794544911
0.8905693438689474
0.8831064210504599
0.8758103169666924
0.8913952745170517
0.8213458402920445
0.8296144741789705
0.8667433922932244
0.8280542653220418
0.8986576578896447
0.8401500621794523
0.8913070536315095
0.8866660293862072
0.8828437425023897
0.8440254700185532
0.9069487119280124
0.7725200545568932
0.8354316257948422
0.8967753295309127
0.8643652521490953
0.8580614654332571
0.8630034453040899
0.9268774716437433
0.9004678926103271
0.9194868589216724
0.9130618750249903
0.9164229144786791
0.8619991193068796
0.9088337239948255
0.9068321980668503
0.8999053390838171
0.8631393902755281
0.8602534531363503
0.8613224127321624
0.8790403771867039
0.8980208766041577
0.8519335052617323
0.8936752795201738
0.894150625678053
0.8838750580414977
0.8773136022906921
0.8626655600394686
0.8394101015879625
0.8816775169364751
0.9083793708131822
0.8823937630943348
0.8954028513306412
0.842943863646871
0.8406062611316
0.8838750580414977
0.8838750580414977
0.838722108225742
0.9089905972669338
0.8816014363597867
0.8776967192896973
0.907056485886749
0.8418692373754623
0.8644768968577867
0.875738158636365
0.8949363957551649
0.8957549636121578
0.8546958800366293
0.8526537073390656
0.8899153033367107
0.864010117955324
0.8593158848329602
0.8806415772571724
0.7936457041570646
0.8847090368669042
0.894503052661374
0.8552876930308568
0.907943923566848
0.7791919898434798
0.8443232903239343
0.8817729487812452
0.8910722054909838
0.8873360318300068
0.8605204239356316
0.8635700585615071
0.8453106582214936
0.8757676562240801
0.9115733390138296
0.8634784795593731
0.8647637251711405
0.8622215648166429
0.8480570707972098
0.8329892218988346
0.8777846396934602
0.8463770719421678
0.857979649440498
0.8827999318715094
0.8637273384002266
0.8479293738867312
0.8341521398390749
0.8923582432209609
1.0
0.9134195839707896
0.8813446210984399
0.9011256602449711
0.8840744520497851
0.8555059998588739
0.8753898410479595
0.8788552314722456
0.9058496266740619
0.9049971324616828
0.9162575329602051
0.8671722015115504
0.9057212411527507
0.9126167426299336
0.8662771583120622
0.8947660695844273
0.9253468613527248
0.85777269959185
0.8645780049472782
0.8465490424212518
0.9109698876817991
0.8731144720810636
0.915567240076927
0.8442986271990256
0.87760482400047
0.8717192711316334
0.8561288338781582
0.8864055951992353
0.815250649421034
0.8262817966408147
0.9021547033965249
0.8165521893932035
0.8641539316192313
0.8969395184655812
0.8723590068334007
0.8946048516940801
0.8494918737121168
0.8453106582214936
0.9068124242399777
0.8600947477188232
0.8293844165445529
0.8977606506177943
0.8447222150177223
0.8490293294052789
0.8767836195930465
0.8020090370509638
0.8620947849203127
0.8909410089363986
0.8819834416918795
0.8798681182035217
0.8537869139120082
0.8519920916439692
0.9021547033965249
0.8357831466005929
0.8958987100480534
0.8350745254665289
0.8899153033367107
0.8187765280034227
0.9174529805235152
0.8887613378518013
0.8480984247913567
0.8988554951631228
0.9053563866371812
0.8975305030266829
0.8943798042337371
0.8546022951324298
0.8789481544086426
0.89966507905049
0.8648210406983072
0.8603954798412669
0.8691754022579274
0.8225121027223855
0.889992101878895
0.8354702697211694
0.7952614414248185
0.8980208766041577
0.8865905576544322
0.8908503424232305
0.8400569540349575
0.8122730166367983
0.8816083124102457
0.9066294793183787
0.8510840076755949
0.9091087464217321
0.8226995591708615
0.859804332386963
0.8389902464470874
0.8694417913630889
0.8148684962569162
0.8713653914018409
0.861577041060919
0.8401678264058435
0.8410228893768005
0.8632779582967964
0.8684836220793758
0.8485439377733244
0.8935815287781972
0.877054159426742
0.8732784157769561
0.8736600951719329
0.8303414922443454
0.8932064810422771
0.832555385896963
0.8926077992370244
0.8868417712184411
0.9070759766241135
0.8894412226582566
0.9036837893399208
0.878782947167445
0.8823094010725923
0.9160450413473897
0.864074230763728
0.8920179549789686
0.8989804264687781
0.9016245109255258
0.8413446895542737
0.8644703600785645
0.9181712754679237
0.9185169813421411
0.9185169813421411
0.9049971324616828
0.9224519169221712
0.888806265703225
0.8921625861639146
0.9061594754295735
0.8865059752248632
0.8705263650734831
0.86958165628062
0.8336666641696536
0.8199559767514676
0.9011626822984896
0.8579470162198086
0.8845501380117892
0.8642818512303718
0.8448744894322513
0.8357831466005929
0.8820446185375842
0.8543702774070868
0.8905971799550488
0.9085860088688325
0.877499119264033
0.8453838668498529
0.891774194543631
0.8726250936206028
0.8446898413441892
0.8487092129156286
0.8607186938709739
0.8518388117919646
0.8711221129267219
0.8781673317675402
0.8936752795201738
0.890975879359923
0.8267052487408694
0.840975496021382
0.8278861355122519
0.852148707318286
0.9057327828186577
0.900107832883602
0.8919760712757833
0.8846957883031324
0.8966441923751721
0.8911540074361114
0.8684374033005648
0.8023899728045604
0.897817057214484
0.8413695222821582
0.8789199708346026
0.8262817966408147
0.8845501380117892
0.8282794571197454
0.8713428081099267
0.9039063311040648
0.8866573460605335
0.8567801222469367
0.9014873176116384
0.8887705470645945
0.8428568483787667
0.8969899026775543
0.907697273145709
0.8786606402712858
0.8975669855250765
0.88365467650462
0.8647348915991097
0.89007388879443
0.8850990220644394
0.8425164655595848
0.8576780068395051
0.8833309160189384
0.8423857354489119
0.9255659783389693
0.9118917873946403
0.9185169813421411
0.9018738927739962
0.8647736270310349
0.8788914564610257
0.8573833203607563
0.9092417009563645
0.8737309788274928
0.8264506846064931
0.6877284145533671
0.881039246459804
0.8868373601396795
0.8869351081301949
0.8674881721828135
0.8668544843485392
0.8865059752248632
0.9139076328518296
0.9185169813421411
0.9178253759317526
0.8785818222196999
0.9054315433758737
0.9307793443407327
0.8928095700458027
0.9017589740569498
0.8632528083666846
0.8778793516457315
0.8135776917558222
0.8817977734337267
0.8870091944733955
0.8283443920230168
0.8800814009071619
0.898471251945168
0.9082227126450754
0.839322345879745
0.8899239586347786
0.9039956504139933
0.884356692327607
0.8257537889031416
0.764063697583336
0.8030424322811247
0.7958884319492014
0.7504428905106865
0.8616868380177213
0.835508739685911
0.8836779655459635
0.8293979074322647
0.9016021908747388
0.8891035871493138
0.8511831421616695
0.9319828476954332
0.8875150087604519
0.8643238601864734
0.8742513052803942
0.8978554377476126
0.8732032180189007
0.8814786581274185
0.8801889415500983
0.8624435855238382
0.8906748668722418
0.8861677477779468
0.8855965339833743
0.8199329516796098
0.8980208766041577
0.9180421214163088
0.8790403771867039
0.8926077992370244
0.8926077992370244
0.891774194543631
0.8838750580414977
0.8567977870195257
0.8031240172737548
0.8592601560394477
0.8428237439823769
0.8595830813965979
0.8370669359270198
0.8465970321117173
0.8530595739987014
0.9144062456536739
0.9142201204264948
0.8440266890023468
0.8315429070329411
0.9217961607423698
0.8948809906411929
0.8613672304856419
0.8747969857818464
0.8974685939988071
0.8648210406983072
0.8503733042181686
0.8440882456549983
0.9076270330153013
0.8216966640435972
0.8333227794899959
0.9057932594187094
0.8797939801990181
0.9020041303724499
0.8896517194807175
0.9018520067115459
0.8271247580111973
0.8728930366273481
0.877054159426742
0.877054159426742
0.8341521398390749
0.8396134825191955
0.8736600951719329
0.8371171852840613
0.8400776769619795
0.8717192711316334
0.8262415124460637
0.8926077992370244
0.9164319871781211
0.0
0.7885360616036347
0.8756041038539674
0.9051615934350479
0.8418821166905743
0.8592601560394477
0.8563480800210853
0.8681269871865465
0.84528431823201
0.8168389834871526
0.8648856798262518
0.8912581285222143
0.846676488432411
0.8698906635067246
0.9047735025756521
0.8997347404128636
0.8172964462553141
0.8890638501294746
0.8689193431166837
0.9077140669600041
0.8976980946333011
0.8217004688269945
0.8362135633158766
0.8594835196824426
0.789681194772197
0.8952303550533992
0.832179455388747
0.8797970948950289
0.8735504184079154
0.8068637928990743
0.8396129586612835
0.890045539070782
0.9246593947306136
0.9101307222965481
0.8196059518747117
0.8663435513675132
0.8851873188053907
0.8077534157390747
0.8300427434928092
0.8807915388509225
0.8391707379891202
0.8604404998279798
0.8589444528958707
0.8831395683528572
0.854628029388329
0.8940122220583678
0.877054159426742
0.8750229702352424
0.8536464394185637
0.9151379935397539
0.9076094846243391
0.8750229702352424
0.8633932498728211
0.8094506329971384
0.8667239214455011
0.8936752795201738
0.8931200987194856
0.8811072919812379
0.8849173614291286
0.8468630715218963
0.8857367866898568
0.8604021964571434
0.8904434489559313
0.9120487632117145
0.8904073072299062
0.8649406790072692
0.881783314960276
0.8955948462176732
0.8426988309995149
0.8960166992275593
0.8877182319471297
0.8997623709152432
0.8943804054773069
0.8523048303848071
0.8562809385409846
0.8872531131516935
0.8353930002641508
0.8396134825191955
0.9313042103049866
0.877054159426742
0.8396134825191955
0.8580237314337312
0.8534233949458411
0.8645397060884104
0.8922193014260597
0.8520668056037686
0.8943804054773069
0.8816315428018668
0.8998518314138325
0.8824930598103188
0.864010117955324
0.9065625901589861
0.9049971324616828
0.9118917873946403
0.852275277877941
0.9185169813421411
0.8830863629193872
0.8865574620233158
0.8766214438963875
0.90130096147941
0.916451339439668
0.8831954864744733
0.9065515258412703
0.8979541015723697
0.8810832627874063
0.9094593283234779
0.8063774782150867
0.885180055165451
0.8237209465975952
0.7972411818997521
0.8912686932136736
0.8389637254723995
0.9140758866567825
0.8496076749114955
0.8908953710067945
0.8697762457828238
0.9005613271492914
0.8802932568400493
0.8663973333397375
0.8987589002176376
0.8927715328944394
0.8861622863492089
0.8267092889449412
0.8281856001872909
0.8303264821630019
0.8975287303023219
0.8357831466005929
0.8649567538508818
0.8866955856193606
0.8262817966408147
0.8633570000473563
0.9147868380720658
0.88017870946578
0.8842478412171952
0.9147868380720658
0.87779227576566
0.8264506846064931
0.9311543508632649
0.8477556932277024
0.8790495256562871
0.8865018445113281
0.8383830979151847
0.894749459520584
0.8669009957660262
0.8864055951992353
0.8864055951992353
0.8664462598919411
0.8845501380117892
0.8527011087765926
0.8159115310061237
0.8890618442175517
0.8267052487408694
0.9047190265748318
0.8838750580414977
0.8930936129392482
0.8307302943725672
0.8159115310061237
0.8813593478911549
0.909372794679788
0.8313782379954702
0.8638861498357535
0.9239474568391355
0.874033883309499
0.9151480740007089
0.8986182782855011
0.8926637026463893
0.8671290182025669
0.9169289102126897
0.9023272771953866
0.9173350947079186
0.9196408912999797
0.8610964012299306
0.8643904539688668
0.8651502770141921
0.9021233248259319
0.8820976834839743
0.8557544379327988
0.8464218619383946
0.8440886430839969
0.8945558594190762
0.8927610943013407
0.907175576937527
0.8172115640410845
0.8907724751287365
0.8861940783386654
0.8344620158738275
0.8432792054092099
0.8872129086460406
0.8442692943415855
0.8430831309537428
0.8785466894288296
0.8711891865227566
0.9011010091160373
0.8780870518934897
0.8954785759922642
0.8933050659149375
0.7623938258351304
0.8438955604977939
0.8425804594405667
0.8972286016200137
0.87113628628128
0.8373996107807206
0.8350160307473478
0.8972876693851934
0.8853427744923869
0.9130603902438315
0.8590645557200789
0.8248804887702367
0.8816115088456734
0.8865996850337706
0.8623990513570082
0.9034681875488944
0.8704497881445608
0.8816591499436823
0.8656603994470109
0.8153178132993816
0.8357831466005929
0.8357831466005929
0.8864055951992353
0.8863189045404772
0.8616326393686072
0.8517026866037579
0.863958737660756
0.9142073726741909
0.8269828085159686
0.8907927383596707
0.8506547852435381
0.886415017133758
0.9017646783535743
0.869119020926795
0.914631391610149
0.8494181635253937
0.8692767658367971
0.8826414685481426
0.8830131190908785
0.8632011413852264
0.9087667007641682
0.8768499213265782
0.8993712621602882
0.8648210406983072
0.8702037685943547
0.8648210406983072
0.8632391974237154
0.9007395172173244
0.894698911298931
0.8422280383208902
0.8768179833101922
0.8422280383208902
0.8528136754945779
0.8535263706092133
0.8400776769619795
0.8926077992370244
0.891774194543631
0.8209540363132648
0.8493157831616222
0.8488636070404797
0.8519894128459506
0.8882531443880344
0.8915621592340732
0.9058496266740619
0.9018738927739962
0.8544117021076683
0.8614114904938528
0.9180392780659062
0.9157978508760249
0.8715244280341995
0.854517935692433
0.8595376745846592
0.8257942700044587
0.84680566683282
0.8027013588772162
0.817414614546897
0.8537806471165469
0.8236516841742653
0.8396801850889777
0.8696532372875492
0.8400776769619795
0.890975879359923
0.8936752795201738
0.8512946988229231
0.8122946582240831
0.9247187268126223
0.8799026362079965
0.8659097540368434
0.8835407079883344
0.9023635908493883
0.8474379339838243
0.8477379569553599
0.8980208766041577
0.9010849567335609
0.841164307584198
0.8955546256667002
0.9350147437964936
0.8423294620013482
0.8423502589961664
0.8886510473671003
0.8583187850502451
0.896262159119795
0.8220843494824163
0.842953342475904
0.8859993305846758
0.8484393618183103
0.8430249396255988
0.8654764479124304
0.8610543549160542
0.8940863981211441
0.907780929824071
0.8597894576743936
0.9111388572765177
0.8881137217475055
0.8947154343695362
0.9302666981317248
0.8897254665653066
0.830219803612544
0.8368686417751193
0.8946669687105046
0.8592207972405255
0.8992417973277271
0.9019230002309926
0.896393471045603
0.8952433583027892
0.8277745455030348
0.8383570196693434
0.8258219226288533
0.8282534616390329
0.8007541566425526
0.7737158216891858
0.8437606168437849
0.8524288911314268
0.8264506846064931
0.9185169813421411
0.9229276687505754
0.8856677847897155
0.864205532062561
0.8886505555044103
0.8951042587549559
0.878653452608204
0.8872384219552764
0.7689184086292726
0.8846675161988761
0.8952037894588492
0.8952326271859445
0.9118664993929628
0.9197802080153423
0.8971350820664366
0.8571324421731406
0.8626740254060415
0.8623606966130822
0.847866342509947
0.8422280383208902
0.8798462679494629
0.8520048590084424
0.8448859800098046
0.8357831466005929
0.8448859800098046
0.9021547033965249
0.8401436229914419
0.8357831466005929
0.8947034539204741
0.8413695222821582
0.8845501380117892
0.8845501380117892
0.9411889599700451
0.862130618072862
0.8331847602481687
0.9158860795336506
0.7855067594298396
0.7778956214991185
0.7635530328725714
0.8614053191093237
0.8272533438737845
0.84686061586857
0.8630522520788723
0.8540603518015721
0.9022573754999627
0.9005440264582807
0.9012431984742275
0.8627232837046253
0.8831824170298392
0.8479758099140671
0.8320914452340503
0.8917306786666334
0.8497124199884584
0.8406091407541327
0.8546449350419747
0.856067143679996
0.8800350797646451
0.8904974655570365
0.9104172511878244
0.8827035648342201
0.8760439616811145
0.8620440949337232
0.8823937630943348
0.8681269871865465
0.83278364580239
0.8566183164132048
0.8925685335800684
0.8945762810546376
0.8651146009694809
0.9040059223658893
0.8874360779716952
0.8148133147043225
0.844879836070102
0.8507711732833738
0.9307822817549114
0.9055690335527424
0.9028739690996124
0.8995221868270569
0.8598009442287954
0.9094540905408056
0.9118917873946403
0.9198767083799425
0.9092417009563645
0.9204667176834811
0.8857671447518884
0.8803952301542792
0.8268951995364852
0.8591426205181012
0.8766673770453688
0.8614114904938528
0.9185169813421411
0.9094540905408056
0.9049971324616828
0.8360447140600236
0.8477379569553599
0.8980208766041577
0.8477379569553599
0.8360447140600236
0.8736149778690969
0.8597369582858089
0.8749990965913826
0.854243841689343
0.8937136034512966
0.8654138213055421
0.7842086458292542
0.855358752488284
0.8418266672103426
0.8428544139443422
0.7891511481571513
0.8927319324786709
0.8861788895192083
0.8104358504153183
0.9121450324621354
0.8991109440954776
0.9271279107354284
0.8954920060787253
0.6585543312220189
0.8718059517520861
0.8775767426942559
0.8747949632479367
0.9000359032346557
0.8648210406983072
0.822237671936612
0.8408863766185852
0.8659060353535727
0.8726659424875948
0.9151929770575483
0.8400776769619795
0.8400776769619795
0.8373325335589965
0.8974285148479536
0.891774194543631
0.8256069177621833
0.8321658430871235
0.8289412193681678
0.8468228334883751
0.8416415511724364
0.8861788055622978
0.9057482761454572
0.8670424854055335
0.8523904828038688
0.8845501380117892
0.8961557452880239
0.8864055951992353
0.835481309814308
0.8262817966408147
0.913298124427258
0.9038156882458876
0.9068335504037335
0.8896134130844564
0.864057912382543
0.8914729293896673
0.8977022358080896
0.8784073977113812
0.8962156731822655
0.8343788085423289
0.8620602473345716
0.8836331217449319
0.8462590515686087
0.8609632993546966
0.8474720847598156
0.8525879439599846
0.8977606506177943
0.8425352453438208
0.8004387857322778
0.9143885497302051
0.8462350408654955
0.8460747912804142
0.8022368735948925
0.8702887870383615
0.8761402629686815
0.8347386245449527
0.8186362355526202
0.8660488396668786
0.8926635119649288
0.8775833586689586
0.9050973789014339
0.8241798962876675
0.8779087979633555
0.8303414922443454
0.8541974774986127
0.9117949244513407
0.905440791351717
0.8783829715815659
0.7968848793830603
0.8394240117039568
0.8812900049163087
0.8037703269010754
0.8475954086779117
0.7832778751020114
0.8959467603313171
0.8173440103320135
0.9302404628194715
0.9221479077893379
0.8698013008305077
0.8997410461795227
0.8644926246084581
0.8498574082936262
0.8220972272844311
0.914567714100875
0.9098937312391405
0.9065245316727271
0.8924114929005418
0.7627300805502389
0.7983186605767066
0.862879858634495
0.9035552691042775
0.8569591727238988
0.8073221959389859
0.9293539068680505
0.8439437879279666
0.8855658665994696
0.8926077992370244
0.8561288338781582
0.8890618442175517
0.8753532195576477
0.9028547126711036
0.8332849217581283
0.8307259299165352
0.872528118334531
0.843478150923683
0.8956334765467817
0.8479143497177853
0.8032902803349985
0.8972368774194167
0.8752818041811224
0.9065248266975254
0.9022592827662151
0.8211247613255287
0.8669091567590239
0.8150973438157069
0.8826719696477137
0.8478860945005491
0.8551480335691911
0.9048294821848015
0.8319229871479061
0.7594203521544862
0.8323302957704549
0.8206484782691776
0.9185169813421411
0.8498700296900051
0.891967494577882
0.879434415678553
0.8524890980703971
0.8408115964954717
0.905851307154966
0.9183093869644544
0.9005818033862104
0.8650266320410296
0.8487821368311238
0.8551430212648665
0.9029274085566542
0.9002023332146117
0.876133832553205
0.9026567289520608
0.8372027970424528
0.8498886697315018
0.919539260728554
0.8522944428635049
0.9058777711187527
0.8257948278324206
0.8513748135111844
0.8599336462638567
0.830331306732568
0.9090302761473876
0.9046515112430642
0.8152289145490796
0.8923494731515818
0.8879831774053061
0.8815896339545094
0.8649797218193847
0.8923140140748029
0.8000613984010319
0.8898385022914674
0.8816156820055197
0.8720161319271826
0.8814710660785892
0.8547982280424233
0.8933042082457405
0.912697806778792
0.8334620627826513
0.8408210511197036
0.9196408912999797
0.8495749209398874
0.910393938539369
0.9124430338131447
0.9076226982831657
0.8909030714355896
0.898987630783867
0.8973399858146828
0.8771164728059816
0.8714856107303476
0.8988848916119152
0.8125634550161527
0.8716232116289968
0.8733179914222293
0.805295012940596
0.8971200190350651
0.8807377209353681
0.9204157303916061
0.8829309705092142
0.8606541635060031
0.8684316899100446
0.8794328357851867
0.8943804054773069
0.9172921928531518
0.8103122582362716
0.8699832015968616
0.8650376983657134
0.8236737282864035
0.8841213650336643
0.9010849567335609
0.7975557345351596
0.9104797148437748
0.8895455942223713
0.8955958829363491
0.87492503844811
0.8796604653977175
0.8697102844448896
0.8439456151893776
0.761271563422986
0.8607186938709739
0.8857671447518884
0.8819271995782034
0.8408903754460235
0.87040185125196
0.8505545123866296
0.888692301174961
0.8117607041082704
0.8926077992370244
0.8926077992370244
0.8121667601505327
0.8778673481964706
0.8795642168771892
0.8525941618652682
0.842334150620729
0.8901491551236317
0.8943804054773069
0.8816628237381522
0.8066138819223997
0.8608272452050151
0.8794220976316688
0.8924928563928841
0.8523434130086804
0.8607186938709739
0.8879774583492428
0.8807830319474893
0.8681269871865465
0.8834573130935546
0.8478552639117776
0.831197377112754
0.882167235749422
0.7917697763158114
0.8251445805699754
0.874361486923982
0.8921873764861404
0.8804919697359511
0.9094338573063208
0.8758020438724108
0.9179388325821599
0.8972709481098478
0.8409452997336729
0.8605233011642581
0.8994478606920137
0.8953710086423516
0.8514557283153441
0.8410704035643509
0.8606541635060031
0.8828336276681901
0.8069384778806891
0.8346617060592372
0.8972238767614297
0.9025821808856815
0.8888553209890595
0.8886097957696281
0.8799638189219525
0.9004911824297972
0.8961390981881422
0.8857414377730803
0.9070759766241135
0.8951768662510505
0.9233432997985644
0.8324525896897416
0.87130901939209
0.9085605163195468
0.8801199267164908
0.8292289326495057
0.8868955672775637
0.8603325240233333
0.8377989718048949
0.860631453009671
0.8797677010064388
0.8490293294052789
0.8278056439220686
0.8149380654891669
0.8943010354536226
0.9025044994719117
0.8490491802085145
0.877574523482035
0.8102773840495268
0.8445333665227401
0.8939468704252275
0.8940196146155942
0.8105671245562345
0.9220895902824341
0.8354702697211694
0.8020090370509638
0.8115365551999351
0.8684928389174377
0.8398821592463839
0.8872019453313207
0.828358753533435
0.8104848573730491
0.8360447140600236
0.821524461390491
0.9010849567335609
0.8980208766041577
0.8477379569553599
0.8662522622725666
0.8511031426689452
0.8490293294052789
0.8651502770141921
0.8518388117919646
0.9259887878671927
0.8602748616750039
0.8816271876460186
0.8606804350182017
0.8828170707850835
0.889416027848354
0.8845594740837973
0.8938639875477231
0.87092107838032
0.8546958800366293
0.8898553678748379
0.8623486102122468
0.8554691629995087
0.8899153033367107
0.9161314766620829
0.8800818929826829
0.8477556932277024
0.8254074922442883
0.8462997856926321
0.877053616808389
0.8838750580414977
0.9161314766620829
0.9057212411527507
0.9219557877909932
0.8896802447626575
0.9139076328518296
0.8623867617296676
0.8836500890122553
0.8520951662512739
0.8803142694069928
0.8719849356804077
0.8292294208746462
0.8023289027993705
0.7868838157310841
0.8310953784499017
0.832586534809014
0.8775466534247867
0.8821058377695513
0.8433793771399526
0.895945700579352
0.8547277085424876
0.8648210406983072
0.89966507905049
0.8776299749799855
0.8974685939988071
0.8577063553796317
0.8628791792624914
0.8897179977331364
0.9102268424965487
0.8495930226716294
0.8589872119656332
0.8850504315162271
0.907027339764301
0.8351106129854773
0.83688357538921
0.8200925640926583
0.8375531841429764
0.8620808623523373
0.8708654539353615
0.8780311713995571
0.8649327188852969
0.9087881286117668
0.8824603475443032
0.8348691337751761
0.8562676654312167
0.8242501042105512
0.8717192711316334
0.8782047482396709
0.8812285498127275
0.804941161674469
0.8287319564963284
0.8372982922006382
0.8931573695661296
0.8596849691079089
0.8887259880041971
0.8457647227442362
0.8787999401884368
0.8631789847991089
0.9144122456765438
0.8788758094832836
0.8673388335318141
0.8928107295857677
0.8781854292734181
0.888636815714693
0.8643607582524978
0.8624133023594042
0.9194028848754421
0.8496853731866528
0.8737309788274928
0.9162575329602051
0.8543345052876457
0.8465490424212518
0.8950076401680351
0.8004387857322778
0.8020090370509638
0.8977606506177943
0.8894412226582566
0.8645196108204276
0.8946440204260376
0.9087667007641682
0.9185169813421411
0.9280880346648022
0.7701573671537961
0.8264506846064931
0.8477556932277024
0.8701670148586942
0.916710343161891
0.9167470128519128
0.8991387333190132
0.9029364454497169
0.8714269059045705
0.8345660323590055
0.8845501380117892
0.8752273622896808
0.7990539903757684
0.7998064492212716
0.8600947477188232
0.8196158167421187
0.8845501380117892
0.908514624008442
0.8866955856193606
0.866777556406947
0.8642818512303718
0.8053988332941374
0.8142615740171926
0.8865407070552134
0.8644137456684226
0.9090299546019518
0.8971200190350651
0.9175223116300447
0.8927610943013407
0.8971200190350651
0.8789669380994053
0.8588449829990081
0.8603974110464353
0.8435041167010158
0.8471568792000864
0.8994066794594364
0.9050095217907947
0.913674512921188
0.9187860139239802
0.8905218634230204
0.8656603994470109
0.869538073173947
0.8016461177740196
0.911014922645301
0.9024605782820438
0.8731841086902593
0.8184365106862818
0.8490064693472968
0.8340630625422562
0.8386921072948719
0.8004387857322778
0.8804936337296906
0.855352818968317
0.8704137400714159
0.8782356712796953
0.8963204250247166
0.9292330038730835
0.8855413151779785
0.9214268874637345
0.8885061467402912
0.9166150454561407
0.9058496266740619
0.9161314766620829
0.8824840503235163
0.9139001528257925
0.8534814810804495
0.8502562178648286
0.8857638112581601
0.8990809798836994
0.8795554026107353
0.881586228667159
0.8638954549270297
0.8675908457158967
0.9165836080781565
0.9052738692869997
0.8949760604225415
0.8848569891506551
0.8817407185583152
0.855520963449407
0.7869281546412366
0.8272020684315378
0.8427288048211414
0.8142386968024022
0.8546958800366293
0.8819003616140878
0.8701533952425419
0.9105080383846708
0.8819003616140878
0.90951877505215
0.862813320801668
0.8901427769279502
0.8742727677003441
0.8926077992370244
0.8254074922442883
0.8244957754830463
0.8254074922442883
0.9137356602048604
0.9469500149295411
1.0
0.8215304254043558
1.0
0.8940122220583678
0.8759976864784231
0.8357620278073822
0.8851134570975293
0.9017297365159628
0.8912925429559785
0.8566631438275735
0.9172262276002556
0.904728629913063
0.8971756396423306
0.9201812310964514
0.6579824000537902
0.8929644430469174
0.8623418343725869
0.9082214957220373
0.8801710891413934
0.851681191035307
0.8890392873853896
0.8946806089448435
0.8744627059264597
0.8903958701888613
0.842746849744388
0.8292761435398078
0.8635252640962718
0.9085560455231422
0.8799342943021322
0.8607186938709739
0.8465490424212518
0.8977606506177943
0.8646791468663286
0.8638101732617652
0.9030186423282264
0.891774194543631
0.9018958615707766
0.8488636070404797
0.891774194543631
0.8102198621978856
0.8943922026400887
0.9185169813421411
0.8578782719785895
0.851076510243118
0.9062596083669577
0.8081947350005403
0.8919860507748393
0.8469781252498578
0.8755424587179472
0.8989460618644908
0.8845081061635586
0.8352999884988963
0.8815029436701733
0.8489370798521676
0.8321901296094053
0.8866584361855944
0.9318403875006697
0.8944492517155594
0.8357831466005929
0.8864055951992353
0.8357831466005929
0.9021547033965249
0.8357831466005929
0.8269736491121215
0.9038754260790973
0.9050878033083476
0.8395545941649314
0.873606216359601
0.828931658066751
0.8967339660070158
0.825514691111299
0.8177207997097564
0.8614114904938528
0.8192959332727302
0.8081785357070737
0.8868384663100427
0.9015562356566899
0.8699947005345687
0.8504060853370028
0.9166488088423704
0.8917198764748749
0.9164228362382859
0.9327613651876878
0.8301350009624031
0.83299560171912
0.8371536684950563
0.8998518314138325
0.9139076328518296
0.8650376983657134
0.887630137125908
0.876800806132537
