0.18988105654716492
0.14970217645168304
0.08577845245599747
0.18382291495800018
0.175411656498909
0.11919816583395004
0.20223572850227356
0.24588266015052795
0.22463996708393097
0.16879376769065857
0.08008477091789246
0.28284212946891785
-0.032703857868909836
0.25981348752975464
0.13099659979343414
0.3344034254550934
0.1271549016237259
0.14498429000377655
0.12683388590812683
0.10305089503526688
0.18955403566360474
0.16477301716804504
0.22421935200691223
0.1001775711774826
0.21697776019573212
0.241522878408432
0.10377770662307739
0.23652704060077667
0.17528311908245087
0.2894211709499359
0.15026724338531494
0.370073139667511
0.03226205334067345
0.30364301800727844
0.12324292957782745
0.17945325374603271
0.22471165657043457
0.12496282905340195
0.12297064065933228
0.17069341242313385
0.20169292390346527
0.1795436590909958
0.1826310008764267
0.19452372193336487
0.25492608547210693
0.324899822473526
0.29415497183799744
0.36223894357681274
0.25617557764053345
0.2606024444103241
0.227180615067482
0.24407659471035004
0.1399160623550415
0.0892217829823494
0.11182167381048203
0.1923772096633911
0.14187823235988617
0.11624785512685776
0.4552444815635681
0.38513973355293274
0.23453521728515625
0.31743717193603516
0.09338802844285965
0.28569814562797546
0.24107365310192108
0.19091123342514038
0.2823282778263092
0.30142727494239807
0.3625740706920624
0.3508650064468384
0.13177956640720367
0.2637593746185303
0.10493572056293488
0.11386612802743912
0.17517822980880737
0.15203163027763367
0.2144261747598648
0.2984483540058136
0.22619034349918365
0.16247040033340454
0.21188905835151672
0.12679573893547058
0.09645029902458191
0.3372841477394104
0.2546149492263794
0.2254345864057541
-0.07405735552310944
0.01107480563223362
0.09769590198993683
0.03188381716609001
0.2189868986606598
0.3221522271633148
0.2502018213272095
0.14738473296165466
0.33417844772338867
0.19119341671466827
0.24869418144226074
0.1631791889667511
0.22806775569915771
0.17747554183006287
0.20507021248340607
0.12173280864953995
0.173852801322937
0.23153333365917206
0.13629403710365295
0.11908727139234543
0.13385722041130066
0.16103938221931458
0.14016927778720856
0.1561371386051178
0.05954805016517639
0.22400781512260437
0.2115871012210846
0.20262138545513153
0.2106335610151291
0.11206464469432831
-0.018485909327864647
0.1128101721405983
0.18793267011642456
0.3027268946170807
0.2875165641307831
0.18791677057743073
0.24450179934501648
0.20436953008174896
0.4002402126789093
0.32024621963500977
0.34575650095939636
0.3228638470172882
0.1888597160577774
0.2743983566761017
0.08836465328931808
0.3282594680786133
0.219033882021904
0.14894887804985046
0.0854983925819397
0.23307418823242188
0.0394224114716053
-0.06423451006412506
0.1528315395116806
0.16241706907749176
0.290127158164978
0.08969501405954361
0.08987513184547424
0.22647535800933838
0.17716476321220398
0.350488543510437
0.4089188277721405
0.06483594328165054
0.17745788395404816
0.09710752964019775
0.0877879410982132
0.2845076322555542
0.19623267650604248
0.1886831372976303
0.16283521056175232
0.11986564099788666
0.1724938452243805
-0.015630241483449936
0.278443843126297
0.07929227501153946
0.18685799837112427
0.2622623145580292
0.2301793098449707
0.1352274864912033
0.26178765296936035
0.22743771970272064
-0.12039150297641754
0.20805266499519348
0.110882967710495
0.10936649143695831
0.12616534531116486
0.1898340880870819
0.21334266662597656
0.3064269721508026
0.013784264214336872
0.14478227496147156
0.20370382070541382
0.12882642447948456
0.2467471957206726
0.148977130651474
0.19317111372947693
0.37066254019737244
0.18378831446170807
0.2172175645828247
0.12956559658050537
0.23204118013381958
0.06666391342878342
0.1951502412557602
0.15267686545848846
0.2076161503791809
0.12272661179304123
0.13275252282619476
0.26812055706977844
0.12660256028175354
0.26346448063850403
0.0333840474486351
0.25964289903640747
0.22296492755413055
0.2278251349925995
0.192329540848732
0.31845003366470337
0.27222853899002075
0.18517623841762543
0.2013951987028122
0.24914129078388214
0.24555563926696777
0.19718056917190552
0.15768222510814667
0.2197246551513672
0.15901575982570648
0.3375479578971863
0.1483541578054428
0.11467275023460388
0.17958886921405792
0.34615594148635864
0.236642524600029
0.09985089302062988
0.3139726519584656
0.2764795422554016
0.19919288158416748
0.18754418194293976
0.2064930945634842
0.04302748665213585
0.14146362245082855
0.2143075168132782
0.2861357033252716
0.35291051864624023
0.2688272297382355
0.2866590917110443
0.039471499621868134
0.2614744007587433
0.0649542585015297
0.14007675647735596
0.30341875553131104
0.24637390673160553
0.18866971135139465
0.16230829060077667
0.25228196382522583
0.35087594389915466
0.23802869021892548
0.26771196722984314
0.14132200181484222
0.2341262549161911
0.10698229819536209
0.11052945256233215
0.19334734976291656
0.07051726430654526
0.2733844518661499
0.20457471907138824
0.23717863857746124
0.15484845638275146
0.16952621936798096
0.17597319185733795
0.2955330014228821
0.28244057297706604
0.23980404436588287
0.1887710690498352
0.3815893828868866
0.1699606031179428
0.2579233646392822
0.24445977807044983
0.3059388995170593
0.03552032262086868
0.3528190553188324
0.20375679433345795
0.2893480658531189
0.3608315885066986
0.18719632923603058
0.2070959359407425
0.18447838723659515
0.24550725519657135
0.1946837157011032
0.07325850427150726
0.16721512377262115
-0.07844963669776917
-0.07844963669776917
0.21983908116817474
0.004675158299505711
0.11594837158918381
0.26300182938575745
0.031330764293670654
0.14596007764339447
0.22583436965942383
0.18292906880378723
0.24352318048477173
0.1622479110956192
0.21793413162231445
0.20675937831401825
0.11766085028648376
0.19710958003997803
0.03593140468001366
0.021505091339349747
0.13808739185333252
0.519360363483429
0.2712637186050415
0.24442657828330994
0.11023809760808945
0.2154916673898697
0.2374611645936966
0.04413924366235733
0.04444967210292816
0.17944759130477905
0.18672168254852295
0.24695980548858643
0.10952435433864594
0.1335732787847519
0.1942111849784851
0.25399020314216614
0.22968558967113495
0.26129570603370667
0.1492222249507904
0.1755843609571457
0.09136441349983215
0.2107776552438736
0.31555303931236267
0.013967555947601795
0.18666128814220428
0.3649367392063141
0.32284584641456604
0.11180012673139572
0.27727875113487244
0.14356033504009247
0.315689355134964
0.22088974714279175
0.25742363929748535
0.12962563335895538
0.0877794623374939
0.20532730221748352
0.07507976144552231
0.3508109748363495
0.19674617052078247
0.16131272912025452
0.056446582078933716
-0.040233269333839417
0.17745435237884521
0.022323720157146454
0.130888894200325
0.09101478010416031
0.11430157721042633
0.21096907556056976
0.13625094294548035
0.2746448814868927
0.24278755486011505
0.1390388011932373
0.24034754931926727
0.17590679228305817
0.14048606157302856
0.13641411066055298
0.13493895530700684
0.1323082447052002
0.24925005435943604
0.15104171633720398
0.15104171633720398
0.23501551151275635
0.17846687138080597
0.1821846067905426
0.08879692852497101
0.3080126941204071
0.34450703859329224
0.15236607193946838
0.09558116644620895
0.21333454549312592
0.01628853566944599
0.1643555760383606
0.19379515945911407
0.15481066703796387
0.25917568802833557
0.36310842633247375
0.20513130724430084
0.1274501532316208
0.19721552729606628
0.312425434589386
0.28026193380355835
0.29454025626182556
0.21629686653614044
0.04057160019874573
0.1811886876821518
0.12293674051761627
0.22909298539161682
0.38961780071258545
-0.055329885333776474
-0.03230796381831169
0.05671604722738266
0.09192099422216415
0.13843843340873718
-0.1875060498714447
0.18681490421295166
0.24072861671447754
0.17620980739593506
0.11748109012842178
0.156238853931427
0.1710306853055954
0.1733887493610382
0.31728917360305786
0.19526325166225433
-0.08600835502147675
0.26667648553848267
0.31740114092826843
0.2845090329647064
0.11146038770675659
0.24105846881866455
0.3561292290687561
0.23369786143302917
0.11830148845911026
0.3483370542526245
0.18096300959587097
0.1569472998380661
0.21975009143352509
0.3148696720600128
0.36102405190467834
0.30952703952789307
0.05891624465584755
0.25881192088127136
0.15479476749897003
0.16543377935886383
0.17364515364170074
0.17848558723926544
0.1016693264245987
0.19708415865898132
0.1401904672384262
0.16287583112716675
0.15040425956249237
0.06426911801099777
0.034154292196035385
0.20542584359645844
0.12378574162721634
0.28170245885849
0.24513784050941467
0.26047036051750183
0.11812208592891693
0.14324425160884857
0.24347339570522308
0.17437618970870972
0.2528000473976135
0.23546190559864044
0.28655844926834106
0.35170304775238037
0.37963393330574036
0.31246641278266907
0.2209278792142868
0.2668767273426056
0.21499228477478027
0.3021530210971832
0.2663261592388153
0.16931961476802826
0.2231796383857727
0.24032777547836304
0.2643597424030304
0.1376173347234726
0.17599721252918243
0.10758408159017563
0.22669537365436554
0.01429776195436716
-0.00978823658078909
0.004450900014489889
-0.021272005513310432
-0.11865535378456116
0.03824673593044281
0.0440060980618
0.11646328121423721
0.0633939877152443
0.3655092120170593
0.2534032464027405
0.26760634779930115
0.11293448507785797
0.1714809685945511
0.23280543088912964
-0.03352919593453407
0.26093053817749023
-0.002528639743104577
0.21731185913085938
0.26631873846054077
0.28220996260643005
0.20268353819847107
0.3039707541465759
0.12140966951847076
0.16542989015579224
0.1539531946182251
0.13468290865421295
0.15033645927906036
0.1487659513950348
0.18679195642471313
0.3064015507698059
0.10089731216430664
0.07264541834592819
0.16332539916038513
0.1585785448551178
0.25935474038124084
0.38076192140579224
0.18462565541267395
0.1133921816945076
0.12078987061977386
0.1905418336391449
-0.081197589635849
-0.0209908876568079
0.2639818489551544
0.07409197092056274
0.09511888027191162
0.15175051987171173
0.2939031422138214
0.2145102173089981
0.20606471598148346
0.18965750932693481
0.26199179887771606
0.07816357165575027
0.23415979743003845
0.05883007496595383
0.2113903909921646
0.12121401727199554
0.21796520054340363
0.14405794441699982
0.13649921119213104
0.392103374004364
0.3478624224662781
0.24157054722309113
0.16812628507614136
0.1385161280632019
0.3836490213871002
0.14439274370670319
0.10836951434612274
0.11578062176704407
0.10314307361841202
0.13883185386657715
0.13163016736507416
0.2292550951242447
0.29391905665397644
0.17565076053142548
0.16899541020393372
0.28534603118896484
0.26611390709877014
0.1844773292541504
0.2629605233669281
0.2916976511478424
0.31273162364959717
0.013871495611965656
0.13251908123493195
0.12050733715295792
0.18612588942050934
-0.059610914438962936
0.3165397644042969
0.33215659856796265
0.302486389875412
0.2404676228761673
0.3032294511795044
0.16999980807304382
0.08366265892982483
0.10606902092695236
0.11001842468976974
0.022599894553422928
-0.036401111632585526
0.22408373653888702
0.2489173859357834
0.28619080781936646
0.09892066568136215
0.2462785542011261
0.36150893568992615
0.07653690874576569
0.16005229949951172
0.10947385430335999
0.1403200775384903
0.2642647325992584
0.21847482025623322
0.10269879549741745
0.3585752248764038
0.27794092893600464
0.15530721843242645
0.11569162458181381
0.1960790604352951
0.23320485651493073
0.15303108096122742
-0.03586430475115776
0.14718836545944214
0.06310015171766281
0.05485982820391655
0.3503211438655853
0.21462076902389526
0.19047896564006805
0.20673854649066925
0.1686733365058899
0.3045050799846649
0.207758828997612
0.025697477161884308
0.33243241906166077
0.278349906206131
0.14184503257274628
0.3267624080181122
0.1298707276582718
0.32878777384757996
0.42899078130722046
0.3363669812679291
0.13011863827705383
0.3185616135597229
0.17986221611499786
0.13292168080806732
0.24549594521522522
-0.10006314516067505
0.11316051334142685
0.15766704082489014
0.16926240921020508
0.1677028387784958
0.3592921495437622
0.21910910308361053
0.16032634675502777
0.07726265490055084
0.14282894134521484
0.11708872765302658
0.10429049283266068
0.3099939227104187
0.21627886593341827
0.2917347252368927
0.2568080723285675
0.27339327335357666
0.30955564975738525
0.22183480858802795
0.23077580332756042
0.25591740012168884
0.08872735500335693
0.20661035180091858
0.17371684312820435
0.014561573974788189
0.33510974049568176
0.2573367655277252
0.28320518136024475
0.29527977108955383
0.2919759452342987
0.2579399645328522
0.15141254663467407
0.165936678647995
0.11382021754980087
0.138679638504982
0.2165246605873108
0.24126894772052765
0.2992899417877197
0.2616516947746277
0.3715415596961975
0.22403854131698608
0.2041710615158081
0.21384169161319733
0.15127304196357727
0.22498252987861633
0.13505549728870392
0.24766294658184052
0.14414022862911224
0.3112197518348694
0.1324314922094345
0.2736302316188812
0.2660828232765198
0.3423626124858856
0.20110243558883667
0.24740973114967346
0.2491977959871292
-0.045487966388463974
0.33547383546829224
0.1328485906124115
0.048007071018218994
0.13267730176448822
0.13158778846263885
0.08005581051111221
0.06606706976890564
0.1080753281712532
0.05765262991189957
0.26480647921562195
0.14522691071033478
0.1538175791501999
0.046460576355457306
0.09370764344930649
0.170622780919075
0.11697748303413391
0.19874542951583862
0.08089598268270493
0.18752512335777283
0.10568725317716599
0.17076970636844635
0.3625860810279846
0.20435045659542084
0.12354594469070435
0.2611618638038635
-0.16292986273765564
0.0008511203341186047
0.019907386973500252
-0.015938200056552887
0.01315669622272253
0.16538116335868835
0.15784326195716858
0.2270072102546692
0.2530115842819214
0.209977388381958
0.17614801228046417
0.1396024525165558
0.2706276476383209
0.2870278060436249
0.27536603808403015
0.028007157146930695
0.19299842417240143
0.1769426167011261
0.1456136256456375
0.15427350997924805
0.20349615812301636
-0.07463972270488739
0.1265202760696411
0.20987603068351746
0.11186511069536209
0.16244001686573029
0.25787675380706787
0.3810511529445648
0.36058542132377625
0.24646219611167908
0.2689805030822754
0.25703904032707214
0.27423274517059326
0.1715417206287384
0.20597748458385468
0.33619746565818787
0.2531447410583496
0.14509129524230957
0.2193813920021057
-0.17312318086624146
0.07431410998106003
-0.1289517879486084
0.13573603332042694
0.0188362468034029
0.20268459618091583
0.5503220558166504
0.29704099893569946
0.25997382402420044
0.19573155045509338
0.2533107101917267
0.12520579993724823
0.13869094848632812
0.16179832816123962
0.2032514214515686
0.02304099313914776
0.0864512249827385
0.06532401591539383
0.15611135959625244
0.14388948678970337
0.21760781109333038
0.19952450692653656
0.14141876995563507
0.16162316501140594
0.1818476915359497
0.16858786344528198
0.21020624041557312
0.2074381560087204
0.29004767537117004
0.16535784304141998
0.19907917082309723
0.25556424260139465
0.17972306907176971
0.29293230175971985
0.0914025530219078
0.27130642533302307
0.15478241443634033
0.266000896692276
0.04161060228943825
0.05612661689519882
0.07165974378585815
0.13894981145858765
0.16384419798851013
0.04800248146057129
0.07587967067956924
0.2337677925825119
0.13108913600444794
0.2407582849264145
0.3737117648124695
0.200759157538414
0.23792557418346405
0.18293896317481995
0.16957777738571167
0.24680617451667786
0.24520494043827057
0.2554141581058502
0.2927214801311493
0.06854167580604553
0.10798244923353195
-0.08093871921300888
0.3131783902645111
0.4464454650878906
-0.04581429064273834
0.21053679287433624
0.09776900708675385
0.22377437353134155
0.08423513174057007
0.18229267001152039
0.23835113644599915
0.1353740394115448
0.3089446723461151
0.2324017584323883
0.1708463430404663
0.22584496438503265
0.17773546278476715
0.2885608673095703
0.16373541951179504
0.21185621619224548
0.045076534152030945
0.17895987629890442
0.1598227471113205
0.16526354849338531
0.14523644745349884
0.10457231849431992
0.08740511536598206
0.16333070397377014
0.1167440414428711
0.27104049921035767
0.2143947333097458
0.047938913106918335
0.26608777046203613
0.16144198179244995
0.2627726197242737
0.21150164306163788
0.23957625031471252
0.324165940284729
0.2979641556739807
0.38708847761154175
0.26920652389526367
0.04074747487902641
0.17432533204555511
0.2561720311641693
0.22595196962356567
0.15994316339492798
0.12232930213212967
0.11786922067403793
0.23144398629665375
0.13832470774650574
0.13092491030693054
0.19567574560642242
0.19806665182113647
-0.013932239264249802
0.41948118805885315
0.20387016236782074
0.17047058045864105
-0.04038936644792557
0.1702629178762436
0.10762964189052582
0.13936300575733185
0.17709589004516602
0.23889605700969696
0.07387406378984451
0.1382293552160263
0.16050681471824646
0.4056316018104553
0.39739513397216797
0.17956095933914185
0.2602192759513855
0.12011532485485077
0.26895827054977417
0.17430873215198517
0.2590506672859192
0.1138516515493393
0.22183728218078613
0.1015605553984642
0.22937975823879242
0.2715229392051697
0.12217885255813599
0.10286018997430801
0.13429583609104156
0.17341911792755127
0.34297043085098267
0.21422769129276276
0.21665215492248535
0.29008299112319946
0.1569758951663971
0.07032055407762527
0.22851203382015228
0.1361541748046875
0.26386815309524536
0.29107680916786194
0.32848477363586426
0.30965277552604675
0.1585792601108551
0.34752973914146423
0.2653927505016327
0.2510324716567993
0.2402200549840927
0.2803230285644531
0.19790631532669067
0.2119957059621811
0.19806453585624695
0.03262298181653023
0.26120176911354065
0.1306208372116089
0.20482192933559418
0.013614746741950512
0.32754042744636536
0.14215192198753357
0.09168543666601181
0.3225248157978058
0.10382749885320663
0.08393917977809906
0.2216324359178543
0.31794464588165283
0.05143415555357933
0.19999350607395172
0.20994985103607178
0.21568801999092102
0.46625927090644836
0.14586153626441956
0.1610337346792221
0.17926077544689178
0.15363499522209167
0.06860029697418213
0.18784649670124054
0.1536695957183838
0.10092097520828247
0.15443560481071472
0.3549210727214813
0.1595822423696518
0.35613134503364563
0.2838684022426605
0.24405963718891144
0.18263770639896393
0.38281944394111633
0.24835020303726196
0.18372756242752075
0.3451133966445923
0.04460152983665466
0.19343917071819305
0.1391652375459671
0.08374776691198349
0.17477455735206604
0.06901031732559204
0.1710599958896637
0.3800481855869293
0.053157586604356766
0.13845573365688324
0.36374127864837646
0.1766773909330368
0.16311633586883545
0.1435377299785614
0.18262746930122375
0.2093498259782791
0.13845962285995483
0.18248409032821655
0.20098906755447388
0.1141006276011467
0.24111638963222504
0.24136996269226074
0.17267854511737823
0.14582975208759308
0.17206156253814697
0.04865017905831337
0.06465759873390198
0.03183048963546753
-0.010288313962519169
0.14742958545684814
0.14800558984279633
-0.018733829259872437
0.08306616544723511
0.14320506155490875
0.23510980606079102
0.20849093794822693
0.28381121158599854
0.28603222966194153
0.25244298577308655
0.13914334774017334
0.16372624039649963
0.5445499420166016
0.07717718929052353
0.17880696058273315
0.28210189938545227
0.24144694209098816
0.06222572550177574
0.13310745358467102
0.0913509950041771
0.09179279953241348
0.16471120715141296
0.04439952224493027
0.23961050808429718
0.1254696100950241
0.22525164484977722
0.26822155714035034
0.5675026774406433
0.1352483183145523
0.10366080701351166
0.26443883776664734
-0.012408345937728882
0.09207285940647125
0.26224395632743835
0.3002932667732239
0.19403213262557983
0.041161734610795975
0.1438753604888916
0.2035081684589386
0.19666635990142822
0.14926496148109436
0.1162090077996254
0.1329379379749298
0.20470786094665527
0.20470786094665527
0.20470786094665527
0.2137625813484192
0.2559184730052948
0.08372163772583008
0.15207859873771667
0.1503763645887375
0.2524069845676422
0.11129546165466309
0.32639652490615845
0.24961170554161072
0.21300822496414185
0.13570107519626617
0.32093948125839233
0.2524246275424957
0.3767274022102356
0.23158136010169983
0.34910765290260315
0.3046633005142212
0.4578148126602173
0.23075497150421143
0.0916840210556984
0.32345399260520935
0.061484791338443756
0.06630545109510422
0.12989720702171326
0.0770648866891861
-0.05443285405635834
0.3336201012134552
0.11733382195234299
0.03972930833697319
-0.022045429795980453
0.016082996502518654
0.30296987295150757
0.365393728017807
0.2060597687959671
0.27163559198379517
0.2676007151603699
0.23894621431827545
-0.05317912995815277
9.464741015108302e-05
0.18201225996017456
0.20743215084075928
0.1875229924917221
0.20537710189819336
0.2570708394050598
0.24813547730445862
0.1509753316640854
-0.04382704570889473
0.16333387792110443
0.11046093702316284
0.17220284044742584
0.13333770632743835
0.11115243285894394
0.2162347137928009
0.28537818789482117
0.12846054136753082
0.19950437545776367
0.30339545011520386
0.24296095967292786
0.2719265818595886
0.23439429700374603
0.043120015412569046
0.1571955680847168
-0.12534388899803162
0.09635318070650101
0.13253214955329895
0.18069885671138763
0.2037649154663086
0.12991875410079956
0.11120045930147171
0.11506722867488861
0.13795319199562073
0.39642608165740967
0.38844531774520874
0.28616538643836975
0.2231457382440567
0.038425080478191376
0.20168867707252502
0.24629445374011993
0.05107322335243225
0.11683622002601624
0.22184787690639496
0.1459837406873703
0.17334672808647156
0.18989518284797668
0.1769433319568634
0.3118554353713989
0.27532896399497986
0.1702180653810501
0.23720158636569977
0.13827915489673615
0.3131783902645111
0.18446531891822815
0.07199736684560776
0.19324880838394165
0.2440483421087265
0.1417878121137619
0.10079136490821838
-0.03934471681714058
-0.19035889208316803
-0.127336785197258
0.023091141134500504
0.29914936423301697
0.475857138633728
0.1741989105939865
0.20716197788715363
0.2727893590927124
0.16261661052703857
0.16571524739265442
0.22114330530166626
0.26634663343429565
0.09467247873544693
0.2873699963092804
0.3488774001598358
0.34330204129219055
0.3571166694164276
0.1469573974609375
0.15140654146671295
0.22165116667747498
0.25506591796875
0.12994912266731262
0.22830967605113983
0.2232961803674698
0.021710632368922234
0.2547745704650879
0.14307086169719696
0.14558184146881104
0.02867392636835575
0.13897064328193665
0.20631863176822662
-0.16149072349071503
0.2754472494125366
0.22374576330184937
-0.008838937617838383
0.22896690666675568
0.16322863101959229
0.20313310623168945
0.1281052678823471
0.1573682725429535
0.22181573510169983
0.1433018296957016
0.08789847791194916
0.23884767293930054
0.21771693229675293
0.08909216523170471
0.17787814140319824
0.3302721381187439
0.0968712642788887
0.2670363485813141
0.19762660562992096
0.22233840823173523
0.3344316780567169
-0.6801613569259644
0.24086317420005798
0.35506728291511536
0.33931979537010193
0.2934874892234802
0.24941286444664001
0.2771812975406647
0.1801055371761322
0.14444006979465485
0.04126591607928276
0.2825264036655426
0.1478053480386734
0.1932191550731659
0.12964504957199097
0.15955398976802826
0.2663084864616394
0.12040457129478455
0.20024672150611877
0.130283921957016
0.12723153829574585
0.1474454700946808
0.13827915489673615
0.10711967200040817
0.1224885806441307
0.1944040060043335
0.3712339699268341
0.42910802364349365
0.1215142011642456
0.13895298540592194
0.19092747569084167
0.16383501887321472
0.17762811481952667
0.13570602238178253
0.176187202334404
0.299118310213089
0.21106337010860443
0.26443883776664734
0.2317943274974823
0.282514750957489
0.1972600221633911
0.1845913976430893
0.2732318639755249
0.2209363579750061
0.17404139041900635
0.27915653586387634
0.29307958483695984
0.2945452034473419
0.25998902320861816
0.1763305962085724
0.1812487244606018
0.26469913125038147
0.1548004299402237
0.15811307728290558
0.15469588339328766
0.3085533678531647
0.2649989724159241
0.15127621591091156
0.10297355055809021
0.06874579936265945
0.03796491026878357
0.15382075309753418
0.1633141040802002
0.11030696332454681
0.11804898083209991
0.23727469146251678
0.3046788275241852
0.19285044074058533
0.26120564341545105
0.32486698031425476
0.13266882300376892
0.2737005352973938
0.3807361423969269
0.16427081823349
0.01961214281618595
0.12152303010225296
0.0645618885755539
0.19127993285655975
0.14680907130241394
0.25385069847106934
0.1563282012939453
0.27078092098236084
0.1543956995010376
0.10937073081731796
0.3325192928314209
0.15021567046642303
0.18343903124332428
0.1547248512506485
0.17897824943065643
0.3492037355899811
0.12730005383491516
0.21393492817878723
0.2378072589635849
-0.018279310315847397
-0.0840359479188919
-0.007535063661634922
-0.06550730764865875
-0.1314811408519745
0.20148101449012756
0.2226831018924713
0.21178275346755981
0.1635768562555313
0.1669626235961914
0.1377744823694229
0.2517825961112976
-0.004152478184551001
0.010183778591454029
0.19153492152690887
0.2876002788543701
0.1517098993062973
0.2079315185546875
0.1692885458469391
0.016028255224227905
0.4234217703342438
0.09238822758197784
0.11126367747783661
0.15033186972141266
0.06523960828781128
0.04028836265206337
-0.04019159823656082
0.07929933816194534
0.07841820269823074
0.43553027510643005
0.30480244755744934
0.312503844499588
0.28340965509414673
0.27146464586257935
0.28689855337142944
0.15175440907478333
0.2685171663761139
0.10494666546583176
0.1513214260339737
0.19172704219818115
0.15569639205932617
0.2698298692703247
0.08815064281225204
0.10042301565408707
0.119540736079216
0.23798313736915588
0.20607495307922363
0.2637907862663269
0.1829131692647934
0.17523226141929626
0.012952215038239956
0.32755807042121887
0.17663253843784332
0.23238198459148407
0.09777712821960449
0.09606853127479553
-0.045945312827825546
0.09503941982984543
0.04920923337340355
-0.0021458121482282877
0.06630650907754898
0.3138476312160492
0.18585537374019623
0.18767520785331726
0.24189335107803345
0.14958880841732025
0.07853227108716965
0.18821696937084198
0.17204497754573822
0.29626721143722534
0.32215362787246704
0.2176463007926941
0.20145629346370697
0.16942168772220612
0.37759652733802795
0.16484399139881134
0.07140828669071198
0.06462263315916061
-0.053875915706157684
0.12811197340488434
0.19539886713027954
0.009214349091053009
0.11891104280948639
0.04793855920433998
0.37763679027557373
0.28340330719947815
0.12619183957576752
0.25596827268600464
0.0737176164984703
0.1255314201116562
0.2455015927553177
0.19565172493457794
0.1775786578655243
0.23588994145393372
-0.0016905863303691149
0.25570622086524963
0.2406904697418213
0.22830508649349213
0.1777135729789734
0.29817500710487366
0.09449095278978348
0.07562115788459778
0.22549356520175934
0.2768062353134155
0.15517830848693848
0.036543432623147964
0.1871768981218338
0.215337336063385
0.18131759762763977
0.022524317726492882
0.1944718211889267
0.11599957942962646
0.05431737005710602
0.1482256054878235
-0.057777296751737595
0.24580532312393188
0.17092156410217285
0.2679920196533203
0.2782104015350342
0.258895605802536
0.29956433176994324
0.3409528136253357
0.24117501080036163
0.1900908350944519
0.18522003293037415
0.1503678858280182
0.13819581270217896
0.14077848196029663
0.20472799241542816
0.10941028594970703
0.20860853791236877
0.13028781116008759
0.2807002067565918
0.13656844198703766
0.26808807253837585
0.14720602333545685
0.20263338088989258
0.1634543091058731
0.14111080765724182
0.3849433660507202
0.2098919302225113
0.17752109467983246
0.07691196352243423
0.2552054226398468
0.2957095801830292
0.19542287290096283
0.2598724663257599
0.2206958532333374
0.11336640268564224
0.1803153157234192
0.10463377088308334
0.10166579484939575
0.26212775707244873
0.07463124394416809
0.17650045454502106
0.21993409097194672
0.22514745593070984
0.13332465291023254
0.09908418357372284
0.27089712023735046
0.24045032262802124
0.17170169949531555
0.16615423560142517
0.23611243069171906
0.23905110359191895
0.14473389089107513
0.33662375807762146
0.15569639205932617
0.15399380028247833
0.179645374417305
0.16241000592708588
0.2813962697982788
0.17195208370685577
0.20287883281707764
0.11094018071889877
0.18240498006343842
0.22029395401477814
0.15123313665390015
0.1385793387889862
0.1456136256456375
0.16752803325653076
0.16271725296974182
0.19088934361934662
0.21739450097084045
0.07730221003293991
0.22257396578788757
0.2184341996908188
0.14695069193840027
0.23680780827999115
0.3081154525279999
0.1743500530719757
0.30567261576652527
0.6403119564056396
0.216950923204422
0.16884002089500427
0.24895304441452026
0.2700463533401489
0.033617135137319565
0.1988058239221573
0.15852628648281097
0.17640016973018646
0.24852855503559113
0.09084879606962204
0.19538015127182007
0.2516007125377655
0.19629624485969543
0.39713945984840393
0.22874794900417328
0.19164475798606873
0.36986687779426575
0.11505522578954697
0.2823791205883026
-0.033536966890096664
0.23148424923419952
0.06244857236742973
-0.10545557737350464
0.1801009476184845
0.12527784705162048
0.016082996502518654
0.0991230309009552
0.09622038900852203
0.09622038900852203
0.09511781483888626
0.11364398896694183
0.21323177218437195
0.1252824366092682
0.01093354169279337
0.09780997037887573
0.16089528799057007
0.22652408480644226
0.16479596495628357
0.2068868726491928
0.09419571608304977
0.09607771039009094
0.007218277547508478
0.06883162260055542
0.12099999934434891
0.14042744040489197
0.24949586391448975
0.05189044028520584
0.09606853127479553
0.255374938249588
0.17127472162246704
0.2068268358707428
0.13805772364139557
0.018355593085289
0.13914334774017334
0.182052880525589
0.1735561490058899
0.1713683158159256
0.3142424523830414
0.15944626927375793
0.2109164446592331
0.1670929342508316
0.17155690491199493
-0.0317983515560627
-0.025277214124798775
0.12683282792568207
0.23891229927539825
0.22685112059116364
0.20756740868091583
0.20360563695430756
0.1450849324464798
0.1951671838760376
0.2745131552219391
0.07293853908777237
0.2762238681316376
0.08728927373886108
0.23293326795101166
0.1623580902814865
0.11784520000219345
0.24869665503501892
0.21669523417949677
0.16796664893627167
0.11102847009897232
0.27620866894721985
0.25037524104118347
0.31286513805389404
0.22854064404964447
0.2362854778766632
0.2519114911556244
0.30660322308540344
0.15352268517017365
0.23456311225891113
0.3335381746292114
0.12249069660902023
0.13775894045829773
0.08971232175827026
0.04163920879364014
0.2662353813648224
0.01828707940876484
0.038251325488090515
0.28259631991386414
0.30429601669311523
0.2994612157344818
0.10101208835840225
0.24536669254302979
0.3662278950214386
-0.03586395084857941
0.13089630007743835
0.027569588273763657
0.08392470329999924
0.08005581051111221
0.28713902831077576
0.23193734884262085
0.21619480848312378
0.2200721651315689
0.1841859668493271
0.13307778537273407
0.13136601448059082
0.04591670632362366
0.05924327298998833
0.1769426167011261
0.26747286319732666
0.23381687700748444
0.27537381649017334
0.17303134500980377
0.18802978098392487
0.23358343541622162
0.3764738440513611
0.29595819115638733
0.20062248408794403
0.16460703313350677
0.2209709733724594
0.23644299805164337
0.2198231965303421
0.2571372389793396
0.40647459030151367
0.0954335480928421
0.18076948821544647
0.12873989343643188
0.20071500539779663
0.15187977254390717
0.0802486389875412
0.0650598481297493
0.1930040717124939
0.1768878847360611
0.27504006028175354
0.21778155863285065
0.041138071566820145
0.17614729702472687
0.13091501593589783
0.21546587347984314
0.11184251308441162
0.10217081755399704
0.21624884009361267
0.3883524239063263
0.20864808559417725
0.1173475980758667
0.14919891953468323
0.19075973331928253
0.13479308784008026
0.15003027021884918
0.001153780147433281
0.09905274957418442
0.2182961255311966
0.2008608728647232
0.3238251507282257
0.24634212255477905
0.3346633315086365
0.3688525855541229
0.11898026615381241
0.18889962136745453
0.22240374982357025
0.2051062285900116
0.5217636227607727
0.24999840557575226
0.2605946958065033
0.158415749669075
0.32296133041381836
0.31354424357414246
0.2370062917470932
0.2596425712108612
0.13935983180999756
0.20960021018981934
0.12949778139591217
0.15973304212093353
0.1904192864894867
0.317251056432724
0.24590490758419037
0.1701325923204422
0.18276908993721008
0.1735183596611023
0.2328944206237793
0.13972464203834534
0.1473621279001236
0.18071050941944122
0.20963799953460693
0.26175588369369507
0.08276032656431198
0.20932510495185852
0.03997969999909401
0.10575435310602188
0.2801866829395294
0.21054986119270325
0.17533749341964722
0.16614364087581635
0.15682651102542877
0.14418472349643707
0.11153949797153473
0.20631898939609528
0.057511720806360245
0.022127363830804825
0.06389335542917252
0.32236623764038086
0.21350406110286713
0.170756995677948
0.1762980967760086
0.2254352867603302
0.19564925134181976
0.22324427962303162
0.08262612670660019
0.20030322670936584
0.3133998215198517
0.33917638659477234
0.2543758451938629
-0.6673086881637573
-0.03841589763760567
0.09704326093196869
-0.09989751130342484
0.07331500947475433
0.05275992676615715
0.11573082208633423
0.15623921155929565
0.22273607552051544
0.007333408109843731
0.27393466234207153
0.21100226044654846
0.21684180200099945
0.261059433221817
0.2715684771537781
0.1494842767715454
0.1436062455177307
0.2309679239988327
0.11648871004581451
0.039911188185214996
0.26955440640449524
0.2253713607788086
0.20838427543640137
0.3489229679107666
0.0806996300816536
0.2389928251504898
0.2504822313785553
0.0906934067606926
0.10079984366893768
0.3612500727176666
0.2258484959602356
0.18779705464839935
0.17581991851329803
0.15041132271289825
0.2693372070789337
0.15240351855754852
0.18860580027103424
0.21714092791080475
0.014586295932531357
0.19345824420452118
0.11525334417819977
0.03530348092317581
0.1959134191274643
0.04352332651615143
0.13877710700035095
0.0819476991891861
0.10049965232610703
0.08020908385515213
0.18421457707881927
0.23843589425086975
0.18178905546665192
0.06477096676826477
0.125199094414711
0.13171739876270294
0.2462238222360611
0.12248716503381729
0.22469329833984375
0.2716617286205292
0.08019672334194183
0.1269920915365219
0.0991145521402359
0.11485780775547028
0.196719691157341
0.205527201294899
-0.0488550141453743
0.12011779844760895
0.13492728769779205
0.1968252807855606
0.3158451020717621
0.09685254842042923
0.13424958288669586
0.216107577085495
-0.07449916005134583
0.05063953995704651
0.02334647811949253
0.12852410972118378
0.05978996679186821
0.14542078971862793
0.2281087189912796
0.20648391544818878
0.17174477875232697
0.10734958201646805
-0.08224224299192429
-0.044304169714450836
0.005836001597344875
0.05943327397108078
-0.07027710974216461
0.2668834328651428
0.25831326842308044
0.35105323791503906
0.2498963475227356
0.4086207449436188
0.19438882172107697
0.14967180788516998
0.16412143409252167
0.29861292243003845
0.24330739676952362
0.24989882111549377
0.34372052550315857
0.15777863562107086
0.30171826481819153
0.2505623996257782
0.27679669857025146
0.13641057908535004
0.23185648024082184
0.09159467369318008
0.11465615034103394
0.24212007224559784
0.2389334887266159
0.010739302262663841
-0.05235767364501953
0.36564022302627563
0.08987053483724594
0.27189481258392334
0.20799967646598816
0.054634157568216324
0.27232885360717773
0.23720723390579224
0.06902232766151428
0.23983582854270935
0.14666639268398285
0.15648606419563293
0.04611518234014511
0.02091495878994465
0.2405908852815628
0.21993231773376465
0.30089470744132996
0.32288432121276855
0.24411508440971375
0.17734698951244354
0.3140764832496643
0.16395050287246704
0.1423860788345337
0.20568682253360748
0.1459999829530716
0.24217869341373444
0.1857444792985916
0.301679790019989
0.2579929530620575
0.014272334054112434
0.21888130903244019
0.08452790230512619
0.11110475659370422
0.13983166217803955
0.31109118461608887
0.2438378483057022
0.2239760309457779
0.28383731842041016
0.11495527625083923
0.35220807790756226
0.10220860689878464
0.2642216682434082
0.29616549611091614
0.28838005661964417
0.280701607465744
-0.0022524669766426086
0.035108182579278946
0.1906096339225769
0.22535300254821777
0.1304742693901062
0.2572459876537323
0.33206653594970703
0.17474383115768433
0.22270040214061737
0.21023766696453094
0.3920048475265503
0.20768855512142181
0.16172204911708832
0.2531595528125763
0.152267187833786
0.3179856240749359
0.11055982857942581
0.2499902844429016
0.23455604910850525
0.19836260378360748
0.15396766364574432
0.34038951992988586
0.05798177793622017
0.16845931112766266
0.18757490813732147
0.2794867157936096
0.29043087363243103
0.24765729904174805
0.2891651391983032
0.23387056589126587
0.1623489111661911
0.11048036068677902
0.2504560947418213
0.3042815327644348
0.4178880751132965
0.18963102996349335
0.27820828557014465
0.09330397844314575
0.2927500903606415
0.31666162610054016
0.16188520193099976
0.42609238624572754
0.1950739622116089
0.17930279672145844
0.39716312289237976
0.2471141368150711
0.22951571643352509
0.1540919840335846
0.20725487172603607
0.17863427102565765
0.29938140511512756
0.17519553005695343
0.23624345660209656
0.19449053704738617
0.18368837237358093
0.08314421772956848
0.17748719453811646
0.12099611759185791
0.07773977518081665
0.28026580810546875
0.0019928929395973682
0.25344350934028625
0.2800457775592804
0.23273903131484985
0.23187731206417084
0.08803550899028778
0.3049567639827728
0.22954115271568298
0.27462121844291687
0.20230600237846375
0.19125168025493622
0.1363692581653595
0.1614501178264618
0.2258477807044983
0.23719522356987
0.1567099690437317
0.13568517565727234
0.17156819999217987
0.13945059478282928
0.14236311614513397
0.2762072682380676
0.1950446367263794
0.2119077742099762
0.19376938045024872
0.20847609639167786
-0.041546326130628586
0.08989172428846359
0.019412606954574585
0.17475548386573792
0.17965950071811676
0.15721993148326874
0.24353237450122833
0.18836140632629395
0.07623778283596039
0.06449019908905029
0.1667807400226593
0.15429045259952545
0.13112762570381165
0.10480540245771408
0.32300829887390137
0.11832444369792938
0.1500246226787567
0.26305586099624634
0.18243710696697235
0.17254434525966644
0.1070123165845871
0.13586600124835968
0.13809339702129364
0.14697012305259705
0.15763773024082184
0.1565542221069336
0.1391306221485138
0.12346719205379486
0.29992032051086426
0.09159467369318008
0.09752779453992844
0.09158620238304138
0.21295419335365295
0.20657749474048615
0.32554998993873596
0.17100737988948822
0.12799473106861115
0.3040318489074707
0.21028640866279602
0.15466198325157166
0.17765776813030243
0.14083851873874664
0.04794950783252716
0.24922780692577362
0.27339327335357666
0.21377281844615936
0.20813529193401337
0.24040688574314117
0.2958310544490814
0.3062518239021301
0.23873430490493774
0.18718890845775604
0.22565777599811554
0.1490332931280136
0.1621084064245224
0.2273116409778595
0.23559364676475525
0.3738876283168793
0.33477988839149475
0.3447023332118988
0.19833964109420776
0.17487874627113342
0.07039365917444229
0.2587006688117981
0.13080094754695892
0.20799967646598816
0.18121516704559326
0.01123726088553667
0.21474966406822205
0.18135149776935577
0.13240431249141693
0.12768712639808655
-0.05930154398083687
-0.031989410519599915
0.06950510293245316
0.03273175656795502
0.16970738768577576
0.08444667607545853
0.3421754539012909
0.33697301149368286
0.28442251682281494
0.25224876403808594
0.19700857996940613
0.15324333310127258
0.21310321986675262
0.16295316815376282
0.0750875324010849
0.07691019773483276
0.3361091911792755
0.10087259113788605
0.057277925312519073
0.18045270442962646
0.13578619062900543
0.11972084641456604
0.20551201701164246
-0.0048354933969676495
0.1605195254087448
0.14205409586429596
0.19454915821552277
0.21266601979732513
0.0625976026058197
0.10942970961332321
1.0000007152557373
0.22784456610679626
0.29564177989959717
0.11577638238668442
0.13972535729408264
0.19081199169158936
0.21234852075576782
0.17185992002487183
0.03765730559825897
0.2932734787464142
0.34215036034584045
0.13431420922279358
0.303414523601532
0.4641028642654419
0.27907317876815796
0.41015276312828064
0.24767212569713593
0.21186822652816772
0.1580982506275177
0.24916565418243408
0.0800127312541008
0.2889772355556488
0.09193653613328934
0.07929474860429764
0.02376144379377365
0.1220160499215126
0.04722835123538971
0.003194703022018075
0.08840067684650421
0.11650071293115616
0.191925510764122
-0.00697953999042511
0.48162391781806946
-0.17604346573352814
0.17856186628341675
0.15406055748462677
0.22548508644104004
0.20195072889328003
0.20073726773262024
0.19012333452701569
0.13468290865421295
0.16592855751514435
0.23251935839653015
0.21285919845104218
0.25430062413215637
0.26774197816848755
-0.03167509660124779
0.07300882041454315
0.03362278640270233
0.11627081036567688
0.0967610776424408
0.2091594636440277
0.25206899642944336
0.16405926644802094
0.03240155056118965
0.2974008619785309
0.31285983324050903
0.25168582797050476
0.23440594971179962
0.17034025490283966
0.03517245873808861
0.13301032781600952
0.12963269650936127
0.14927414059638977
0.16613233089447021
0.13180145621299744
0.19266292452812195
0.13707593083381653
0.12706273794174194
0.2429800182580948
0.21969005465507507
0.28625720739364624
0.12898887693881989
0.03674579784274101
0.058903176337480545
0.10858882963657379
0.27450573444366455
0.18502260744571686
0.1565263271331787
0.2850688099861145
0.02294316701591015
0.22688819468021393
0.06457213312387466
0.051616739481687546
0.1717105209827423
0.10699218511581421
0.19679315388202667
0.1523003876209259
0.1443231701850891
0.1547795832157135
0.20453940331935883
0.230389803647995
0.19422601163387299
0.29186221957206726
0.2502177357673645
0.27382025122642517
0.2803156077861786
0.35000115633010864
0.18488064408302307
0.2755835950374603
0.14282187819480896
0.09773615747690201
0.24406316876411438
0.19751854240894318
-0.07856052368879318
-0.07458992302417755
0.05914050340652466
0.1873372346162796
0.17298896610736847
0.17333365976810455
0.1612449288368225
0.20906800031661987
0.17369882762432098
0.2386799156665802
0.2593914568424225
0.17754334211349487
0.20409300923347473
0.18027716875076294
0.3859957754611969
0.10548912733793259
0.2364274561405182
0.2507156729698181
0.10066387057304382
0.0035909509751945734
0.19003786146640778
0.1437358558177948
0.3161972165107727
0.06878853589296341
0.20043812692165375
0.05028532072901726
0.4124889373779297
0.3841046094894409
0.15444090962409973
0.11617933958768845
0.12818966805934906
0.23356613516807556
0.2530137002468109
0.168969988822937
0.17653965950012207
0.1529540866613388
0.06786996126174927
0.1543084681034088
0.1790386438369751
0.2119957059621811
0.2716391086578369
0.3454693853855133
0.18475067615509033
0.1083783432841301
0.11261875927448273
0.2340037077665329
0.22775450348854065
0.1612071394920349
0.28961682319641113
0.19274838268756866
0.08610512316226959
0.09032081812620163
0.03574564307928085
0.26400622725486755
0.223384827375412
0.12453620880842209
0.15329207479953766
0.26779142022132874
0.2609252333641052
0.1426304578781128
0.19288788735866547
-0.005540757905691862
0.13722920417785645
0.012768217362463474
0.08887320756912231
0.26183533668518066
0.07853227108716965
0.044682759791612625
0.3493290841579437
0.21749833226203918
0.19823405146598816
