0.03334817291919105
0.0325659741790028
0.00020752856974815304
9.449548618402427e-06
0.0005192123834792075
0.8250454914975781
0.005436278892361918
3.459501063535687e-05
0.0004825804959378335
0.04315543621683367
1.7079691258143286e-05
0.00039210589159012737
0.0036381592197437633
0.05900087273568794
0.004501375685634794
0.016695714026837092
0.0025318495236024458
2.9343444459604375e-05
0.9127551806516785
0.1225259978815877
0.05483898242783351
0.003198352201792345
3.1261583816368734e-06
0.00029176348548369063
0.00018834855803300839
0.002157060165488937
0.0012132928724391111
0.011452328341468627
0.00029176348548369063
0.001594220258119596
0.0
8.182219132328532e-05
0.00016196401652187982
1.7534979932939243e-06
5.331749670745598e-05
4.172806870734475e-06
1.3395481699663057e-05
7.588760347414527e-06
0.7939731358439596
0.02709948969868787
0.1070514385534958
0.0021499642390886906
0.0007884450626134156
3.933931766784139e-05
0.0027605848668069205
0.05729714248363195
9.883495557507065e-06
0.0006363971648749267
3.0234268470483782e-05
8.302198813817666e-05
3.3426014133549096e-05
0.00529843321001006
0.031230382600563374
0.97663847403326
0.09905873907190399
0.14307764131829293
3.269982170754101e-05
0.12212118170758572
0.09650385533569054
2.8758345848197382e-05
0.06972275232367094
0.018795541908512504
2.338490404566467e-06
0.004045908122056473
0.001961906354519075
0.023403216234282744
1.527260614379531e-05
0.0007924435654434572
0.061593898240638226
0.1070621616179116
0.07100636796444514
0.0007871316339287546
0.0043720054344086705
0.0003523942201616945
1.5968795098842123e-05
0.04933388858163643
0.13179788666603642
0.06430382675778812
2.8531671553515716e-05
3.9077837018173615e-05
0.009620989710697152
0.0024435069631359506
4.7207889842842156e-05
0.01608228059736681
0.3188930352868924
2.6994121015948394e-05
0.0001501489800375369
0.00015989184859484544
0.02064013440338861
0.00016852741951732295
0.00016757429445968944
0.0006263159404151648
2.274954860842625e-05
0.00042876662554403846
0.0001249720436663886
3.3073956196511106e-06
0.03117696474978872
0.0001738701913691427
0.02409907716690485
0.27992859364420614
0.003088337398536019
0.0011903400934430925
0.0016030793377995569
0.00013379677544847493
3.067743077275413e-06
0.008014668699811043
0.05900087273568794
0.001828523104485671
2.806960136338908e-05
0.001162888205559703
0.0009535245528055465
0.0038511366788717655
0.15862419197739328
0.0007956946813024569
0.0003493218006968071
0.4506440713503563
5.212342332936091e-05
0.0010621997298279854
0.0012245574693058186
0.0011932446448342144
0.0007376506926350706
0.0015698105460859315
0.002042150961435801
0.1484494122270366
0.00025522061139291043
1.3839179948757532e-05
0.0404220235179559
0.2483634986497738
0.021422413249860713
6.747445582779842e-05
0.0001745423768197108
0.006331033947382108
0.00049086814885239
0.008622541262832196
2.187882575875537e-05
0.016415071907497344
8.753964634581905e-05
2.3069226022135987e-05
4.2613967658562836e-05
0.0071411264407840284
0.0005315132971765366
1.6413771388098512e-05
0.11498471035008685
0.04103678522138874
0.0009905536243015813
0.016125021957146504
0.6591608325540972
0.6256682089798812
0.003635049279566706
0.010145683075554012
0.006457594889862742
0.0002355458880690127
5.4656104432023965e-06
0.05900087273568794
2.2402889367730582e-06
2.8831576924099547e-06
0.002783561398247571
1.1790532508887995e-05
0.7358640524377238
0.0021457307151337
0.8630755734453586
0.876938029206632
0.0031449550761899663
0.00017453070435611103
9.066804124088695e-05
0.0005333969591826928
0.16228450517209403
0.04202454041182723
0.0036547051261009668
0.0006869194296419732
0.002840988521955839
0.9949631553269985
6.879856001376916e-05
0.00016519977770619406
0.0856441258737478
0.0003935879160582544
0.00039831427413097035
6.367289307406644e-05
4.2450909745919346e-05
0.0013352177801750841
0.00024676517772975265
0.05319756741287079
0.017009799588218643
0.0003474037616843882
0.0012353644823127046
0.008774107940699785
0.8932474003369746
6.5405486469160364e-06
0.0002815186718832037
0.00011919683032490759
0.0014430652892922957
0.03334817291919105
0.0017469849208049198
0.0031823358352301716
0.0011822986101661002
0.004641640391465444
0.0010864265247512732
0.007965156496108615
0.007953541084949379
3.6874035786909287e-06
0.0014703322806949226
0.005890137809984183
0.003876631202310508
0.004124211548792297
0.010289099404773377
0.0244044031992935
0.0010070129040960093
0.00012423806110803415
0.023472316287324994
1.0
0.0007923635173763765
3.9568269693886355e-05
3.5958545771461895e-05
0.004119801045838088
0.3354170167404979
0.002497602922918138
0.006911244692825405
6.0521702672623035e-05
0.47000025331726647
0.0002142522289738918
0.045888040401125534
0.010306788921479479
0.963528227455023
0.03804795643083878
0.0014028784816460596
0.018586153397194972
0.00015911798754489077
0.013129374817784548
0.00014915232338560548
0.06740255391804229
7.37445918138457e-05
0.04605160625514013
0.37392392109678335
0.005805265202237893
0.11664360343842504
0.009181300290633373
0.2897932167669639
0.04287766488315493
0.0011160210228607279
0.21453864637235118
0.02451808519370732
0.09744010032267227
0.6196900595834571
2.113076201769173e-05
0.06970617963759675
0.0037134411958021393
3.858144286499921e-06
0.0007089527910936963
0.001003281441617749
0.10462290664510339
0.00040979159509739655
0.13057050936240336
1.81697203417759e-05
0.00013140217390723925
0.0014581738234486093
0.10179567644727146
0.0006143223530786498
0.0016689362506811288
3.8202918922078e-05
4.5398390835823594e-06
0.0058952278191485505
0.0005845585023676402
0.0003321449700290672
0.0031220344328543323
0.000358363244427772
0.43676313525569077
0.0004444214368184989
0.015732357720111924
0.00043756949692671474
4.264290139626402e-05
0.01078527493257721
0.08058321205685257
0.013894698144663096
0.002861792170446874
0.03804795643083878
0.00905899103574186
8.608662838636325e-05
1.3121564491209732e-05
0.3926946043720473
3.485210683407773e-05
0.0001613548361772013
0.0006354664532760757
0.0003485786635504174
0.003109148498774389
0.01697921761715368
0.004840643495668309
0.0008021517368022348
0.0002930448658331313
1.417093643386233e-05
0.03229930594885398
0.05218621999036805
0.0011071578680064429
0.00010551973025832623
0.0023342627171275376
0.05702225125029838
6.914815203826344e-06
6.9376743848006536e-06
0.0008682592729047395
3.7422474202867545e-06
4.214582473098358e-05
0.00012620546794655087
0.5590747448993615
0.4580773979664602
0.02725004480185466
0.19552949227885602
0.003064930062952534
0.0005516617740698062
9.317153663636493e-06
4.037688252059958e-05
0.012660102892267181
0.007619034941463259
0.00037578589543241984
0.0028156896068846538
0.0003525499500376516
0.0001573794017446729
0.403986356337514
0.17525130561412228
0.026273769028186535
9.176925522261985e-05
5.151085185747695e-05
0.015585572269628487
0.00036883699550010985
0.0022994863437810955
0.019532564430479175
0.0014600645879014446
0.002946947013123497
0.033906707463103744
0.001554926030083892
0.014084133671021366
0.001367084711921215
0.0055617318531606015
0.0826567129151916
0.005804356554797168
0.07517663403630469
0.0001320618136425667
0.03334817291919105
0.005242577706388273
0.06022086535771149
0.00029176348548369063
0.005663356920385553
0.004069558105162571
0.024826032378221237
7.930414110841713e-05
0.07010777665674979
0.0003895750627929143
0.07982042884434701
6.886869667472593e-05
0.3655066955694871
0.0004169320282229398
1.6437314616191513e-05
0.01863412215773053
0.005246204844403837
0.00393036505374561
0.0007111322525390069
0.00012252133570722634
0.0031351851368317907
0.0001368132340373759
0.0004725568769779817
0.01763953185204854
0.0061490254844463075
0.00034444052778299884
4.385569874495899e-05
0.03334817291919105
3.6820826563228733e-06
0.016198021136982065
0.00041946006261490206
3.5982476504970534e-05
0.004667705672176666
0.05570275917197733
0.9016168452603555
0.0041268620421727
5.3164044562862184e-05
0.020375964371534026
0.0007535120279225994
0.3405055169260292
0.00022016038760059992
0.025407777252147233
0.7555662935508954
0.0012114366887512546
3.930063625869887e-05
0.05944614444597444
1.3606725819777783e-05
0.0001651089158729604
7.0997058344851e-05
9.272295517091693e-05
0.05080830248706288
9.800691352472335e-05
0.0037220379506891794
0.001004641501940033
0.019474941931270456
0.04245284449343075
5.6220432583042446e-05
0.013206928878178942
0.026328245027082836
0.0007875159228675182
0.007642904285381546
3.969889722371663e-05
9.20757496634299e-07
0.013700924769887138
0.0002595515029058594
0.22586852147718636
0.1251052935420723
0.00256768288073501
0.0020905644981404486
0.009030013984759284
0.0005206744978099225
0.00022077774740231472
0.0008064732263058502
3.848586700791744e-05
0.19212733741884694
0.0007019473917802213
0.003502243074217596
0.053447819443639466
0.032516222587917226
0.023503779427512382
1.666667415966889e-05
3.1070272290332635e-05
0.0004983614047492372
0.017300553728692693
5.283561462072686e-05
0.0021609734971756046
4.3612330789742476e-05
0.0004118700795446333
0.000243560722616764
0.011672174448703141
0.0010811410236529011
0.003222843766613148
0.00022357461231192218
0.00025589924435142703
0.001025049159920316
0.0019967344243626574
2.353818580385432e-05
0.0008134339733520882
0.002200780964309042
0.00012664734783103063
0.00701920840262763
0.00010995991649122846
0.16360640043893077
0.053584342906573476
0.02779931309795564
0.0005443546954227949
0.00017981872333004754
0.0006870953025224466
1.5352516002885245e-06
0.1777025579001407
0.00021034294335316015
0.011097578594877157
1.6907720720940054e-05
0.27755771590494865
0.04113905672769504
3.747104308330719e-05
0.6655059656033008
1.6984001071045256e-05
0.0005089439338676408
0.002065039469111051
0.00017832776258679546
0.012280819199041938
1.9590064135668734e-05
0.003004179925666833
1.7575725479277432e-05
0.00028323263198714877
0.00043673944213366936
0.15100519762467765
0.00024864039830338035
0.00012589766129733433
0.012212545358485512
0.00016285979805509549
0.0012246287266397145
0.003615563658885641
0.20059548818743408
2.3616139886271212e-05
9.175260278001728e-06
0.0024236555082341326
0.022487826825156296
0.16797938384530572
0.012431306305014293
0.00018550779767425264
0.0001403243460182539
0.0005009251551333114
0.00040718461875709867
1.240705544444694e-05
2.1903214949375475e-05
0.022310028133730855
2.4621316199523975e-05
0.06534056600933662
0.013175124820550955
3.7544338288626733e-06
0.03334817291919105
0.002697842318577386
0.0010954434883279054
0.0027854126917262385
0.008493496559817794
0.024124681370749686
0.00698510687814926
0.000745354460394146
2.8930622194031885e-07
0.002513628138430272
0.0009521434180103293
4.661607629017164e-05
0.0016850897759676964
0.06794619614490494
0.0035680841521360802
2.7908013424341074e-05
0.006140373540055564
0.2431294360317905
0.07764444410490261
0.03334817291919105
0.00021988730725830245
7.532404933380404e-05
0.00020507973928001868
0.002157096958491406
0.0025318495236024458
0.00010313282060862733
0.000664461726109558
0.00028566690826126845
0.0010766252647675778
7.633619164816709e-05
0.024382780091462664
0.8086887868681604
0.08142820294596355
3.712257565456216e-05
0.9575043541369481
0.0007259985466901399
1.1793712600280205e-05
0.1725622233601435
0.00012077354437929417
2.343685404730135e-05
0.006365776787865541
0.14089618699630427
0.11993053192938503
0.0022668800589790185
0.001154973634854519
7.980039546173575e-05
0.00029176348548369063
0.0021512785410249926
0.0011398352937088635
0.4815020253296374
8.829311696995914e-05
0.1094716617636091
0.001822813203089831
0.002220742332484059
9.105839927855474e-05
7.707150131023591e-07
1.1636141220814004e-06
0.524522125170163
0.4182672426151714
1.0641642626111504e-05
4.313618697826525e-06
0.0010935254784238744
0.00034883935827360836
0.002626820879058092
0.012584811368657531
4.241680500541891e-06
7.447079191491702e-07
0.001203660441105986
0.004018010642969131
0.0020218458814149336
0.006355936289774782
0.02413967987519925
0.0004137672478428352
0.004066540147491687
0.0002984219710286317
5.963695321847051e-05
0.00021693321339075439
0.8101938609879988
0.002476416208040637
0.13014947073445196
0.0006467986980365636
1.0075795574837431e-05
0.0009416394233228289
0.00013340979398381852
2.289273822696545e-05
7.428991563228482e-05
0.335440295999174
0.07005987682487708
0.03592747603142298
0.0009044099696836001
0.0009805115797321068
3.410870771219579e-05
0.034414395009072535
0.0002861340396723637
0.18809217152618032
0.01755852390676413
0.0005064466670418256
1.5845522894812015e-05
0.1500475735745903
0.020771270252999047
0.0003703712695247496
0.21291261548976262
0.00029289781025680693
0.08844696650255059
0.017300553728692693
0.24330212282454378
0.010842051658463352
0.0001875280071286546
1.8332545387315157e-05
0.08227387939582939
0.11202433233086391
0.051562024374808446
3.876560589397664e-05
0.03287245336929163
0.0019141560233272889
0.0014925303374061158
0.0005043147687025549
0.09344654498712718
8.947577195747418e-06
0.12378652055736913
9.47969581202959e-06
0.009480500055243812
0.00020444079560858012
0.00033538074576757544
0.0008603619925820448
0.00013155620094249665
0.0005367836036963572
0.011425352084645637
0.7257898861798913
0.006280557673868149
1.4628305619322221e-05
0.02302591377438033
0.02823413186966724
0.005025820814158539
0.012541994559936065
0.07347429726100044
0.003992314689485224
0.03334817291919105
0.0003702354497862046
0.3401159395753284
0.00030182276221887833
0.005333512776326216
0.06918388666685035
0.04807117509213836
0.0012129559137392832
0.00014621911478646847
8.462561409119511e-06
0.003587336672845806
0.9721767254126243
0.0885590258789821
0.001187518326307526
0.00010381097327874145
0.00011334936996433772
0.017538348300853216
0.05900087273568794
0.0002274517477180754
0.0009443365483408538
0.06048759692771266
0.002069216639226817
0.05900087273568794
0.47115855292309927
0.00027375269949890947
0.022518229954285207
1.0557087307071829e-05
0.00045973285643937696
0.001861382282962947
0.07881242353052426
5.912646150911863e-06
0.0007994033228045022
3.181253982362993e-05
0.07643681393170867
0.03804795643083878
0.00016475948422886187
0.9922497654732112
1.4786781689762466e-05
0.0024236555082341326
0.009303825646197616
0.0003493218006968071
2.6941169049017518e-06
8.9522199836381e-06
2.628573200776878e-05
0.00046376806494672365
0.00013329561633177334
0.1591045465141354
0.005911077685731196
0.0856619802603637
0.0010392381018820057
0.0074325912916602
0.00011249781862673268
0.005981666225303717
3.6038984357131266e-06
0.004067973677385357
0.2162476301062787
0.008689739257367058
0.16360640043893077
0.003314305814807974
0.00016754325036385612
5.6514452146603025e-06
0.01070297131472484
0.0010363577686697241
0.01914480903200187
0.024563263274865726
0.00032688540450442937
0.0013361631041847258
4.990660246191332e-06
0.034837084199058746
0.0011837498379596923
0.007378031460606376
0.03229076624640748
0.0002988041350550692
0.07789636532707445
0.011745940227045844
1.7180642786377627e-05
0.004910142217193011
4.172806870734475e-06
0.37568289115183756
0.006012038615974868
0.0007590280674541639
1.4366409265487898e-05
0.17468612038571266
0.002632044786807394
0.00097228892584802
0.0004916763723544134
0.01062522350889972
1.4206435022701266e-05
4.35874685878169e-05
0.0017727739046969676
0.013722907424526915
0.026815181319659046
0.008476189876631054
0.006466357213260894
0.0001646185414140237
0.00010540940946769495
0.03952536966456778
0.0011836072068583483
0.3121929308016141
0.01347585685070726
0.00043612997070511053
0.0005916193240519231
0.0008043998940432946
0.0007118963477247777
0.0014786582111397377
0.00022895560347722447
0.4285294909757523
0.3369787837540649
0.05463639549889648
9.494026479776275e-05
0.00014267353847416373
0.03732692535865413
0.00014446473768574467
0.0004093983116667318
1.3121564491209732e-05
0.00019196278647848038
0.3110599075227434
0.0003502539386066714
0.00195751587813583
0.2284538008907814
0.019953008781580565
0.03334817291919105
0.0005813944788056243
0.00018417610347610324
0.0018938542034458805
3.7787229309727656e-05
0.00018069979057311434
1.779333052125674e-06
0.0030755620763305873
6.322802230271665e-05
0.8250454914975781
1.8688759115267543e-06
0.03804795643083878
0.016324225792793218
0.0009721290625809626
0.004668479256696935
0.08992557201585326
0.0025556403913066057
0.000584262877578814
0.7066547528459418
0.0004449495211941276
3.695011937113369e-05
8.450540980892913e-05
0.01644413744797953
0.09876149632243754
0.0030589209273277516
0.00010164303147799345
0.710980521981199
0.007907031935423164
2.079838271541728e-06
9.90179927575478e-06
6.677777566870361e-05
0.04911044048603361
0.3268149580722915
0.00012735328445751876
0.0013963159373480635
0.001109089034901863
0.07798859560384613
0.0006048833760923678
4.3056498217849235e-06
0.18857578992825538
6.488803000944925e-05
0.003976576599112613
0.009090950648595476
0.0005053449145549141
0.00012129738620736761
1.5062016052774121e-05
2.2043357283542848e-05
4.805740114863536e-06
0.006315579023408246
0.0004668162953411587
0.03334817291919105
0.03817344013009522
0.01523364300940351
0.1626346925863793
0.010805486865756385
0.12361644932793063
0.0056296671049474705
0.0042784166109508664
0.009091500214961471
0.16360640043893077
0.055966353556350254
0.0010323484957361117
8.691548245840239e-05
0.026991517605669892
0.006095321207133443
0.7162441978430937
0.0027018315649400344
0.05535367089042403
0.01369408872317522
0.5236770374083366
0.01865570800682469
1.1418336286076276e-05
0.0007583084498853019
0.05515450058764032
6.50511388617718e-05
6.0091950070306e-05
5.6291231459826864e-05
0.0017028911853173823
0.7604923158375231
6.392814481295753e-06
0.01523364300940351
0.03564705560156647
0.08142820294596355
0.6434580932708444
8.972536609455598e-05
0.10467509868344134
0.0021936275197340497
0.013013638004042961
7.16890459702748e-06
2.573294734562288e-05
0.7683053238838662
0.0007926403963633118
0.0011580590075520795
0.055661260391065844
0.7118316903688511
3.867290659374862e-05
8.73530609531753e-06
0.008819412701562895
3.499041533979925e-05
0.00014403004757310817
0.002199452457479382
3.6686718761754694e-06
0.07428063593668209
0.013382443609046049
0.5624014433658512
0.001277475354407682
0.00033705680675030623
0.0019472315353443992
0.003720828206082679
0.00014846054798989364
0.0038566728614078463
0.0002675887945749754
0.005231440604261135
1.3121564491209732e-05
0.2561085169534277
0.002004544321304488
0.0001505402549894276
1.361608507616635e-05
0.0012488030100309975
6.413051633254606e-06
0.0015436636454546748
0.018244965830754144
0.006058009376756091
0.44695530738432854
0.00022163474200848126
0.006660114287339554
0.0006325547412214985
5.639644947044336e-06
0.0008837554143560519
6.288116612558322e-06
3.179711237797437e-05
0.03804795643083878
0.00402859678152765
9.907826957743512e-05
0.000361203262522633
0.0014428679344214567
4.192556883586239e-05
0.0023372322384407414
3.479528015410436e-07
0.00024172858245741978
0.0011777838991827458
0.0005407965442868614
0.000200291191136278
0.0028159066390258006
4.545677134656499e-06
1.0617350766663874e-05
0.0004701890551537331
0.9696677518917449
0.0026367421820340207
0.0006534910657451709
0.0009520448570084619
0.03481731471337762
0.0001344495310500334
0.08709578586868524
0.0016867979726108116
0.005402394865758904
0.019908616859766054
0.005150666923283587
0.00022922636970267363
0.17184284657586735
0.0030373732684386865
0.00019868883259203756
0.0027649154963443772
7.63873641943227e-05
0.00012604623050983623
2.8522598832821813e-05
0.013488979377765106
0.4385513757742789
0.025355998785786392
0.10474487684549114
6.200544817419232e-05
0.0008761315200137291
7.955249387508366e-05
1.990851200424583e-06
0.0055046030322128585
0.01509185022963487
0.0001562803563378482
1.97312871187417e-05
0.06161538535408019
0.9667872640557061
0.0024168448440365737
0.006658694729472139
0.011873157389026211
0.00019803328258522827
0.00023078358113708052
0.000260682160022084
2.335287117427548e-06
0.00031906124445246444
0.0002124831812456012
9.151537913932473e-05
0.0712804506831928
0.001974348676765451
0.0024119001439452496
0.012805077568148086
0.09115187626787
0.14383062548305228
0.0013849062642754175
0.06399083846620171
0.006549729225387495
0.0005225038435640158
0.00011971316218886947
0.0014591553582929595
0.00352255071577661
0.0011376869782387443
0.001622092354692577
0.21974948934563704
0.000645421172681462
3.7925570562385716e-05
8.5309233680436e-06
0.007841230212045296
0.7698270899177362
0.02514506962570724
5.137936864337279e-06
9.87830698734083e-06
0.000979488827410307
0.0022478790347418664
0.05025584111722863
0.0012079433328870744
0.00010466177507535473
0.0016411747659826593
7.164153988711215e-05
8.142643851208532e-06
0.007626645969898073
0.03871206360512742
0.0006063337306343189
0.0007344568620837127
0.9840332900191339
0.0001358533703879136
7.3707003163153e-06
0.0006018668156241087
9.262153426992562e-05
0.020275818476155175
0.00012921173859964155
0.005772835197833721
8.478540339338359e-05
8.900296139754023e-05
0.019853242925315828
5.133499716974605e-05
4.009854083716579e-05
0.0040522118345681125
9.453502509671494e-05
2.1945836906547472e-05
0.15808280762997326
0.031286803505514243
1.304977865814369e-05
0.0042539380866879
0.05278401033924425
0.004234174189817275
0.03105920106077187
4.172806870734475e-06
0.00020444079560858012
0.00015147595867682554
0.005057748291351771
0.0002684949386943295
0.13692276628205974
0.009692831075290459
0.00027684179807013775
0.002379651077281069
0.0020200791186951034
0.00038817090326276576
0.08958940133830608
0.003004179925666833
0.00021143490086749972
1.3581107709400566e-05
2.3069226022135987e-05
0.0003456990871562245
5.453242562019857e-06
0.2755595447604243
0.0015506819106756587
0.0029399703146806193
5.182390375862311e-06
0.00031174461825417944
8.29364676941464e-05
0.0007777674072829319
0.12443759462556794
0.22938476258890225
0.06867582653351478
0.0002536229101907547
0.0006900761761069817
0.0074003941543602635
0.0028795636563736654
0.0047938176468803355
0.08128830384148654
2.8178715975191407e-05
0.002938421981304561
0.11823404477573916
0.005395012512820449
0.0005854733790034031
0.008495218844920716
0.0761431331174686
0.007503658605999028
2.8508701396812042e-05
0.10647213971563269
0.4959816646122277
0.006729819329118608
0.003163430985107069
0.0005696023215142725
0.015527946044546097
0.00022758554442365238
0.006133122524163897
0.00018648578129526323
0.00027849812356578463
0.14861469198293836
9.777924891947317e-06
0.00034894152871559145
0.002067784273668668
0.46884913719586513
0.21286809875118023
0.00012908780963760656
3.203420457610221e-06
0.8035519099389269
0.0015399133207409715
1.6267676388579134e-05
0.0055961235300508476
0.5983498051779815
0.14572696104848937
0.02250121202630772
0.5532735894056506
7.64023722404109e-07
8.120734212003807e-05
0.06694459933379072
8.493862267087315e-05
0.009160211845673859
2.4898510659985023e-06
0.0038750477060017106
0.17572174932690818
1.005061954810341e-05
0.005831585705295356
0.004287425773479507
8.646195921871089e-05
3.394837871093005e-05
0.00030587721137071246
0.007674659440917645
1.8914764087581494e-05
3.0984380714354994e-05
0.9277848185016087
0.0007185548914864948
5.173312350846918e-05
0.17626523506707678
0.0014254703166305142
0.18416282044567805
0.02922785590972148
0.0006519743440785128
9.324429851006709e-06
0.049818118026993014
1.5219434215236923e-05
0.043554663580334003
0.037831580043457366
1.2553761720114936e-05
0.05900087273568794
0.0035072613603138584
5.7240590619759074e-05
0.0003732548919848786
0.09998464103358401
0.0063620742009082056
0.0011673392273900494
0.0019633133375628626
0.40855377073536725
0.00025125957105826257
0.02113209689954263
2.3069226022135987e-05
0.0004773300704470369
7.17473042485274e-07
6.792098788080173e-06
0.0029686853901709307
0.06399083846620171
5.6988890388469156e-05
0.010312044266287852
0.0011013696068300277
0.004555134453850049
0.10912742084369756
1.4735356264485839e-05
0.00013853365620346346
0.00010028743929327194
1.32591237402011e-07
0.0010844272442278643
1.3983623047256245e-05
0.008001459546190422
0.06737781411688837
0.000367691231130498
0.0012043550836779186
0.003952184235678213
0.21976038380024154
0.0008301295550405386
0.007997116108962232
1.2040700058473059e-06
0.5509922816693661
0.004199853770260924
0.0011229530108195927
3.9568269693886355e-05
6.3797634626316495e-06
0.021154031117824726
0.18691621127916233
0.0008098652849796881
0.003865195797422844
0.002228694511226577
0.005030336573043862
0.48755987861556216
0.5478703572196565
0.006847510829333142
0.003289740663982233
0.0007325833880133666
6.136716671858143e-05
0.00048020283547843095
0.027594744004227352
1.981761895908829e-05
6.176495495655532e-06
2.5855899186827703e-06
0.017326223135326713
0.00014986106897153846
0.012335069782581337
0.006847510829333142
0.0033792056438911406
0.0008762985439442415
0.4814836344172133
0.021813862852079605
0.0006094792994783241
0.0001510093948792969
1.3121564491209732e-05
6.986113926211457e-06
0.001586181103513646
6.50910901243421e-05
0.6382648811317544
0.01523364300940351
7.028602775045772e-05
0.0005596468452907974
0.0006925821754492057
0.0012212457497829418
0.0015410174601157014
0.015671849531747523
0.0002704186538424141
8.140341622180386e-05
0.002770400215250422
3.2502019579497577e-06
3.102129378892473e-05
9.005817451814459e-07
0.00017055483329776218
9.00398379392557e-06
2.0893861582440495e-05
4.11481201770831e-05
0.0004507764674182338
0.034609422140337694
6.823062381027847e-06
0.11613250299217659
0.0041113046566729735
0.000997018480849351
0.0012519282030033821
0.01523364300940351
0.03498873098321019
0.8858901411576716
0.04377213910044741
0.00011140803696439831
0.07509552921830491
0.00035896194575275994
0.0072656274408606
0.3991770284141605
6.88108801390026e-05
4.4392188167631194e-05
0.24607315939571855
0.01165225685954372
0.0302895380225388
0.45113663184923397
0.0004905550008139701
6.9665403545359616e-06
0.7555862046197759
0.004208692008335057
0.001004713807175898
0.00035948819629994286
2.515521497566157e-05
4.845815696402791e-05
0.013300886097395647
4.5906486276724206e-07
4.14072430473205e-05
0.0015875896001936109
0.00467889633373778
0.005657543160261224
0.0014557494440264195
1.4227974831876754e-06
0.09987218671454372
0.0004695591205283896
4.519558723860026e-06
6.8536025378934056e-06
0.019580849890276496
0.0031660081253496366
0.9803867029430251
0.03166492006881306
0.08702491229977714
1.9882363291162602e-05
0.002774175922478487
2.1285071040458144e-05
0.009889949353151645
0.0011857789254724432
2.1281388829372432e-05
0.02332558206760449
0.2464381459802122
0.06836903809571153
0.010359875169497703
0.0018973812086066225
0.07813587938993263
0.0012346839282005781
8.911057994053202e-06
8.751602488893322e-05
0.00905702191150845
0.002389360704059248
3.2145179566384e-05
4.979575288785027e-05
0.0031823358352301716
0.00381319890171823
0.0003115914499163689
0.0002995421491251657
5.018779005880019e-07
0.03334817291919105
0.00029176348548369063
0.0037240471280645185
0.000626026719471705
0.17097459878332222
0.0009590717965290786
0.0002845735680984975
0.00867316005101395
0.0007026393563804553
7.038894045633553e-05
0.2894643860605422
0.03162441609617086
0.0003522491730641442
0.02375863291226074
0.00012885386552301454
0.00034173592190925046
0.008528879319103663
0.00020571574300426627
0.004863009449561656
2.136042702868645e-06
0.003913338276818162
0.00029981297356739087
1.4423053278955914e-05
0.0014668005017585437
0.0037544674893591422
0.0017723335530028593
3.400406305723022e-05
0.002622719623618307
0.2894643860605422
0.0007124598861170262
6.982411401791675e-05
5.70696188641201e-05
0.19778756546694848
4.974725103629634e-05
0.00029927554539920475
0.0002536788565125471
0.00013917316748846857
0.5517316142330068
0.007892427442113967
0.0010765755476408235
0.00011719750613891669
0.00039305173955075354
0.0572219170942799
0.0012934187171326774
1.3121564491209732e-05
0.01490893498219518
0.36706950582768116
5.240196450758687e-06
0.003932436173770676
0.00043327714491951663
9.777924891947317e-06
0.007639920792042089
0.9109405311405334
0.029306605975563223
0.05074425844458778
0.000302202044514901
6.798714863158574e-07
2.0309410632667157e-05
0.0001468199410237826
8.867275339908534e-06
7.089689302735505e-06
0.009928695644891085
4.7064702043577205e-05
0.03334817291919105
2.882785423416173e-06
4.161903931717066e-05
0.000995765422961463
0.5734112510191313
1.3438459324951288e-05
0.0006737364735705783
0.000545641577257573
0.5667316239355309
0.007997362016624305
3.616584843391002e-05
0.03965716871969107
3.573245029025391e-06
0.01015967559411328
0.0001415624858572769
0.0009317396023372661
0.0001873491943009902
0.018274342481687588
5.233540635908348e-06
0.25721411780210374
0.0014620302191282915
0.12447685043053146
0.000315321689842332
0.000184888604044092
0.09452138502280219
0.0016458003217076295
7.384255728765725e-06
0.0002875366855663347
0.8765886912915429
5.158648636522275e-05
9.265923810341938e-06
0.045421501403943465
0.038023619024040986
0.03679147632798687
0.0002551273481176644
0.37332971876424925
0.16544631137354335
0.001532696419880075
0.5773636578058896
0.0012769430202074009
0.001116662571732895
2.515521497566157e-05
1.4365542381306897e-05
5.377646685425749e-05
3.017515189275056e-06
2.579867334671302e-07
2.9422024372363896e-05
0.0005961861972666262
0.00024465988445714087
0.009325184216998043
6.190840927949816e-06
0.0572216860901125
0.24755443263456736
3.334141907473748e-06
1.4104169068819977e-05
9.883495557507065e-06
0.0005984191599291347
0.00029176348548369063
0.0025651096992332146
0.05341364573035878
0.0015484387018605639
0.00025837447612750403
0.0020054795155950954
0.05900087273568794
0.0006642422488638166
0.0004435731019577711
0.0002523753828965922
0.006028491608357482
0.0011028571618918802
0.010367690189515827
0.05900087273568794
0.002798041074788898
0.0005162276675874525
0.0018962066269328616
0.00010256485046430136
0.13465162272914077
0.00013305241574978802
8.582848184102357e-06
0.0011962470004091153
0.515654247771004
1.1616533480893967e-05
8.345960364381012e-05
0.004692611740443007
0.00015994073613254076
0.06774771885462344
0.00014195339695431726
0.3350038918682168
0.14610279737710352
0.9942920807689511
2.9369765719479928e-05
1.2102890982282601e-05
0.06574509901693985
0.01523364300940351
0.08046246394302783
0.3613429572282935
0.02613927989227512
0.00021161583860749024
0.0018502776657968489
0.000804254584970252
0.0012766839555539396
0.0039911200812404995
0.009576143232295177
0.00014958015847286107
0.00012600360127556722
0.00029176348548369063
0.00012398646275610235
0.9185765452841633
0.0005425694779849539
0.002707903807550064
0.14890320873627494
0.041251268864946934
0.2244908722367853
0.7761436082571714
4.6054877484611004e-05
0.008620849716187035
0.31909992559991573
0.0017502649704016207
0.008597833131604456
0.0007296768572518585
7.710285564918148e-05
0.47791588682791436
5.563774451001913e-05
0.00018510889632469824
5.188863871006456e-05
1.7263890956867356e-05
0.0012387429182609449
0.0030296816679858075
0.025120074602207082
2.3989596866139453e-05
0.08391153500426135
0.016198021136982065
0.00021885289702709693
0.0017062073293152397
0.00028130676281835
0.07827738062008678
0.15970465063055925
0.0003769009213442727
4.715641893570923e-05
6.844602588169576e-06
8.434196194622022e-06
2.2390928208047968e-07
2.3069226022135987e-05
3.3733304108878085e-05
0.000258223811111064
0.0020616545128838925
2.0294074150724185e-05
0.0034272724414775822
6.360497592769691e-05
0.000632446166934149
0.03334817291919105
4.8924120401053474e-05
0.00029482132164617537
0.003515911907501977
0.2381272121769098
8.360628081109009e-05
2.9632292451842515e-05
0.0004297700790045747
0.06078899775219233
6.838749863511549e-05
0.0020507384016386723
0.0009253521741016545
0.8637715666464959
0.04664965368929941
0.09722082520557733
0.1654010494602274
0.8995733972990206
0.0006638215162232401
0.039816632386797474
0.028050792804097842
0.024667706965520335
0.0003300960305956802
1.8877167704973233e-06
7.126158082106784e-05
0.00016042916032947947
8.675355977289205e-05
6.886869667472593e-05
5.989923008488506e-06
0.08232068382084377
0.0013328470766204206
0.10447656923092849
0.010217961298834862
0.0030197661866874846
0.07240337684442391
0.0021666871244451127
0.39547637145938525
0.00044064369200327196
0.038047948979091445
7.03732437580907e-05
0.004839485680426053
0.0021632080899078427
0.0002011717198741663
0.0033183993856333196
0.9904017917479816
0.0021455847074593444
0.7772287615111588
0.0187330813623462
0.20372371681538956
0.19319469590019708
3.845219252577757e-06
0.0031391760132641684
0.011002582788375567
0.0006015951179302426
0.05709445868197954
0.00011579259706777642
0.017233758128513948
0.0005185141896839352
0.02154978969294038
0.001040039164720574
1.7138195479533806e-05
0.001920235717684654
0.06636246138019279
0.9526547569709936
6.209208320796345e-06
6.768515535953633e-06
7.534986847398609e-05
0.06165344887947002
8.096290443156148e-05
0.02759247308422685
0.0018483857370084923
0.005740931007350913
1.3121564491209732e-05
0.012767548705629588
0.00014105981310439782
0.05735335473965742
0.003742583815295826
0.00010669193959846274
0.00022409838864612255
0.00017438923759028832
0.12357345274580468
0.2891748707730627
0.0004732943670970937
0.02623760010955677
0.2720824402257146
0.005441514676333536
0.0007989694331725364
0.9953591709873972
0.0029387375162307997
0.000554156595791027
0.004010032150243834
0.0019148505494656694
0.00025316916863815295
0.082216813914734
0.0015791988162602664
0.0004859763387021152
0.00023170700108473007
0.0017325646253751727
2.3126992357260425e-06
5.9670387840670735e-05
0.011344026508631052
0.000692630029639126
0.0044284398456515845
6.5247787228825654e-06
0.0023860712233448257
0.03555194149857593
0.0007583084498853019
0.0006932790884754047
0.0002847547678139803
0.006816287076528908
5.896337778552168e-07
0.0003622301482355329
2.5301138792844313e-06
9.899965509846482e-05
0.764646933239978
0.019202856280808714
0.0002536788565125471
0.0004042500857263063
0.2389895432820705
0.00026446395090324703
0.05900087273568794
0.012163407605086694
0.0007886778132840984
0.3453570813532804
0.003889445180455243
0.00026782617347935483
1.3845505394774203e-06
0.00033536060276305907
0.0013163024510322904
0.29920820145549654
0.11525770511372353
0.0016605012219979797
0.0002946613128371779
0.0016888993653594276
0.00646877809967652
3.851849751089836e-05
0.226738468268124
1.644827756283307e-05
0.0022238385335019662
8.047968421176782e-07
0.3661162783085218
1.8256974554168172e-05
0.04142085200493497
0.0007675846527657237
0.00023191924489604618
0.06328696131638342
0.005064945282075255
0.0026338106180588076
0.00014099324222097465
0.4624323481442832
0.012431306305014293
1.9903072089971243e-05
2.567212173028702e-05
0.022370335124917196
0.39440543613931406
0.0012508053178267612
0.0011513180870522392
0.866715424141876
4.157247072877091e-06
0.034268936901083236
0.0005657360871994363
0.0005870778915683577
5.8383869860742904e-05
5.311988651284611e-06
0.0028127908771711373
0.0018088882159907915
5.655127027779775e-07
0.003222526834484284
0.275914247933595
0.00027657295299829854
0.810276485962455
0.05900087273568794
5.49239886427966e-05
0.00040405558347749414
1.3927925966036309e-05
0.01557738652518042
6.023913299582798e-05
0.00537554482290641
0.0036310011178266864
4.691374167933289e-06
2.9569963490599115e-06
5.131058614783492e-05
1.1564772228960914e-06
1.58653839118193e-05
0.00011336345842414393
0.001859878427203798
0.00031318987882822543
3.7601659697491954e-05
0.00023027213220521057
4.006424024042169e-05
0.006382874356392677
0.011423633525416383
0.08227643534516547
1.433120267016638e-05
8.477704928601916e-05
0.04389539100137686
0.0001445449458489596
0.003157166394268941
0.00033623001209672013
0.00021314415996677801
5.623881089153448e-05
3.3546864883550005e-05
0.000248531008981166
0.025033882103713986
0.048203667159763854
0.0019093123875592026
5.4763991943343426e-06
0.28611876015582033
0.08342251408536804
0.0017009643264633905
0.0017057938737716706
0.03334817291919105
0.39790754873808176
0.0021508176970257116
0.23326593067113305
0.07064243207632581
0.0001954374693117396
1.3121564491209732e-05
9.934263315141655e-06
0.0699881910155094
0.9094048154356513
0.2894643860605422
0.03754593966459232
0.8239689226565213
0.5079857440089912
2.5146348117219725e-06
9.154505514092067e-05
2.1737448137371e-05
5.951661851698159e-06
4.0690110607086565e-05
0.00035549193481577946
4.319209299176255e-05
0.005000135106827219
7.873752450413453e-05
9.99621676112378e-05
0.0008212124332348471
2.517317848962419e-05
0.034291053687175055
0.00018033449485753983
0.001201048603664887
0.002914147448624905
0.007772832951923625
0.004641303199898512
0.00035908096995141206
0.056390376609109526
2.9034750004552967e-05
0.0026749323871285468
5.88998799974238e-06
1.018747473795932e-06
0.07902495481628054
0.06388120835940159
2.3148637172671636e-06
0.019387965136370297
0.0007583084498853019
0.05900087273568794
0.7251903483962648
2.348963284206438e-06
0.01320692422083686
0.010377245192536794
2.432324249699782e-06
0.0053059408454505935
2.5814396253877547e-05
0.0027959408463758034
0.09272498484088171
0.055834759424278686
0.00027997933299904687
0.06444001489209203
0.0006009971152065673
0.005679844377099593
3.879313879050391e-05
0.00035584269089153326
0.0018893465949092053
0.0007028694872962155
0.04491329596153486
0.37187486942145215
0.012980825166119427
0.0003583229002019633
0.03334817291919105
1.1719250614789713e-05
0.0005843063072937537
0.4468924146368168
9.643238259943898e-05
0.00039422565173158976
5.5322369679914986e-05
1.5196882491611173e-05
5.024287955927233e-05
0.07659237660908494
2.8051592367570163e-05
1.0527111636895223e-06
8.472498165693163e-05
7.98223298260146e-06
0.00025323806819261847
0.893014428908277
0.9969654696430413
0.6151273248829305
0.0024131110528872713
0.0015689780461882916
0.18790696579790336
0.798337534837404
0.00025879925483401656
0.09272498484088171
5.3777049306279674e-06
0.00044709440187445937
0.0001860522846265359
0.0008460146427726993
0.0010091889307515323
0.020716203703126407
0.0052847210634442915
0.05241948203721175
5.68523356631264e-05
0.03649250104726491
0.00012050832330176462
0.14801636138238033
0.0018033082544391145
2.720283179666744e-05
0.004267794610858295
0.00038089092452500977
0.0042733042465444935
0.0009301938887161308
0.0010525053558451338
0.008785034996698903
2.703737426128578e-05
0.1484281598436357
0.00046019856153945875
1.3691131048691682e-05
0.1682568273021017
0.00019923122374038274
0.08534538532306692
0.0006149160477608967
0.5380478215658496
5.5439854772550005e-05
0.07523300650489788
0.0007750740081385749
4.795195481910026e-05
0.003078776573837446
1.2676343509566471e-05
0.007202825045785277
0.000637899274130794
0.007103307891587861
0.7213771998637126
0.05310853020983236
0.001259467857670748
0.0006364017640002353
0.00023656262950868439
4.2613967658562836e-05
0.010643194329067738
0.00014159443231313913
0.0006971141185982735
0.09903394710851872
0.03898048299590008
0.001114830722657431
0.055465197466921044
0.007956600027230608
0.00320051018124729
1.2798346769805921e-05
0.06674987772416632
0.0059951636683993805
1.9477184251540634e-07
0.034493424515439366
0.010427452271678258
0.000160443568981554
0.024044109352684407
0.16360640043893077
0.02727536583930075
0.00032903121665317807
0.0008233636595437691
0.05900087273568794
0.0003569537289542261
0.017882086227819626
5.023358306784545e-05
0.004495240568906621
0.012254072083449516
3.8386010682782704e-05
0.01357671811383032
0.0012607224291948137
0.09958696363352947
0.00025583549698164273
0.00813333963906599
0.00011445381497714187
1.8863500577713282e-05
3.861234323816663e-06
1.9821224760655426e-05
0.03161578697275633
0.0021226326270646387
0.07002443631454935
0.0023472951246160446
0.0015791792554235107
0.25355000421626184
0.011158647527228555
0.008423037494355226
0.9956665406614926
0.0018695716368511285
0.9216259195218144
0.8250454914975781
0.057339088369383576
0.0017218081445299056
0.005995825476709617
0.8453981211181937
1.3955652615271404e-05
0.002437283124041064
0.008155909118808438
1.2117341477664929e-05
0.00461215429299301
0.5588805225568086
2.68733624235588e-06
0.04646124743554186
0.00010283973552665667
7.046314620841812e-06
0.9806225358426995
9.236560553360356e-07
0.0004764385678468616
1.8550106937269383e-05
0.0011288814579927574
0.004492064261604856
0.001513936296662254
0.0017098917526384445
5.314580088066478e-05
0.2292428217056553
0.000804739239630941
0.00010232434240820874
0.02904121199420878
0.0008317287116620958
0.11202433233086391
0.00029176348548369063
0.0006331146701736313
0.014578865422778944
0.0008257081655492063
0.0009532688065083206
0.00021388373133563409
0.046499813953876826
0.00017365445455126306
6.544848501610249e-06
4.796294272391046e-07
9.369790725564844e-06
1.3121564491209732e-05
6.678180837434441e-06
0.0004549194933948413
0.00010227943544257645
0.6939947706487062
0.008830093849899943
0.03334817291919105
0.008225778564763081
0.053994434917688995
0.008090693289064824
0.0947966749246182
0.001440172031955729
0.00010038511976640148
0.0014016335741068198
0.006925256772221429
2.6435358502872572e-06
2.3885652631760844e-05
3.0848026109179936e-05
4.804801977669417e-05
0.00029176348548369063
0.00015700503876622725
0.0011446922029018911
0.16360640043893077
0.028740861866103418
1.241452902307348e-05
0.0017710648930189875
0.0018758320360813799
0.33174196398956746
0.017084734359424605
0.006692389202252305
0.00497622058669071
0.0012200309985337004
9.328679920123973e-05
3.8612201050513385e-05
1.1195204118362932e-05
0.04082264808408165
0.005781018613610744
8.142643851208532e-06
0.7149075928270165
0.0012267826309203353
0.0029470506389848816
4.6803837616209917e-07
4.6803837616209917e-07
0.00011717218911842815
6.50511388617718e-05
0.004145375442693584
0.02052680636697323
0.05900087273568794
7.356118713796968e-05
0.00011871924900250981
0.001272617164445581
3.791591385465697e-05
0.0003523942201616945
0.011100656166526727
0.011794050570780777
0.0008884712060839132
0.0005318454238839516
0.003653248542363977
0.0007583084498853019
0.00017609676474047886
0.06567846549226565
0.0021338952445609603
0.026240560316185803
0.37966620778654364
0.000304005221828156
0.01595406210683823
0.013175124820550955
0.0013634432525787418
0.027480260946974963
0.23519006125413164
6.809413702345855e-05
2.7796973849823347e-06
0.015328573613115916
0.00013133349266568396
0.04873590821320318
0.00010803545907924908
0.8650862337184172
0.00034732423756829195
0.002208149112354139
0.0004915523706214083
0.2842985367376682
0.1481000892154422
0.0001676717930053938
0.41108185053641483
0.20691038204595016
2.5712358618914862e-05
0.15897461784759329
0.00017680066377980493
0.03804795643083878
0.5054251447825714
0.9083007049364423
0.02454552625327036
0.40839996667036216
0.0003586652730619647
0.0050168437872902824
0.01939140039189197
0.05603386266133637
1.945043847538888e-05
1.6958042585825983e-06
6.446601779369826e-06
0.12290317552472224
0.021048957754520262
3.427271892454724e-05
0.11090066844664659
4.7828138652068854e-05
0.4628136987659256
0.002846755010058008
0.001893736838425346
0.015550178332721614
4.8782315250219926e-05
0.00786807140594783
2.5562501360242686e-05
0.0017899133893028657
1.669046827705168e-06
0.0033838727663942168
0.005050343583171309
0.05654841699247484
0.03334817291919105
2.384154614679935e-05
0.12447869846387066
0.0039855112441678974
0.0004723157430915465
0.0013576623267161098
1.4601826992223885e-05
5.44774186692956e-05
7.016852383970465e-06
0.0010499629128010968
0.1375389214622443
2.5571262359664002e-06
0.20046764601014597
0.004189784130939599
0.03688488398083758
4.492276887179504e-06
0.00031250979045030735
0.0662428533837104
0.010482271050951992
0.37966620778654364
0.00011147122399771305
0.0011630588971471073
0.00017742179311776952
9.77031311101519e-05
0.0008978250119268213
0.00870832950403234
5.521418107870684e-05
0.0003445830133424026
0.5238220782184752
2.0183870532725176e-06
1.2000408534765342e-05
0.00021021345468901154
0.989761358774978
0.0006402337086339729
2.1578110640572512e-05
0.017211013532709117
0.03062194370474472
0.008325802437779313
0.00027997426813952973
0.0009699816203624843
0.41549885886604804
0.8146882780689534
0.30359906905547673
2.0424628909584386e-05
0.00026782617347935483
5.284546718469928e-06
0.003645385085988173
0.10609740624562419
3.529967376986873e-05
0.000212885444613973
0.001958306927688916
0.016334626569136767
3.290123373051866e-07
0.030297157434189367
0.00023990609172870725
0.00011584950396637384
7.829038265314293e-06
5.7079473247366766e-06
0.003641353690679658
0.0010882811948029522
4.751160312499204e-05
0.0003980237142016612
3.407810916799721e-06
0.00011512121209787913
2.9131022359411587e-05
0.06581105443260651
0.007415479285372601
0.01766510811184087
0.07523339399575932
0.6343597482300926
0.0008127329269347889
9.4428022662319e-05
4.637216982977659e-05
5.1539516342588866e-05
6.0317627402697665e-05
0.03571129338947229
0.00012069276860251268
0.002578860501738286
0.09272498484088171
0.007630562794591304
0.010736189341409743
0.9368856077154866
0.0008637288433918493
0.0010399583598354044
0.0003255733148056177
0.00026347883572716926
0.003886176192045993
0.00011152655176625987
0.9523441085280705
0.00010533797020637387
0.0011169174447784801
0.015451996904234088
0.0010606986684740872
7.003370168882517e-05
1.535194179444951e-06
7.84367614594456e-06
0.017383471184231825
0.00044286498220218076
0.00011676697852576838
0.019223842264242362
5.1625721117999435e-06
0.0002685308293367697
1.3121564491209732e-05
0.012903717279096746
0.0026070609409282386
0.12664138183432117
2.567212173028702e-05
0.6620065058265845
0.002857980368817652
0.9418110934763062
7.482199513417056e-05
2.711932528923395e-05
0.009905032621227149
0.00015283638285395993
0.006855778543001899
9.918597061314378e-05
0.03334817291919105
0.0002212130196827118
0.0011389082497669043
0.0012592291688889071
0.0038930900163707278
0.21116084382263456
0.19467543261323772
0.0010330378987981992
0.014426857228881726
3.309358161750278e-06
0.015777832008226918
0.0023576055485231497
0.05543773777798967
3.0655635867217146e-06
0.007772832951923625
0.0002495513161983713
0.003975569681753901
0.002564708003478409
8.068035658605744e-05
0.00060640225177974
0.13692276628205974
0.001226619623947371
0.018858144037878187
0.005437810226439367
4.134040865339243e-06
0.18959015158255535
0.000908336283711329
0.0034939031717465267
0.0019960141664092587
0.0004707032257198838
0.003988461670378554
0.008676132366732403
