0.8490683559843907
0.8548464621313598
0.8044248096704747
0.8813483437029174
0.7089515304233635
0.8209529842243832
0.8068226783167473
0.844604854106277
0.7370340590862101
0.7919426271887603
0.6955419634835193
0.8695928804125298
0.878943564198128
0.8328247453925078
0.8456161401378396
0.8967362774940585
0.8504102355336609
0.8660174082016331
0.833388473101357
0.8141025733644728
0.6868665764373408
0.6960002019463365
0.8313756301245506
0.8275201040200467
0.6837093910478683
0.8514646701587623
0.8951960145236889
0.7045536958497662
0.8343849413609703
0.735512579944273
0.8566729915425766
0.8627185162189801
0.755607191741204
0.8872045166237448
0.8407273801378827
0.8724445049843199
0.8553305183520008
0.8420614750815446
0.8401741195278917
0.8914974446660782
0.7916623791923555
0.8475552255393086
0.848032504917714
0.790415265426891
0.8821935765619288
0.8445202662382802
0.8538005639672779
0.8574914736005228
0.7979077450979729
0.8673557968373532
0.8983280750178991
0.8395216826547035
0.8659302957133448
0.8362903834832901
0.8890819660282445
0.8915111432548869
0.9085080201196305
0.8002877466265176
0.940941883758732
0.681904618331471
0.7194913332729802
0.924418985105712
0.873841653333338
0.9178261633210214
0.7453032312535184
0.8865018007647871
0.9305158787781422
0.9277268140323515
0.8189364373728046
0.9013302595871092
0.8778850153925822
0.857749394676007
0.7756763613932566
0.7749622171648505
0.7775806071634829
0.8518114661774524
0.8809106107964287
0.892010507515347
0.8316965286986983
0.8662939059932896
0.8834863779884203
0.7069897784826292
0.7919673103482205
0.7888536102588548
0.935449006573366
0.8249815257385142
0.7607487176498614
0.888991496208851
0.7279854916278424
0.8076113935725865
0.8208894648758406
0.6483106745836841
0.8764906919353044
0.90720927344442
0.8409757040166191
0.8437465777732048
0.9286413652967679
0.9208617821750441
0.9013245124212154
0.8765384093773209
0.8825450296740844
0.8232554147290378
0.8838220605894496
0.857553903070267
0.8524370916505286
0.7959085017520384
0.8671309632759084
0.7730623965616445
0.8824897884829304
0.841706193721039
0.9097500253368777
0.8962266409869031
0.8791619103207196
0.9040670267203327
0.7342895551155376
0.8690571926505716
0.778132371149502
0.8802136508612703
0.8124117899373692
0.7877948110259302
0.848998804118984
0.814880251645257
0.6669480615891478
0.8753961402381033
0.8860489823444498
0.8450645059595949
0.7496342735426539
0.8986280156999717
0.837545339089125
0.9085177582928735
0.8873877935981057
0.8451778340762367
0.8404257489839707
0.8756326335699235
0.8606885322844643
0.8922408583046265
0.8577292136394317
0.8539389151003242
0.7390421851972092
0.8312765178742325
0.7881103261058332
0.7402688631216169
0.7758268570964404
0.8674475015952929
0.8617863014699114
0.8853873892812866
0.8888395187880116
0.9219205616712925
0.8813726150294989
0.8654254325136174
0.8299398177955344
0.7919355761020662
0.8373460821533446
0.8191740351711181
0.8645464810013771
0.742620480718265
0.7401921812798354
0.8496124086372696
0.9541425808231617
0.8698919519739979
0.8525379552426402
0.9029081831948493
0.8129533697349303
0.7021683835841631
0.8833068151275523
0.9336598915287676
0.055506236420959434
0.8531474770804756
0.915540830890007
0.8569518043562406
0.8401128780678758
0.8775862492846558
0.9325212017270016
0.8817921987059208
0.7227767671298383
0.8890099234277727
0.8865981972543463
0.852064670083932
0.8295322611732092
0.8740950347825683
0.9094834898214095
0.9420090799651195
0.7307804915389182
0.9087442858460709
0.888418606845301
0.8821343385166155
0.8381720938248239
0.7263255435327026
0.8210414768830248
0.7994371285486912
0.8349700947787471
0.864416429627204
0.8592556904730845
0.911336388567719
0.8332992875087625
0.8523142266984728
0.8781000743901108
0.9202902253126816
0.8946067176806579
0.8699029777487787
0.80990304326312
0.8638230545572703
0.8413876379702036
0.8919117237426133
0.854843985273797
0.8950859940960972
0.8670107792571053
0.8499983534452882
0.645629555195706
0.9220554932696208
0.8385575414498443
0.8677553874580975
0.8512018206268831
0.7774181722105609
0.8149475382957649
0.7934604554010105
0.8975894540983546
0.8785548453718116
0.8090800327165597
0.8023110762075836
0.8971959836913407
0.9374783824383791
0.8869761735176453
0.912831459387639
0.761568138752424
0.8651100759779206
0.8570436641578931
0.8992199287296316
0.8588228707065994
0.9159152883053719
0.8660973884183676
0.8818784705574092
0.9121519622142237
0.8834085457468929
0.8193881060756604
0.879673500103662
0.8822814415786643
0.8662324615506348
0.8667909204186738
0.916158730426153
0.890720036325677
0.8226561570590295
0.8682804484140471
0.8357003072277955
0.8712049916731988
0.8844286316153261
0.849927792832681
0.891958120505539
0.8965303915198157
0.8558035720761532
0.8510650299450955
0.8623767619103444
0.8984984076199954
0.8571578731695849
0.8712856517129798
0.8798995086783783
0.8318103720240425
0.8845181847699496
0.8440413738884174
0.8801962182851975
0.8003548348243069
0.9031689360434182
0.8668814941062873
0.8163541915534707
0.9176274497258783
0.9116960724521628
0.864007277458516
0.8969529798569575
0.7780389112215355
0.8750607351063592
0.8649111277870164
0.8582055899718091
0.7943040215731728
0.8611902832682963
0.7548247100211758
0.7548247100211758
0.8171770951298276
0.8607970038036574
0.8820384392245455
0.8940393592122945
0.8802044325796804
0.901783478519149
0.8587914867576163
0.8582816448880659
0.7199456383338803
0.8772374261653253
0.8843353590794488
0.8529173629305116
0.8250362204407158
0.8907661645163154
0.8987635272052931
0.9087267622188784
0.8908525021881825
0.9470611033672721
0.8388751520660538
0.9266947382224099
0.8422988053570626
0.8621446399681163
0.8108280594026062
0.8888052932828688
0.8436865998183753
0.8707476996448135
0.8784802080357768
0.8288145253278876
0.8114572296605507
0.8024217029410304
0.7162888564348622
0.8952860326863541
0.8581995226380834
0.8608634263613213
0.8498220846483935
0.9079441893082093
0.9013945680562161
0.9036346665006161
0.9147410826369984
0.7587745465492611
0.8488581634673549
0.9157242678057874
0.8954424592119206
0.8634659397986014
0.7263332283436784
0.9193519459650945
0.9118333918055811
0.8687968577502903
0.869612346402269
0.8045454019134105
0.7323165461946262
0.8419934946140056
0.8646458767474127
0.8933010242583069
0.7303251771492154
0.8284421873938372
0.8467062073664692
0.6846036826847369
0.7828299839639274
0.8525446098429917
0.8889492571116919
0.8904504519571746
0.8278857965115657
0.9037824581227443
0.7773628692391202
0.8905517659385627
0.7416373080351355
0.8645689662570887
0.8850997328289146
0.8429780658009328
0.6408428131748176
0.8031778684768611
0.8637699316012033
0.8446996736222895
0.7814025841831528
0.7067205816577773
0.7067205816577773
0.9169904138568277
0.8618849234908771
0.8442649799245916
0.817614661496428
0.7862088457911838
0.7153466319506672
0.8712473234297013
0.7880564796236066
0.8854263712028664
0.7123437711593297
0.8322420846067302
0.740032334062267
0.8836466615256943
0.8768671316428088
0.8212449228457741
0.8670001902281594
0.9041443626598652
0.8762702017960109
0.8744039761783009
0.829264496664724
0.9155724519639002
0.9249282466946191
0.923148858472867
0.8391110042661355
0.8939960753654789
0.8699383006299306
0.8728121297823276
0.7033624561325088
0.8572840880375067
0.8535332626354227
0.8636763738400675
0.8828050831516152
0.8631136102771725
0.7427933178859532
0.8365432025909416
0.8623287721420434
0.8211613504569035
0.8701181666213418
0.838547419165535
0.8149484948123046
0.9115352180090447
0.8521154762861382
0.8858998970258262
0.8795144619239197
0.8200555848714284
0.8835031631125428
0.8532066562775132
0.8933157293167835
0.8604166815717822
0.9037957466063465
0.8480770459319044
0.7894479948088485
0.7924078466822408
0.8264595155825342
0.8543135788498838
0.855287246441126
0.9185195593554704
0.854910621143199
0.9134591382578526
0.8769525880810434
0.8021268974895794
0.8431089597052787
0.8883062374070476
0.910801647837064
0.8843985590453856
0.8704982059946405
0.8838304076555437
0.8839308456953541
0.8727203968087447
0.8996805145331646
0.848688783282506
0.8899324146606048
0.8753267195218558
0.9168958050880965
0.8162098740171625
0.8495556593578596
0.897811800273013
0.8992984850571047
0.8537698633591476
0.8730290822284791
0.857475211084367
0.8957777354177674
0.9057352632630972
0.8940422789055756
0.9122325684468501
0.7195701052502054
0.8574359320747651
0.8792484855931078
0.8487942437249952
0.8822322085422147
0.7934965028274191
0.875284008418649
0.820734120872351
0.7190779198364192
0.8933382608494197
0.9026263956025924
0.839635491996006
0.8740915579947055
0.8771625296528962
0.8500217868576903
0.8344510772402877
0.8060648938651453
0.8514994288995178
0.8761717683238692
0.8624221495813515
0.8714789092450037
0.9164846989657911
0.8862503311324725
0.9157583109992867
0.8900566277109909
0.8921061031332602
0.9028428029893755
0.9108832292391542
0.853889647357909
0.8161868758405632
0.866636524837031
0.8637715562132996
0.8209776966690091
0.8344751965308528
0.8464240539091308
0.751757192219259
0.8462801139255908
0.895235740365587
0.8674568297887951
0.8470786278661989
0.8605482320603287
0.8292334496387854
0.8465541184521486
0.8307102696248743
0.8910743699944874
0.7930149555853145
0.8627090811519741
0.7076149314234688
0.8596568901929633
0.8630288487997325
0.8241594075695663
0.8460562792536422
0.844419364180511
0.7755740001871253
0.8240894378898808
0.7741994175547516
0.8713804549382121
0.7976203754311503
0.8735939986968132
0.8729118849220353
0.8147431105685962
0.8905438624106806
0.8826491606337123
0.7622994147712998
0.9091177771803198
0.811239144409648
0.8925115622983125
0.9079507221119957
0.8671250464384019
0.8761888627547941
0.8970125072034021
0.8778985857890947
0.8991240858843891
0.8448604931885384
0.8539968428600305
0.870114587599518
0.7658078334081984
0.777998440874216
0.8693878209144489
0.8570196868010619
0.8581550081228574
0.8572925843875002
0.8574085188434554
0.8872356074969997
0.8669247821935435
0.8907238190531208
0.8839603778215364
0.8866217942347634
0.84192575010514
0.8518016225510566
0.8831425627258653
0.8965685019434926
0.8480962864605247
0.8075686973441415
0.8582886218196768
0.8143697261864947
0.05774039195070785
0.8470975289435388
0.8874095505797042
0.8922515194296399
0.038380220627339395
0.9107314895960041
0.8753008768324453
0.8668305368911321
0.8544392806765934
0.8375419490513437
0.8849524349444098
0.8947716256564271
0.8636343563619486
0.8401579890086514
0.8009185937542455
0.8423340286378067
0.882671034231187
0.8688121046051064
0.8573036049581059
0.8735072699446067
0.9033369611735282
0.8570719203037368
0.8108758386369858
0.8883958271315141
0.7001005258490607
0.8700019116696885
0.8806898971710113
0.8844735262565755
0.7884639543499629
0.8921409321672623
0.9198610243428323
0.8357232171209856
0.7984589793329177
0.8260870070702933
0.8155263464092758
0.6875738524213137
0.8632178143876674
0.8946045970878372
0.8349242905031552
0.878103007095253
0.9057642175748544
0.7618845984984789
0.8604249841497199
0.6173637984169555
0.8966115606970896
0.8985192665565593
0.9281730116392035
0.057772947642105284
0.8947007018799091
0.8829370107912801
0.9132951828624899
0.87377649142912
0.852908375724831
0.8793705956675083
0.9248995866379983
0.898952399410039
0.8584633451655358
0.9259901098556512
0.8977386902838554
0.8445824600419068
0.8237227017947086
0.8685160718337357
0.8544655913425188
0.8666603940802396
0.8942761755353594
0.8546904280341282
0.9034621321719188
0.8292782284954593
0.8179258653609688
0.8715205270324455
0.8207745034353253
0.8485497317118738
0.9001335914692167
0.9198885521366641
0.9097820436189843
0.83843083124103
0.8828445982356058
0.8557549441429395
0.8027929231994344
0.9212137285601054
0.9036331858854307
0.8816879123877234
0.808866834277886
0.8960697273053471
0.9023367955003255
0.8729243558640106
0.9020380601619569
0.9332728150348722
0.9115130497972391
0.7674910053213806
0.9192412390249597
0.7267344736050135
0.8518295992545127
0.8013473559410421
0.8126470541740073
0.933709597506001
0.7670180120653552
0.6823450263711179
0.9176989440721461
0.8498150979167418
0.8769600394225194
0.8884757119351929
0.9154134812758299
0.8373198436036337
0.8680687375552292
0.8445712899313592
0.8643311029253495
0.8834586890066821
0.8697887227134884
0.8473011043524427
0.9100112602681963
0.920304191787136
0.8020727968624017
0.881405073670957
0.890871861485939
0.9325223001689679
0.8515921786985271
0.8926573364171644
0.8800182970171344
0.8264852737735204
0.8895249908067331
0.857257691953951
0.8826934839467051
0.8588806141946796
0.7998311417429635
0.7946423781920934
0.8257372959560942
0.877378568830376
0.8685903284493292
0.8576283394939892
0.6849255420747489
0.8342045789493348
0.8316326562834645
0.8707083353298036
0.8883547485681457
0.8218095045394916
0.8916456537031064
0.8512257839057988
0.8354238862405793
0.8712509974211343
0.8608641431443924
0.7673929334739618
0.862852716582225
0.8303277642667333
0.8602093708757906
0.8677700474669533
0.8633053893311483
0.8790487607014955
0.8867622515052571
0.861789466799553
0.8674292398407759
0.8558810135813159
0.8457589345405001
0.8473146347678697
0.857637903716306
0.856369624934892
0.8649444413383334
0.840764307049123
0.8215698408933813
0.9070787874245042
0.859906913640982
0.8456730508121588
0.842252737784223
0.8272648322677549
0.8701520388329108
0.8288508909587181
0.8733612986506177
0.855202015213017
0.8578134188748134
0.9362718254081887
0.7169960525167303
0.8315498693098432
0.6032959999309485
0.9161702676512865
0.7633132378937999
0.8994885446489487
0.08096629756823838
0.8063373017876062
0.8283573048397717
0.8364458095723953
0.8202364776369572
0.8414363362665791
0.864592878389764
0.9006413468388033
0.8738129173935786
0.8077685458773417
0.8851248228809587
0.9048783613506923
0.9069871072039064
0.8759205183306222
0.8759901770088558
0.8879949883356459
0.8729995749354568
0.8044247626049764
0.8515002197541617
0.7971510019594603
0.8910931144970438
0.8963600409594905
0.8227909773732226
0.8159016698813482
0.8617789073942205
0.8759530541990463
0.8884592660033653
0.9042868496151064
0.877921336991889
0.8887076739645621
0.8769135079794594
0.025320072007958987
0.8979741942413487
0.8563513740639405
0.9565039664881126
0.919848489006146
0.8677986377898667
0.9081692938931901
0.8596602228234038
0.9111202222054643
0.8386959797580869
0.7973402786131676
0.9140239334721255
0.8960827143099155
0.8417979486461599
0.8739478930464367
0.8672190426707228
0.8645362859758535
0.8625056077886397
0.8964248019813509
0.8276125086610696
0.8026828408206909
0.8244067792516361
0.8217227371300811
0.8708925737391099
0.8675243601102804
0.8347636745131889
0.860960733417504
0.9320175065858891
0.8429792766518616
0.8922440974414151
0.8864182350134071
0.916397036984256
0.8554146910495272
0.8654469785115879
0.8324176718824888
0.8841793500251406
0.9491019864538252
0.7684973162224461
0.8811463610617596
0.7965840115951711
0.8852600751393431
0.8417141783012426
0.8612288906266762
0.8908245623480563
0.8596857903648012
0.8894260514714216
0.8940840692992633
0.8235520646657819
0.8789059312164268
0.8162374389891021
0.8491532884583592
0.8328299892216217
0.8904088440204715
0.8718821321417474
0.8945221913893658
0.8938196078354099
0.8972398197357309
0.722544084921955
0.7732466760519893
0.8914463386467714
0.8133968680575115
0.8853562597762829
0.9165797714522758
0.8771427815115499
0.9039131094450322
0.8153722515204718
0.8568526365135859
0.8885894830417268
0.8143204304775654
0.8237954025808022
0.796168016692372
0.850572666047137
0.8595900112289173
0.8750656056312566
0.7891864906995107
0.8506856981122507
0.8341792905687101
0.8752877786739985
0.8638407384129436
0.8359526771407462
0.8473168985952776
0.8581042327645019
0.8168190477814832
0.8249271798354992
0.8784764180551403
0.8158592452650807
0.8649216672288915
0.9165101465022111
0.9000409208340793
0.8978409127607624
0.8864951606467741
0.8816879159532856
0.8982120578039762
0.8856335875349042
0.8473902534174353
0.8564555494691485
0.7869104610302572
0.8367152041339542
0.8433858054969281
0.9193665020008891
0.8772794605968727
0.9152918408668503
0.8155927661133182
0.8484082161453235
0.8620797152641696
0.8816010393923887
0.8250278992161755
0.7548337655642027
0.7938761946575407
0.8308743902188859
0.8764697062792565
0.8787512863422992
0.8232217537506824
0.8406146504383748
0.8915429718444341
0.8733802897685697
0.9101685598145465
0.8404862100434578
0.8530094530051332
0.8858290127544529
0.8350870947551604
0.8712699642922141
0.7677565927236565
0.8209514307974034
0.858112659615992
0.8775110721772571
0.8633105325854914
0.8885610720660171
0.7267643443129406
0.8780840737463941
0.848387550582586
0.8823577057409241
0.8317308907154487
0.8793916827282109
0.8735446666293457
0.8725111634311497
0.8859914198525075
0.8739272821353413
0.8343868854733192
0.8667098911221619
0.8410754617006262
0.8618246740367751
0.8807225300629224
0.8203602598194387
0.8397383946811797
0.9134101589410678
0.8968205081361105
0.853827383376252
0.9163213000181826
0.8858278328951701
0.887231434026173
0.8684900371375138
0.8079708400743053
0.9045320868510665
0.8443120645409352
0.8208433491285773
0.8661707032838871
0.9106703265152581
0.9001944251789272
0.9093835963293523
0.8180941658655988
0.8483381386663826
0.8105408906467034
0.8236703985357985
0.9141951816744386
0.8276427395368416
0.03595959006317401
0.8469174091995596
0.8649564156411783
0.8191410321900358
0.8830054842555857
0.8746426841507569
0.8979114652523943
0.8486791076708209
0.8794271782827247
0.8768387522662066
0.8217178038417026
0.82080225010723
0.8610400629890512
0.8181266972829608
0.7928585159945091
0.8871195711055245
0.8843123934377872
0.8530846794982259
0.8705504263043489
0.8794765687651093
0.8738869132097308
0.854210526780855
0.90710292469518
0.921783194267706
0.8846872226445796
0.87522950475385
0.8798903610106388
0.8628223013012133
0.9160028185072108
0.9071502030733714
0.8434472495917806
0.8514637606664183
0.9275406838955855
0.8741994396612254
0.8915050233248057
0.8971358446113628
0.8864538145784919
0.8853937187396195
0.9085382577087867
0.8416563488243808
0.8771022952590654
0.8422115170698544
0.8049296496102847
0.8114508536515613
0.8865739918006421
0.8640634425188038
0.882128527590529
0.8599566449665568
0.8792518816800342
0.9174016317599984
0.8733652267167029
0.8747923475856749
0.9096345596740716
0.8533150044872119
0.8812874929647417
0.9131492940568485
0.6937001106431364
0.8863259803061138
0.8030509251160005
0.8387914799688327
0.8597181096771397
0.8097856507965535
0.8588209148218268
0.7908053332692965
0.9372412864076657
0.8407212043770314
0.8353810097119463
0.8550940632496851
0.9115198451205532
0.8225868369920407
0.8543476922903234
0.8593004381650199
0.8130868711617981
0.8403226425967957
0.8930794084343471
0.8386113263012158
0.6865383443651002
0.8059015612636566
0.8134485793155776
0.6678195879862102
0.861705808817506
0.861705808817506
0.861705808817506
0.889279303306532
0.8906071914161448
0.9034505860557493
0.8904759227957588
0.8733253898512575
0.8816696734626843
0.7740059746372631
0.8998141051467116
0.8556240771535621
0.8739730052701992
0.8981844239831313
0.8829109082197958
0.8411074872061504
0.8882261065236614
0.7124816958272338
0.8822044383335875
0.8468180030081055
0.8337879333859437
0.8547755238385928
0.8791540815277477
0.7801629595730962
0.8219247035255569
0.8598804285429522
0.9008492988867741
0.8616670475240383
0.8587214040742359
0.9008588392935085
0.7993684204980404
0.9134445014118104
0.05400923773966243
0.8572971669954571
0.7423547213498164
0.9017139199937478
0.9133040418169845
0.9069860440617051
0.8395446768328626
0.8729475097342101
0.8891001448551902
0.8578872933476344
0.9320151523311757
0.8936395600467729
0.7140486460785521
0.8572238091337567
0.8765342750712187
0.8788640228344032
0.8774159701989122
0.8939785642767422
0.7359404851990258
0.8845877747584984
0.9056641186407494
0.8700135509368968
0.8916664514844256
0.9090983979360778
0.8671232033677923
0.8572299426473393
0.8304620754900655
0.9144491894061648
0.8703466091611572
0.8911594294362345
0.6730652657123749
0.7941722671213975
0.8531545557487239
0.8219276839026223
0.794217919655905
0.8323637517826125
0.8667259956025658
0.8413463471372356
0.8543226950338471
0.8994797928039483
0.8824166314050491
0.8806623623810098
0.9347204750627188
0.9058304795783514
0.9123275944915502
0.8514514167439841
0.9097520572532759
0.9058347175862871
0.9028796752873608
0.8498762021354158
0.8530892816165663
0.8548573404068903
0.8507602591430234
0.9002497289782917
0.7968781681899814
0.859906913640982
0.8923285190273202
0.8470102502242559
0.8376062566605617
0.8666425540598726
0.866649150922525
0.8841793500251406
0.905565333354702
0.860144023659857
0.8937450332284721
0.8897405791545003
0.8389587210450058
0.8846722498233843
0.8153156528059283
0.8297701093446995
0.8463478986622819
0.8258910703571655
0.8599123706310035
0.9146880570722177
0.8724039089699378
0.8576775288484652
0.818335209908525
0.8942667492186455
0.8712676048918544
0.8690853271222267
0.920613326411189
0.852813343091671
0.9095361401916398
0.8852705124540668
0.8807916018739324
0.9196954136845801
0.8738226430236109
0.8426802773885783
0.8231384519714855
0.8035347175516087
0.7879644756883034
0.8557799256509829
0.8693422250717401
0.7998680248284318
0.8767371520268769
0.8216960107340873
0.820495292508065
0.885722596571671
0.8166365807203685
0.8835330934015222
0.8241138021559018
0.7508211592622578
0.8713400948141101
0.09653953632266002
0.8741108258634833
0.7849194783504112
0.8104467408101439
0.8947296551226719
0.8829122042650067
0.8823939810213797
0.867582759107404
0.862992283623944
0.8499965385141421
0.9165913603830119
0.8550603215791146
0.8755129099871188
0.8918986719009916
0.9041790769937856
0.8784072699026343
0.865885977825022
0.8338577752560478
0.8456262763964438
0.825522207431622
0.9129850970943492
0.8751493378391396
0.875803862905882
0.8972950654926275
0.7813912656607628
0.8831989805588164
0.7131705491939915
0.8880500969427131
0.8391466699847188
0.8769276982699469
0.7954625974834881
0.8619083535747786
0.7737483413548244
0.9064012247738189
0.8462631704364293
0.9041703501397341
0.8636883899241107
0.8986725657930671
0.8929202688781156
0.8870012668829046
0.8822948313473035
0.8501259050897271
0.846483921316789
0.8916323002890383
0.8486624026116975
0.9161491186131513
0.8534602256399743
0.875973026375017
0.7670079332754817
0.7392033066493122
0.9161083826959993
0.9015015652575078
0.677426451761213
0.7726289426332849
0.8640885688818727
0.8550940632496851
0.8641416707406445
0.8701505857052165
0.8386057115529
0.8743352837937839
0.865654699892117
0.8823843519830705
0.8364723883372609
0.8968710584177783
0.8749949915259462
0.8776916508897554
0.8164975150825432
0.8163394677005049
0.7829311661488837
0.8679592928712653
0.8373203961516206
0.9034814822056225
0.8396729387951093
0.8688070231750864
0.8775979382156849
0.8737863859540279
0.8467255617124122
0.8130238079271113
0.8356627055443944
0.849012818363003
0.7637566972207291
0.8829509289107277
0.8555223485033643
0.8972315327101529
0.9286922017887639
0.8998317482093048
0.8673130708950104
0.9202353046814026
0.816387831191303
0.8892168254099418
0.8093822588293482
0.8467624075147336
0.8616404334242639
0.8762316464185227
0.8448138688062141
0.8418196085109334
0.891975439115616
0.9086188743233946
0.8887850943336761
0.895920978000258
0.8838188654680116
0.8396032737151841
0.8558258291346433
0.8465501280858827
0.882146639383909
0.8413826499386214
0.8513929166289584
0.8817148715223688
0.8316397421290894
0.8339803778133674
0.8838491792712969
0.8724459997058741
0.7059526592494914
0.8336022969799786
0.6665521416499685
0.7917926022222105
0.8814737413807862
0.9206556322230065
0.9337121005090518
0.9058164158881328
0.8348365038935707
0.8593571096542548
0.8207160973437408
0.8327911330244536
0.8431043391029223
0.8680285424562997
0.8835147095335788
0.8126903427151355
0.8668249400468373
0.8812734828710292
0.8233550244750056
0.9298675166329486
0.8553062892182923
0.8649872038719941
0.8758861447045863
0.8356917049137311
0.9162902181012035
0.8535864258172254
0.8441467793233765
0.8813633384477673
0.8500792535914735
0.8812264010493569
0.8640489975657155
0.8273650485370836
0.8707306282068451
0.8813560392926604
0.8666338328831136
0.8571860363436152
0.8624972009439579
0.8524863960003785
0.0
0.8151280476579815
0.8795493217999147
0.8483505065247241
0.9065777846652111
0.883591777614665
0.7840246347754173
0.9143182468382286
0.906025234856429
0.8519125185859072
0.8715033215503106
0.9447890340264898
0.895851416347707
0.8522472328640243
0.9145159305787051
0.8701996883514996
0.8647141505263589
0.8517989386803084
0.8824171825352259
0.8796469353659232
0.8910484118990109
0.878833080827718
0.830951439595038
0.8752536207009431
0.8667661206710963
0.8792297312885995
0.9005368411674209
0.837269646187161
0.8502409672152963
0.8034383323065815
0.8701216727495922
0.7470151870759923
0.8452742411788943
0.8352886844060028
0.8502578667606235
0.8609688781209401
0.8579092185219804
0.8585105517093056
0.8612583653200138
0.8166998904093747
0.8767112338818215
0.8716806405878009
0.8642166783544006
0.8207282397015241
0.7051989228842803
0.868866616224123
0.9483324367860414
0.8418510933953144
0.8738940849308776
0.8939908926800524
0.7947224990210536
0.8875396146913971
0.8765436329001604
0.8851848536079651
0.8999080603682745
0.8636645367474629
0.8679576554823556
0.8227637374238866
0.8875541358052789
0.8657545535836928
0.9029451032129956
0.9248446333784361
0.8489563556229208
0.8738170526211034
0.8469059866884726
0.8852924573243944
0.8701035122988312
0.8795408748444669
0.7224522727596662
0.8666286262603852
0.8022028853161335
0.8650135521464519
0.012199297194920763
0.7756816486745215
0.9235082760293205
0.8855997306991713
0.8746255838887457
0.8704960719848824
0.8523180808822681
0.6240459597379739
0.9040114285553873
0.8751495892546222
0.8645493388306634
0.838926262432024
0.8247254230200736
0.8548014131619915
0.8830707191152947
0.8316567505454526
0.8675996206712406
0.8606839122340294
0.8449488028860798
0.7945858965963978
0.8624972009439579
0.8528005369516148
0.8650146528530736
0.8354740517765811
0.7994952917787855
0.8785648224856167
0.8430477322307327
0.8586494294668935
0.8405467237492044
0.8687006353442247
0.8562403645196631
0.8406028120189122
0.8107955470889279
0.9053608471106387
0.8761309426375674
0.8964500262352326
0.9106585431839965
0.8874156827040952
0.8861958495631563
0.8978542610496439
0.8781452598097436
0.9223503149832802
0.9266780619497728
0.8750912790632177
0.8512979036703974
0.8446528134526665
0.8290895896650786
0.8519603314124841
0.7590121237219474
0.8585214967836264
0.8697962938219479
0.82908489347398
0.8887383596310255
0.8699153461174253
0.8995838385172811
0.8468542421322255
0.8151280476579815
0.8756562726177354
0.8328374560040092
0.8649697357794548
0.9236189101059782
0.88342327779581
0.8715184146333632
0.8934496097848569
0.8822137635928498
0.8746332138086008
0.8804375383214381
0.8942920167516498
0.8456730508121588
0.6989239725896901
0.9386514336323868
0.8406847306839061
0.7026197506027462
0.9216281052999225
0.8600630003157599
0.9126649207463
0.8074304954759091
0.8937468706578233
0.8669203029558947
0.8951377190474652
0.8657294757518834
0.9269208814763639
0.8667038410929062
0.8742052258638142
0.9066972918471202
0.9204779136765725
0.9162433397875889
0.915490020783765
0.874374212843359
0.9151257976222329
0.8415207727244653
0.8696914973022423
0.8571407243689927
0.8658281429703579
0.8814068246799636
0.8992007152561239
0.9032913117981476
0.858576459598182
0.8946933563892303
0.867968709391882
0.892784422937376
0.6897182522118208
0.8959201796117353
0.7507067334852484
0.7926398800722698
0.7242492342713058
0.8623576396477529
0.8572971669954571
0.9190413711162257
0.7403687762964839
0.7403687762964839
0.8755590283305983
0.8200566368826576
0.8531940637043812
0.8567598028793907
0.7993906523189435
0.8120197645936656
0.8499467950005155
0.8875733236389459
0.8976467800442252
0.8345620925219971
0.8478154350290675
0.8609647142919796
0.866363669494198
0.895248839939023
0.8100898107074779
0.8481605541851492
0.8611543004138191
0.8435133176993753
0.7111016763374871
0.8746071300985484
0.8813382251523292
0.881777771585357
0.860558673705565
0.8714345351780475
0.8599566449665568
0.9044112690268968
0.8421675823753423
0.8692928429845335
0.8746163727331497
0.8506126608999848
0.8517851390601898
0.8664075264181813
0.8765460450269802
0.8374603699395966
0.8385025049215938
0.7933872368602927
0.8870062977054093
0.876948461708388
0.8727599024384406
0.7099078235514739
0.9082806039507149
0.8985096878353442
0.900064389078203
0.8893032735069757
0.8366627809656788
0.7083715250710652
0.9049145851231825
0.8612485163847385
0.9166234027090695
0.9082725585847019
0.8788840583180866
0.8632772291765415
0.8784663577899902
0.8949022305934368
0.8394992171018654
0.7442415284861439
0.9148245234006703
0.8672504073026549
0.04101098200734525
0.8915089287318663
0.872761962097838
0.8586880780928378
0.8676109906769321
0.8807812336309911
0.8686018016352922
0.8677735127802269
0.8478934736348996
0.8351731006084386
0.7663981797275665
0.7739183049017552
0.7607089425187022
0.9186050146007835
0.8163530414659461
0.9243346529223883
0.8723137091505335
0.9149804295632635
0.8632178143876674
0.886911947762142
0.8323900979569164
0.8980351571984281
0.8588806141946796
0.911232791318838
0.9425444210752231
0.7855118264693395
0.8682981975548218
0.7672055521502242
0.8852993250954392
0.791701706307571
0.8265989103111121
0.9270482556822658
0.859906913640982
0.8605913189612581
0.8484148326104898
0.8488054248461887
0.9248589330839813
0.8886658655506354
0.8660749852640668
0.8902703145079884
0.8404397675979672
0.9018407704027358
0.8771035428517474
0.8103697391888075
0.8686152380424912
0.8288961923851267
0.8742325653783777
0.815953327607685
0.8141858967428622
0.8827373839203172
0.82104419538953
0.8756547760342513
0.8816261297919858
0.8793292328092445
0.8686320284912942
0.6776622345480597
0.7158755731368327
0.8854333343116457
0.8249845033201596
0.9226033667032255
0.8074067793222665
0.855830144973428
0.882813391632538
0.9049903030678739
0.8710355407163559
0.9074686007761954
0.8817678872171018
0.7860363062213691
0.8892082154163649
0.8191037334890479
0.8831869338201201
0.8897378031413532
0.8049687255858796
0.8351749478812074
0.8795507537650321
0.8781524378647247
0.8945949255152811
0.7684042405536172
0.8257877841827331
0.9203650829453592
0.884509109194036
0.9133121964067689
0.8656430508408567
0.8692980154837154
0.7764715787776205
0.9326803945035574
0.9149858862986383
0.8888897918606298
0.865194869024013
0.8905162641228752
0.8866298029680723
0.8312025417135841
0.7490511277166193
0.8534637558323129
0.9148580515529466
0.8693205591731968
0.8539504439220162
0.8403798713736257
0.9041331851872112
0.8512267839566494
0.8823404408343715
0.9043064685005126
0.8275231336018243
0.8077852145541222
0.89724603492711
0.898262947682558
0.8696387710380681
0.840416952369806
0.8463588606401918
0.8988497028341635
0.8467290309158136
0.8246269610463134
0.8453756335535197
0.8712767782518352
0.8527917084607535
0.8281777239935968
0.7783407433984977
0.8361697166637778
0.8756174829144432
0.8422265094215465
0.8835330934015222
0.9042912127743826
0.8842880084793374
0.8568663299245833
0.7312626835002086
0.8668120378047687
0.8505742371246362
0.8457831312279176
0.8375665760095226
0.8506833450532985
0.8356361612319869
0.8480670452960271
0.908902566802579
0.8513751275439764
0.8984886580951383
0.8383480009973966
0.8428040683250093
0.8526189457294265
0.8838388513817679
0.8921977197663151
0.8936211627804697
0.8029080624940983
0.7760081247534341
0.7636544561100281
0.8113335073244348
0.8469494921931942
0.8490440704154836
0.8312562017907437
0.9075498131080493
0.8159949667738245
0.8941705498420804
0.8612913896485823
0.8367417711711722
0.8196516867864656
0.8764037363835444
0.8376590719742607
0.8474001996470517
0.8633271842780025
0.7228594124033304
0.8294184434383824
0.8503905649837041
0.8281873462990144
0.7587766890935913
0.7984299320215937
0.8470638540531024
0.9233208652368096
0.9056227540787162
0.870687513422318
0.8584781551330378
0.7264328130877856
0.8995464356803171
0.848838484680534
0.9048555831416841
0.9063007242061284
0.8992728660372876
0.7958494711465623
0.8498265160779777
0.868929622966869
0.8749253420431116
0.8657303818694121
0.6879708445867739
0.8862596143082643
0.8455612159869088
0.8843730689961528
0.8813233420634614
0.8956795930413461
0.8988247757417904
0.8784119320888248
0.8902435839766741
0.8031331543694601
0.8840004887903488
0.83719067582457
0.8790121215699371
0.8996736056120473
0.8854837246640732
0.8977231936883051
0.9028287697806604
0.8373218687692864
0.9111450174620174
0.84816290449097
0.8324800180592093
0.8899461600311427
0.8410271675635258
0.917248695157294
0.9419904870466238
0.8858065413712073
0.9245104630823112
0.8558598052618944
0.8447082096131437
0.8706815657859573
0.7967504375015103
0.8135216665674639
0.6798252765776659
0.8681076817831972
0.8914085782066052
0.8611118621949867
0.8604870337433156
0.8572773272234228
0.8043100912506531
0.8427818202007387
0.9281404739314099
0.8821290208215614
0.8448642284043287
0.8736411528113605
0.8146629623185438
0.9059182374416015
0.8676433040598294
0.9280082932355778
0.7579566888603263
0.8813702215475886
0.8296378487665917
0.8633393557510273
0.8158245995942962
0.8788074036859059
0.8876157249490891
0.8163530130675128
0.8825439233446359
0.893404422854572
0.8550463103819379
0.8681014683604823
0.8859092007590164
0.8760537935763383
0.8737875046404644
0.8602181245937638
0.9044791388258934
0.8374485236670811
0.8902239180381346
0.8971814441110755
0.813421130893428
0.9155886933977228
0.8856541333411366
0.7770885992655757
0.9073622985195445
0.7655242734532228
0.8733132274543324
0.7079659657215318
0.8726301325572942
0.8295889172477091
0.863270501646096
0.7746312288233884
0.9315882726467484
0.7549145377426151
0.8321835945040151
0.8147190355923314
0.7330255339247191
0.8485349226061638
0.8549787173181626
0.8658491521273033
0.7981011327440631
0.004490119455383461
0.8083155222274246
0.8931840932609818
0.8881322328837563
0.9055167508693086
0.8587051893757804
0.832571047614277
0.7007713293869402
0.8800640815804124
0.8052704485432965
0.8951395827894161
0.8683899077081104
0.8899082410912426
0.8512836626278614
0.8154382601895339
0.8675184064162037
0.8849348448008282
0.8967651114206896
0.9098562178182155
0.8919236390155618
0.8117615630903192
0.9122919073110789
0.8742108835609698
0.8845622747158298
0.904546456593633
0.8572403901590603
0.7406817089264304
0.8658912517750799
0.8840673789450985
0.8902651428714133
0.8255176237583982
0.8326798797122097
0.8917641204902236
0.7115393784146811
0.8503647702363174
0.8298584684449127
0.8726334964171553
0.8748571574470254
0.8864939911810578
0.8153643004378333
0.8507108521155022
0.8243061753582623
0.8438107681406957
0.9180543690245612
0.868438628131229
0.8874563314686118
0.9092762174640256
0.8707796733010218
0.873402860823982
0.9099095245318196
0.8621992541666156
0.8633425001632118
0.8331454698314597
0.7950357334056051
0.9093118685180895
0.8642342570256395
0.6975769610623875
0.8963822852905979
0.7890164624389391
0.8786741140820135
0.8646273519385789
0.8958929080321226
0.8622377405062072
0.7582106469295886
0.8862329097615727
0.8949495937478917
0.9027936674454288
0.8072069341200109
0.9175638879676821
0.8437254297505051
0.7835586119988466
0.8931442659230653
0.8999504643628744
0.7718043541728536
0.9249282876418307
0.8267968825441135
0.9300749139279755
0.8016621553076179
0.8460823806624328
0.862545331277342
0.7322412220461257
0.8459136942598048
0.8020759516834827
0.8706076182878052
0.829081281948143
0.8851594089431157
0.9052231510499379
0.8676364729000032
0.9445773063153262
0.9139429349190031
0.8726790232081737
0.8706544965134747
0.8480222389368562
0.8591943216784477
0.8032397405504027
0.8974802720123651
0.8433574509307444
0.9047374762129067
0.8608818830202747
0.7596691533397499
0.8972302237786736
0.8595159389636109
0.8856795098655019
0.8804310807848511
0.8715580292657067
0.7926301025046275
0.8072361738499872
0.8883638783330271
0.864658811529376
0.8905125933109997
0.855492827390486
0.8520987428131523
0.8739719075567101
0.8746574091483381
0.8765738171025016
0.9035543510267602
0.859264230982387
0.8971993816026225
0.8105430630998138
0.8454883126127674
0.8434698535090256
0.8002375271449349
0.8671293981771186
0.9635295030237045
0.8421210355172911
0.8566565535962912
0.8714104156347131
0.8523062214641288
0.8517438394199236
0.8685834606940834
0.904611480137029
0.8151861520706158
0.8846703897069385
0.8708773520752034
0.8495007116773589
0.8741248821904106
0.8760537935763383
0.8974300182563856
0.8574875861122943
0.8333501429170027
0.8980046513480888
0.8787857376286394
0.8853036157186119
0.8668785369050871
0.8914832126079276
0.92015339887398
0.8466670080111672
0.8865751917963601
0.8402008270353266
0.811820299892033
0.8831759632702586
0.8932789557405123
0.917785972991894
0.8906521516735689
0.8531732789602519
0.8639612237698331
0.8212456591232788
0.9178861700386429
0.869651922566399
0.853186065910908
0.8372209717285548
0.8293829796216458
0.8506704720821381
0.8347636745131889
0.8645484428785762
0.8883453603124555
0.8708132902138439
0.8634005074506382
0.8561504124755515
0.860797060842449
0.8660492494353426
0.854771894888564
0.8856541333411366
0.8762596871018099
0.8119542135516621
0.903566243780851
0.8037611806389391
0.7870090192734233
0.8798232638975161
0.6022943459943817
0.8218482121156999
0.8146354542739218
0.905896699017686
0.8678737596916165
0.8960081973094325
0.7195701052502054
0.8797009085713169
0.8438705354425936
0.9009275173105723
0.8871248227250337
0.8633425001632118
0.8764990898578741
0.8721547325715033
0.8661003150019099
0.8284910746732681
0.8050895449974149
0.910879067999502
0.8985579039693977
0.8869744143939018
0.9143746178027341
0.8564587292708568
0.9215533129308914
0.9037881487289726
0.8530367038679966
0.8574346204894565
0.8151056073181271
0.8909680326084561
0.8384272839480357
0.7263885309869678
1.0
0.8163668245898194
0.8872310642268096
0.9201981339286922
0.8539869736185004
0.8428360413151874
0.8750982815088553
0.8697190156047131
0.8905455065683903
0.9004351053170679
0.9053349122028493
0.8674808575126136
0.856388242681875
0.8910313933641439
0.8777995735903185
0.894695115781185
0.8853445288209415
0.8535625079326405
0.8517320675565054
0.8977888417458892
0.8936281701713649
0.8597815466263763
0.8616589622641688
0.9008064302064592
0.885726811634545
0.8885667463692101
0.8579031408594985
0.9038644843864602
0.8879045461044746
0.7335500370075043
0.8834455564562006
0.8309080305004338
0.8909190940634444
0.8461281027451654
0.8433965056074982
0.8609707305344991
0.8493193881126451
0.8952721993696025
0.8556443466844453
0.8776656162951225
0.8571585865286973
0.9071153214227872
0.84642736087625
0.9006963027005003
0.8996950766531584
0.8940183627007989
0.8830272651470052
0.8468929147486257
0.7877179749154949
0.7342375557094462
0.8996094945904223
0.8758529175218454
0.858337338495739
0.906111101025483
0.7144202912586946
0.8628732135227203
0.901467582474071
0.7624312807200876
0.8020046861750628
0.9212517368564606
0.8927103263139959
0.8822372005980695
0.8741589674169465
0.8708698248452593
0.845118904543446
0.8307244632678724
0.857835709632316
0.9073620635228855
0.8623765053582767
0.8773230539713328
0.8281487761819203
0.8460225093133182
0.8896665093110322
0.8618584031168691
0.8790911863476305
0.880194490938291
0.8821500308068084
0.913876198889803
0.815681565082599
0.8470472312065584
0.6782485840829302
0.8816572097402209
0.8671463510836354
0.8108905026056359
0.8172988763837236
0.8560353368443966
0.8539673472896293
0.8222020176184198
0.8711352296531937
0.8237043255995729
0.8889796989148777
0.889069227984145
0.8301686125881003
0.8778000034516875
0.8887686764658442
0.8852913498907171
0.9040161016825821
0.9110757911624989
0.6771223096592218
0.8599796825257621
0.8546798926207275
0.864165482417448
0.886079053416056
0.8505910792112168
0.8290123876376854
0.8618189429020623
0.8683839502258898
0.8520932248052074
0.8763434644523654
0.8124422737155017
0.9212884574112065
0.8860066087541979
0.8762458551351392
0.8776671939928763
0.846178529732384
0.8540408187987962
0.8077666714587532
0.8319398143164878
0.9042748519051902
0.8483875345390646
0.8699899176284178
0.869520228183992
0.8916239722934003
0.7953684559828793
0.7699339565566963
0.8935563349728662
0.8793604343708483
0.8338380916926365
0.8781346852855555
0.7888553796111302
0.8828933050933326
0.01258635802495193
0.8384278933968999
0.8740556477832769
0.8671415060135709
0.8940336908642061
0.8876700479119515
0.8000575036891582
0.9210887055462886
0.88426930315972
0.8946765668001226
0.8787799188681973
0.8746303244946948
0.8725111634311497
0.8727497173649297
0.8718768787952568
0.866981818730199
0.822277700989858
0.9124146260992483
0.942149929917176
0.8770378733781778
0.6829103613515445
0.8745992953735653
0.9014558119109136
0.8990489644830165
0.8704166771515289
0.8568365022855068
0.8524320250008098
0.8692263168628933
0.9202788283516904
0.8586157988457873
0.8797504008283662
0.8298176772291498
0.8672854137867487
0.8713634052003827
0.8712002696857982
0.8856919031561241
0.8477760155519758
0.8989638028552753
0.9145307126423592
0.837269646187161
0.8590520400586922
0.9090477679896954
0.8696546945270913
0.8989872671475263
