0.9703685133632421
0.8100274738599934
0.9955862329788607
0.9778670892758337
0.9887239428589859
0.3502988887613033
0.9800200896616617
0.8637838778900125
0.9996194206288997
0.840339592577972
0.6521747141415453
0.9695828568729566
0.9984359588570602
0.8027657095122228
0.9637382663900693
0.8739665367564045
0.9336999740825583
0.8123389645430424
0.986640799798597
0.9844550165382028
0.8763234466220342
0.9781527175211449
0.7600364511974208
0.935513880334919
0.9848272511775952
0.8257149138130875
0.9349307027989997
0.9226405819398135
0.9956899460729429
0.9997987131501636
0.9986318216312866
0.5906777965846362
0.9541069558686543
0.9915322431047789
0.9617454252478037
0.8920579747040506
0.9995044421470122
0.9367053888123339
0.928331867780184
0.7577801549540959
0.9899095504189789
0.972840342105533
0.9979520240232367
0.9161484998816306
0.8719220774880037
0.6397535809945473
0.9893343599834084
0.9214635575324341
0.9997281405620065
0.8417019892397165
0.9606035083188236
0.8537281781560315
0.8583124161249149
0.990912289144119
0.8743441358661805
0.9464404124278311
0.9840941068918422
0.9858618786989043
0.9165634714684121
0.996223472455201
0.9892304084684203
0.7340407641657332
0.904628299732938
0.8267658731664531
0.992483006072425
0.9530205314055308
0.9640191262172619
0.8437519917941803
0.9119717232409916
0.9972734185197165
0.9472739319149831
0.8948142991923496
0.8837832791374112
0.9253621565810722
0.9920162375438288
0.9956044125729384
0.803900712234931
0.9997897723661909
0.9475887667212715
0.9701540537583527
0.8209757618605722
0.9562460682367117
0.9872591444181419
0.9320619032483254
0.744643878299743
0.9942419563059675
0.834838149383953
0.9021705378240973
0.789614293130343
0.9888549551467977
0.9320936728340413
0.9920233901710069
0.9824344589656221
0.9914137479145287
0.9506350706364151
0.9897703722151387
0.9973188377022973
0.9393587154692685
0.9844593677197361
0.9376265279824174
0.7618403437717322
0.9594978313675456
0.009439188880220243
0.8391114268862694
0.9690633377189223
0.8732065701187336
1.463091461791305e-06
0.9478017958007253
0.9985438443169962
0.8768280644694477
0.9441484126538423
0.9895023871168668
0.9268864410379473
0.8904627600276597
0.9785657817406789
0.9708476201737204
0.963356435309213
0.9396644902811314
0.9997850039480722
0.9620077478495598
0.853120085635442
0.9602718648386667
0.9294023776478364
0.9862866851480556
0.8371955360913946
0.8720125582218063
0.9719246270110595
0.8695047875279456
0.997591710429141
0.986588585620197
0.9691265192589953
0.8354995289770193
0.9521263934030445
0.9962691300586878
0.9862649888456154
0.9595313891100561
0.9535977484188016
0.9839073041120414
0.9537547485853605
0.9930390036250676
0.9628255911621466
0.9948106497718512
0.9376807091332914
0.8864315393500947
0.9151530329941215
0.9763424471875997
0.9941833047631072
0.8981768088339908
0.9898413620398812
0.9452695273587796
0.9751452166084423
0.866199975745541
0.997826197390129
8.594502990970916e-07
0.9956448249164945
0.9983299211591452
0.9932723580867524
0.9755224580868594
0.9994478767870788
0.9376609798033252
0.9972130384252882
0.9702350572611445
0.9943813729307135
0.9849291165096563
0.9535664556748976
0.9754447924767509
0.7630196927829443
0.9513063446970778
0.9869773309073256
0.9256203664222009
0.9584310766291617
0.9874791473090943
0.9473812809278808
0.9978235747601637
0.9614776785704376
0.9066414662574347
0.9009371864776906
0.8747728762602798
0.8311335057422937
0.9061354774898122
0.8146458060184257
0.8967260176213705
0.8114273026039699
0.7423903238968365
0.9671243200961717
0.9736307074087107
0.979590932030977
0.969696941276447
0.007060215767474725
0.9957745854945502
0.9877510067470877
4.801283144195814e-06
0.990552571602288
0.9660530949658015
0.9693806163394966
0.592495279150586
0.9714289499476187
0.8745648540198507
0.949991572611294
0.9392223387110732
0.9157100438356144
0.8152864429926756
0.838515315016203
0.9576768320932333
0.7564811782533304
0.9746044183885532
0.9541809855599475
0.9950693960600181
0.8650083480576731
0.9761138611440336
0.9749423204174908
2.8159068653245994e-06
0.8355020920017581
0.9947668399303854
0.737551154374281
8.030558169233877e-05
0.8940307884902176
0.9289475897697635
0.5382223958330831
0.9826353881840996
0.9733600400752469
0.8242380751164937
0.8617073510097635
0.7733895120604959
0.9680371145345474
0.8433242050837046
0.9599703219978841
0.8568293188795404
0.6923253311481972
0.9808636824320895
0.947088202029259
0.9722347530044557
0.9727511130814865
0.9650620984702787
0.9465194489581488
0.9931617307863981
0.8818267375780743
0.7321286285001268
0.8077205727793837
0.9824817259102239
0.9711231751357559
0.7813117619229355
0.8672918838895011
0.9939998398759895
0.974727443576016
0.920146520448044
0.9667119115341289
0.940421715078384
0.995928128557973
0.9043760504144578
0.9688127573467836
0.9312346423099541
0.9958533239987355
0.9252451515214842
0.9865156288229806
0.8989714657134753
0.7765391714383627
0.9796334901626865
1.6924235847849336e-07
0.9979027901061609
0.6020976811371562
0.9617735589147042
0.9744230992895888
0.9709285044660592
0.9956864293645804
0.994213703428614
0.8984287005211121
0.9495611036656266
0.8482791875613185
0.8409957865163342
0.9858363676619691
0.8868873405170177
0.9531171514776613
0.7694858465676067
0.8714066710945967
0.9966365366747351
0.9972704382583923
0.9190356578420619
0.9501360556802911
0.0001399310137078131
0.9649688162908313
0.9939335588641393
0.9735249677369281
0.900569481835511
0.9574188010677841
0.9707705506158766
0.8827357172819551
0.7093919764369041
0.980273709900351
0.8988185187023173
0.9765129181353439
0.9648317242699181
0.9550035376854265
0.5514376494125273
0.8824517579829854
5.108209667260691e-05
0.9659790056692819
0.9006255703536323
0.9902130602322353
0.802212274984319
0.7458731168855223
0.9865303513139222
0.7876625795943514
0.7572322041070286
0.9956041741520325
0.8847601491942572
0.8825673325171378
0.8809874959891797
0.9808330453456768
0.9363510357408866
0.9424041849112413
0.9930832903083452
0.9930564679564274
0.9924137447992506
0.8904036912482141
0.9226951207220463
0.9436114291684481
0.9526518134745008
5.423881988099849e-05
0.9071887018417841
0.8076513115062093
0.8497823717680181
0.9929600863052028
0.8334856471898048
0.9320727513995455
0.7811466554455749
0.9753656963412066
0.698707679984423
0.9501106042485825
0.8601136264640346
0.9666241726407445
0.9732553732975411
0.9898582899242027
0.5338634060150826
0.8483790859209056
0.8736724445689324
0.8783314274918268
0.9531672794731343
0.8906157070388175
0.9919439960093303
0.9799797369233321
0.9697603016321995
0.7950331830856817
0.9475009086174341
0.962749773314059
0.4552869386379328
0.9979623357274184
0.9984865636943451
0.9419135146868252
0.9743243930345313
0.9324961273232613
0.977497298450727
0.9235811524137307
0.9591738769616052
0.9845994400019734
0.8743022929971888
0.9431357198558793
0.8383546789308287
0.8892259515781169
0.9212182820254525
0.999603684849108
0.9863194680226218
0.6096804792347695
0.9753900748788386
0.974889510186826
0.9519615253465897
0.9939054251972388
0.8661992604828231
0.9830778377802902
0.84833849476167
0.9252994518828112
0.9816558954972883
0.8368828470732597
0.960694585104891
0.935374106078814
0.9834261111186361
0.847039577666131
0.9607187848268436
0.9851141907378891
0.9726267169738144
0.8936823959414187
0.9392107156919088
0.825163863494243
0.9776111444333113
0.9649862210169646
0.993843256946016
0.9030467346534119
0.8774349648855077
0.8806807078884666
0.8217083100940603
0.7556354396947491
0.867342488726786
0.9475574143721409
0.9894028463886385
0.9787583662274486
0.9811428137077141
0.9998150449822202
0.945474390522205
0.9914408086873525
0.9255831727608749
0.8583498482071469
0.896085797883706
0.9676171361087413
0.967551451149156
0.9517666758612136
0.9797911459867367
0.9929300452710549
0.88533021358035
0.9954493793788536
0.9946318340923992
0.9811915707829779
0.9320171397232359
0.8679490315114871
0.7839830893582684
0.9363707650708528
2.6504330462901024e-05
0.9899289817228126
0.9838674282155235
7.115492795012355e-05
0.760694492897804
0.821270450100309
0.8985460632120591
0.9643250798448042
0.8247330965224432
0.8571805128739841
0.9431720790440346
0.9560914522792122
0.8441448498419362
0.9961912856328997
0.7593144530890202
0.9202875464139051
0.9597631938358523
0.9717632756629674
0.9148024350519427
0.00024332070286969132
0.9088143151836819
0.8861710049051331
0.7134543706479203
0.9725137054644009
0.9973904235793045
0.9845787569883835
0.9740249363766759
0.9111968552966998
0.7374538190394326
0.9179922087472333
0.9589633513016637
0.7223431788630242
0.8824913954585972
0.9654880374187332
0.7664533114597808
0.992060106990521
0.9704685309332822
0.978393999477952
0.8972847570144314
2.446601834728287e-05
0.7932300057740882
0.790072299690646
0.9609119057606517
0.9627954905227721
0.9697427776956132
0.9947322092937982
0.926669537618772
0.9808308995575233
0.8992380798915381
0.9712003042988262
0.9793964997821862
0.9170727981287178
0.9291032190161133
0.9859264907644129
0.9669189800909344
0.9046651357629051
0.816165560478088
0.6309624657456505
0.9628010338088352
0.8554442126265055
0.875212941647411
0.7813048477166634
0.9942317042070121
0.8886194087934158
0.9821080607453957
0.9942756928641574
0.9956801708157995
0.993104450163747
0.9990862518780005
0.9770972281705664
0.9960498424304532
0.9874013624885327
0.8779221780067877
0.8411911128435222
0.9980131789856093
0.9561534417147556
0.961608988884382
0.9174055741081778
0.8080444079748712
0.9645946742841913
0.9426465993673517
0.918947859343451
0.9789540501859956
0.9793124564128438
0.9275940146815387
0.9488664047509557
0.7398837453075053
0.9804646254407793
0.8888893012589354
0.9758708506356584
0.7935292240110378
0.8256836210691834
0.828772661931716
0.9862118805888183
0.9025135659025126
0.9794618867156392
0.9205765125518994
0.7678454511295408
0.8099576761397806
0.9058035955887492
0.51920004345821
0.9985706070636875
0.9708961388280783
0.9809791973610156
0.792412102856275
0.9766947140761201
0.9071118707048463
0.9394863302591707
0.9090210261091284
0.9818321481520014
0.9781629696201001
0.9953895357314636
0.9568560085193223
0.9797059701180911
0.9986820092319861
0.9920495568654334
0.9848419140633102
0.6892601919814846
0.9786471428748296
0.9050336152730292
0.8230869789826349
0.9624761853244974
0.9627475679206791
0.9103341888537971
0.9984686225211734
0.8821172534519572
0.8993799999357965
0.9561476600077866
0.00025033916007995177
0.9847935146194053
0.9393022693197882
0.9936560369296298
0.9993440444825438
0.9821175975816332
0.9842267285207691
0.9736952598689929
0.9794834042023999
0.9983488160159406
0.9140911658843093
0.914244708947732
0.9324333034145471
0.8872831192208713
0.8950748932425376
0.9723754213389579
0.5025971268315484
0.9654538240187315
0.9391512296758778
0.9758211398767708
0.9777528856618903
0.8822011776108467
0.9983588296939899
0.984826357099198
0.996324086077506
0.9651042393654029
0.999102941341416
0.9851472716385877
0.9745087520000464
0.9051649255869734
0.9646604188490031
0.8277156824504754
0.9478296910467198
0.9661831535699895
0.9929275418515425
0.9985312676142081
0.9844810044169497
0.9075404322832662
0.9414162878874958
0.9820516742011419
0.9744412788836665
0.9701250856182815
0.9129744619661317
0.9708855887029907
0.9826111288569206
0.8361579879139879
0.7877267148180481
0.7151333306675212
0.831981092062896
0.8091105666609902
0.9409514267261472
0.985259865911416
0.9948684668415406
0.9590062074595057
0.7854821608043406
0.9785848554131538
0.9103883103994446
0.9931951097132292
0.9684308070554742
0.9055608831065065
0.9778871166319322
0.925599325777252
0.9686569492847544
0.8446287250705332
0.9614162255819327
0.8171816507739604
0.998868573590881
0.7991508313416485
0.9534245356306392
0.9546004275387153
0.9361513582321652
0.9962309231085116
0.9330356142281677
0.8611940904045098
0.9418797185234088
0.8825000382164374
0.997379396612405
0.9818004381715119
0.9771500384012313
0.7811821801605594
0.9446441493225096
0.8886867030941163
0.9741549949808639
0.8875334015668777
0.9800341564951119
0.9450533392023222
0.9153322659101588
0.996502782546505
0.9429420028698063
0.00013402264563258792
0.8513818780207159
0.8697610900018268
0.9628407308896735
0.872711906344143
0.9549553766624275
0.9858577063330504
0.950464122846859
0.9835545603817092
0.9709862619305222
0.8855319176667719
0.8346493200264516
0.9953049559150828
0.869378364842573
0.9104942884921331
0.6487207700824777
0.9507981505360753
0.825530614452799
0.9884640044662892
0.8639923173670271
0.7447120070736143
0.9138589439219277
0.9868746907073201
0.97637278624788
0.9854076272678698
0.9591574259190956
0.8693295481620827
0.44872413497852665
0.9965391417346603
0.8294065039101467
0.9156785722760308
0.9030523971499279
0.9912477473587709
0.9287881457889189
0.9983242586626292
0.9650420711141801
0.9424828042049738
0.9351773492261903
0.9600676573327325
0.7493672944724665
0.8402705697257035
0.906614167063705
0.9255946169643599
0.9864683022731523
0.9870358632397329
0.8447221264604335
0.8464026958211496
0.9301768283555428
0.6257870631404989
0.3222966215826455
0.9681433906533684
0.9839062908231911
0.7460038907524281
0.8604442566553413
0.9838093727249282
0.0007239657531113357
0.9387463909775986
0.9398170200557039
0.9942431484104971
0.9948797918345725
0.970214433852781
0.9799236484052106
0.9514191773908119
0.9654363596873716
0.9745553036819303
0.6568300015403976
0.8165583589206173
0.9739909017923535
0.9598810929738376
0.7916926081673867
0.7492503490181049
0.9133109334696339
0.9908803407427236
0.9616645409554649
0.9934335306191651
0.957158803069861
0.9421074700938041
0.782927361586784
0.8634484196753607
0.6865746188970221
0.9256986876898009
0.8908274844085152
0.7045673505896107
0.9442551060092486
0.7418704471114431
0.9935520258094153
0.999134830137585
0.9762610860534491
0.9257514383152392
0.9943572328139875
0.8603293973839066
0.9257694986988638
0.9680217959913411
0.8653561445542072
0.7589366751635647
8.852920242571489e-07
0.9872487135035072
0.9307628669423333
0.9871708690777191
0.8044162378387909
0.9576785010395749
0.8141739710455784
0.7866451779834962
0.9731555345431804
0.9144376510658607
0.8665940258978266
0.8453709293507118
0.9268646255250541
0.9940045486888817
0.9845870421148648
0.9800364214937183
0.9170803679924813
0.9636346129012138
0.9269224425947437
0.936282251309524
0.9674551291031578
0.9502512725830847
0.9870785405818954
0.9769902367890276
0.9903310189754471
0.9397013263110985
0.9348317581230362
0.7820018712351672
0.8719182031482823
0.8336700657605463
0.8475469969591891
0.9816080325004216
0.8551502396494866
0.9239359823269899
0.9575465350681394
0.9656675087556765
0.8897132243046235
0.9960025158806249
0.991163405963296
0.9062431245288421
0.9277671082592481
0.9765350912795959
0.944709834282095
0.9918122684588007
0.8756229660003945
0.9284942324171264
0.9997166963585216
0.9999045124271726
0.9209275873358902
0.9134672779787014
0.7660996140458248
0.9819839626638561
0.9401952748229713
0.9951403858847605
0.924270486858018
0.9291984085628081
0.8633692639345899
0.8807580754724429
0.8330595294256707
0.8933174331396573
0.9922857723779894
0.9660088082825239
0.8789109095037041
0.9921744298149173
0.7939627328232558
0.9830061922980564
0.8920701937754798
0.9859770359964714
0.8461169483653853
0.9953200360373833
0.9895380310423042
0.9664151371114652
0.9960331529670378
0.9965183991158438
0.8995954132243096
0.9856887851211947
0.8986708765563165
0.8427915131746172
0.8970861523997867
0.93670121644648
0.8713055210252534
0.9448188522413341
0.9829563027234893
0.9713378731615512
0.8660188950674826
0.7313703308087975
0.7558881062498147
0.9726852493062217
0.8186707681472098
0.8440291560973308
0.9003317761922928
0.9126837076713429
0.8328627725730472
0.9246339595291174
0.9917631537521778
0.9889443629865237
0.9599768189675709
0.6485343249340358
0.9930568255877863
0.9488666431718616
0.8948477377244071
0.9931213780480684
0.9517564237622583
0.9603302183553944
0.9845705314671287
0.9946950156324722
0.9935423697627249
0.9940931816606634
0.998941232361965
0.9755815864715316
0.9883067658788245
0.8933965888804279
0.8124323659329429
0.9189003539779432
0.9254267686465809
0.9694655537872362
0.9802926047571465
0.993759750023712
0.8562652746213225
0.9526130700772862
0.9778037289200812
0.9887114853666507
0.835975119079135
0.8648810908991298
0.9441969313082003
0.9633346197963198
0.7758825602634152
0.99858938271003
0.8338314171086384
0.893982567861992
0.977024390583803
0.8250224202917965
0.9598942657288906
0.8913771638071505
0.932050161018708
0.9736212301776997
0.9727931943713842
0.8482051578700254
0.9763994893893448
0.9389885074075766
0.9365810523098883
0.9652998041134968
0.8508754720165079
0.8765875573805848
0.8364220986725385
0.9995325758139125
0.9033873189175414
0.9745704434094573
0.9987184876305942
0.45121777923371076
0.8292186878414957
0.9933773228905907
0.961316386827572
0.980035646625774
0.9954219013694444
0.9872558065254587
0.7811186409891274
0.9878786215369899
0.9521724682431165
0.8112250024652832
0.945586448347995
0.9615620199659125
0.8927467727012995
0.9113647632197053
0.9719180108309199
0.9423082204966021
0.9912793977340338
0.9928834935891708
0.7777156593987037
0.9302092535987501
0.8422130444515902
0.9718132844479875
0.7944114409682272
0.9741067147474118
0.9682737472836889
0.9212417068794607
0.9658301714187514
0.8494591326247954
0.9443349174075106
0.9717062334612222
0.964776172198835
0.9923462716828707
0.9279406190735431
0.9769559041785729
0.7107699300627609
0.8705886489663305
0.9082408532996795
0.9004256544240051
0.8770253577691097
0.5720744689519456
0.8802003493682322
0.9997621155411024
0.00017882733849201396
0.9955123821032471
0.8658081905918618
0.9957465710381027
0.9717301947622689
0.8990238587075546
0.9984335746480009
1.589045281243596e-05
0.9889814374373966
0.9007673115822113
0.9506677939057548
0.9598376407637308
0.9033358796070857
0.9570565801064409
0.9522071584849302
0.9911378949263608
0.9751296596443301
0.8717479706214439
0.987271959541836
0.9621893649746565
0.9600895324508522
0.9450931554936135
0.9818951508763949
0.83874253013956
0.8864465002619422
0.9942307505233884
0.9995931943292468
0.9653221560734283
0.8579950778991142
0.9866230970463312
0.9956093598067366
0.8576244526008369
0.9970103806552427
0.9448392968340181
0.9213472677355639
0.9908016618437647
0.6072229557468348
0.8827192662394455
0.9821506784823318
0.937196178247203
0.9475882302742331
0.9130818705842559
0.8314916735482359
0.5950047783960147
0.7945574141678865
0.9748037382659156
0.9519453127249861
0.985270952483542
0.9787057348124633
0.9589563178849385
0.9986596572720546
0.9945609634781097
0.9740400761042027
0.9552134076878767
0.989335909719297
0.9221413285627835
0.9402469525543329
0.9983453589128045
0.9626076744541211
0.7252166276213643
0.9542215767191831
0.9854245551521913
0.9910060481653783
0.9163282096394798
0.9155973899575597
0.0010983381479216564
0.9989454047278188
0.9997963289411043
0.6581530587526627
0.7222261141982097
0.8328115120782709
0.9624922787356481
0.8876889712080008
0.9716428731054698
0.8485382318756178
0.9838585470367774
0.9907889063252971
0.947288952432057
0.9609426620575174
0.9502332718046865
0.9668927537912814
0.8413844125930098
0.9433994133778445
0.6886354099974794
0.7275771734058096
0.9638136670015716
0.856827053880934
0.9474391576027967
0.9734299570059126
0.8848821610928699
0.9507086234858964
0.9734561833055656
0.8000924747096425
0.9894000449429937
0.9892503762192925
0.8857450063514521
0.9821454332224012
0.9405903978693336
0.9773325496047253
0.9982663819877132
0.9823913047816476
0.8224713165982819
0.6951555661173363
0.9627893511844443
0.9347587417205934
0.9248491940019511
0.9534621465285505
0.9952401054286683
0.8942223596881371
0.9675187278798162
0.9774713701772064
0.9633522033381325
0.9889233819468013
0.9528239533685865
0.9553464465533889
0.9735806390184641
0.9262708978640471
0.9782831933619183
0.9090576833234161
0.9934813936160317
0.9854687822302424
0.7429370826393741
0.9860182828131983
0.8965346252391304
0.9875895957937691
0.831044753560059
0.9947406732359589
0.9732758178902251
0.7732388300479444
4.94370412847286e-06
0.9726832823337478
0.8891922746251535
0.9777057975329679
0.7932453839225211
0.815115554808346
0.9968604139054089
0.776340805244624
0.9676883643543897
0.9256771702030402
0.9289518813460704
0.9870955876766698
0.9304449922694943
0.943941105676131
0.8174364631171795
0.9893701827245253
0.9741847379888794
0.899858629904463
1.499826436361112e-05
0.9898095924541652
0.9036753909771386
0.8828273305150609
0.9795304923313223
0.9942805208875025
0.8827756527836993
0.9566295086586831
0.9564756079639015
0.9891899365196377
0.9719053745229053
0.964906469223929
0.9818047893530453
0.9837128122580241
0.954715167599697
0.00014367939082174166
0.9792640569689388
0.734208970114871
0.9684337277115719
0.9848950223201075
0.8266657959911865
0.9364802598719039
0.8194160718991657
0.845615429989749
0.4239982776918539
0.6610945170744209
0.9777422759315761
0.9746553808571969
0.884621328621776
0.884580201015502
0.990009567989019
0.987714587953706
0.8319583824716056
0.9824571089516859
0.9662261289382845
0.8283480939034705
0.9439466489621939
0.9638539601346748
0.949189584288952
0.9675320198453221
0.9836231659973922
0.9982232874089654
0.9204984297052055
0.7878260171253705
0.9962567321715792
0.9991758981386324
0.9755760431854686
0.9643218611625741
0.9960814332004897
0.9715514982932698
0.9483307325805441
0.8956811380011063
0.9208032508334445
0.8839761616503133
0.9405595223620149
0.9596483345644177
0.750519463500402
0.9493956991621336
0.5110599364929714
0.9855508586271108
0.8904861848816679
0.9751046254492067
0.9946956116847371
0.9119554510141615
0.996875196001577
0.8327477940911595
0.8945793949947762
0.8802286022455856
0.9778498633653797
0.9419761597798598
0.8505788764095237
0.7874447224915524
0.8385588864367629
0.9133434183180676
0.6188649889784605
0.8348691441017246
0.8656996494744343
0.7912584436976773
0.97247371035743
0.9799730015327394
0.898188908694967
0.915940537246428
0.9640819501259761
0.9200001896170258
0.6488521400016484
0.9554431858359724
0.9724533849751991
0.8861934164702912
0.9987445351145677
0.9709173582887067
0.9870921901787603
0.9346271929857431
0.9152274203167735
0.9368828335715768
0.9472546198216023
0.7936747203688852
0.8714749190789208
0.988710293262121
0.9876287564275691
0.9598951598072878
0.9942405257805318
0.9807971629993334
0.9999822376425078
0.9774344745420128
0.9719219447758678
0.998924483293323
0.9694163198701604
0.9655461525145552
0.848103769379776
0.8892605226094776
0.9235209511349819
0.9535858273735048
0.9672920492034977
0.8965204988004537
0.7138632625016004
0.9834426217663722
0.7469458321465546
0.7917439878726159
0.990697889144456
0.9280342588843494
0.9921373553640443
0.6614882095953477
0.8648557586778741
0.8489980861979418
0.9295231974419194
0.9233304528311391
0.9990850597734708
0.9827268822067525
0.9161669178966141
0.8794619002173221
0.9473184570191666
0.014105265756397846
0.9707206610413095
0.9802923067310141
0.9928073181097243
0.9795681628344601
0.988053384061041
0.8646953014081792
0.9889420383826908
0.9523556947093283
0.9805221444843363
0.9762986969513605
0.8916996876876554
0.9994859049215756
0.8786644418921928
0.9587991389027003
0.8939836407560687
3.7299810398092913e-07
0.9295375026962756
0.9992660808463026
0.9336522899013711
0.9582781296180037
0.9978140975291527
0.9888650880352999
0.9963605048708878
0.9736445954264815
8.710361889147791e-05
0.950720782952099
0.9678314765031777
0.952055284367849
0.9959474406513538
0.9506331036639412
0.8686584529170995
0.9676399053052582
0.731578651075359
0.9782728220525101
2.3408407568694838e-05
0.9522774926521813
0.6002041423022129
8.001589764042366e-06
0.9162661605987099
0.9655621863204794
0.9570502619524336
0.5921899215753085
0.9808314360045617
0.879659312727437
0.9746087695700865
0.9763065648412563
0.9184230353242595
0.99661644971341
0.9706880569824228
0.9291227695304
0.9836483194029685
0.927685925940777
0.9903715505294562
0.4878199778973179
0.9502507361360464
0.9870808055805018
0.9716821529497227
0.983687539641995
0.8754621510993407
0.9456527293598451
0.9061844133807555
0.0017282594528806382
0.9064644387347772
0.9603240790170666
0.9923047864452379
0.837341151659695
0.9717027167528597
0.9963183639757636
0.4016825577380611
0.9064761213591681
0.8475295326278294
0.9296545077558637
0.9583667625897855
0.9845728560709616
0.9614180733439537
0.9997774936895353
0.9381234567556144
0.9105489464848189
0.8818696533411428
0.9189281300134848
0.8231180929108596
0.9089230351167887
0.9506400774754398
0.9143338783665521
0.9589854648406893
0.9502316624635715
0.9695259338816645
0.9583106144664375
0.9789792631967983
0.9987311835438354
0.8494711728805452
0.7336591715057826
0.8634418631004475
0.7525808506531242
0.9933329766020866
0.7809131221682106
0.9925943486354971
0.8877930419334419
0.9982965422323141
0.9515287317970895
0.9705228908998357
0.9316561108664224
0.9832402024172326
0.9729713543933448
0.9833192389475504
2.567387741162766e-06
0.9833421869597467
0.9949895250565296
0.8956760119516286
0.9942536389303582
0.9416421320906436
0.7949923535055402
0.936887303963563
0.9659959931588298
0.9953590178555038
0.9059148189413684
0.9067302780448958
0.796115613998631
0.8912005535210784
0.9747384109376891
0.9279712561599558
0.9325083463946904
0.4284965053189209
0.9263176283616106
0.958613885858788
0.9621106860756976
0.8931405248274528
0.8847230151381577
0.9011415131940778
0.9722534690455717
0.9032410476917497
0.8152380435487706
0.8812037437508636
0.7479611475744828
0.9697754413597265
0.953637087868281
0.9483778803146931
0.9662184398640681
0.9132341619379225
6.929826200277986e-06
0.9744704854446437
0.9985304331410373
0.8310937490562289
0.9615081964463975
0.9821382805952231
0.909359404979878
0.0001614870634202371
1.1526118947864309e-05
0.9940732735150177
0.9799756241627047
0.9619127371185443
0.8509024731841052
0.931309625684871
0.8130184045197334
0.9160436542882452
3.4473135237781375e-05
0.8636157315461013
0.8791318660782802
0.9402225144114745
0.9864664545111314
0.9242725134357185
0.882559106995883
0.7588077490586799
0.9576237238364361
6.781457062601202e-06
0.8428085602693917
0.9753850084345874
0.958282838430896
0.9543961604275547
0.974820546939784
0.9750162905035575
0.9081390475728448
0.9426247838544586
0.9400310624240079
0.9562714004579673
0.9627282558272983
0.9967440645033122
0.8892843647000712
0.863458314142957
0.8674059682929914
0.9616426658373454
0.8527653749326357
0.9238673767113068
0.8750183901881674
0.9190137827239423
0.941015442739391
0.9807250406752878
0.9699034733862141
0.9426141741241445
0.9914400934246347
0.867861829065141
0.8691820848317613
0.9983694990295305
0.9929390456602539
0.9907177972901017
0.9787811354239655
0.9400280821626837
0.9819231653328424
0.8847060276486097
0.9574817441869512
0.9795654209940419
0.9731230496947466
0.979019496724675
0.969940905468446
0.9825709549342704
0.7545376902385935
0.920407114498232
0.9143680917665539
0.9302568185694843
0.984718352428809
0.9861643752233105
0.9944655355105089
0.9701020183956323
0.9895674164189607
0.9246346747918353
0.9806452292770258
0.9199525054358386
0.8070370796472919
0.9991478836821849
0.9615571323373409
0.9896331609837726
0.9313691713061285
0.8873628114086805
0.9713260117214809
0.9682505012453602
0.8793790489525094
0.8559370286390752
0.9713797756357695
0.9951884276973066
0.9956737930565658
0.9677208492028234
0.9744096285084035
0.9911451667639919
0.9764576044851667
0.9536273722163642
0.8390769154601352
0.9392802749912156
0.9514159587085819
0.8041741810140395
0.8867029815515027
0.979648570284987
0.989845772826641
0.9858600905421098
0.7494348867992994
0.9654001197096694
0.9855305928501062
0.7161728458174019
0.993112079632737
0.973538617333793
0.7280373853594925
0.8404977848490605
0.9739780866686594
0.8981252503130821
0.9878836283760146
0.9829656011388208
0.9991128954142389
0.8697168033185492
0.993349904486408
0.9655312512079341
0.9654084644413772
0.9930251156072968
0.9895596081342913
0.9915237791626181
0.9235664299227893
0.784734651659005
0.7612636036002731
0.9997614002783846
0.9872374481157017
0.8401138675852771
0.9846684032490154
0.9922457772710187
0.9020698645965659
0.9734123138588734
0.820367848155662
0.9784414452382333
0.8358863072916739
0.5859461548906578
0.00015130836504174557
0.898477338385923
0.3468747473154777
0.9300227488450817
0.43151479477761706
0.9379179379346976
0.9191949230072272
0.9583100780193992
0.8992522659354413
0.992346808129909
0.9310967754210967
0.8607495546253923
0.9442918824339892
0.9655100317473059
0.7371147249059653
1.0
0.9502141981322116
0.8330102359033685
0.9828772661931716
0.9895745690461388
0.9322723693030404
0.9834906635789183
0.9693942659363614
0.9638015075353689
0.9622063524642044
0.981699705338754
0.9294615060325084
0.6979604092599933
0.7838455801007699
0.980007691774553
0.9797243285278482
0.8698312453533984
0.7475147044281177
0.8904474414844533
0.851277330453463
0.9270128041180933
0.8810528233174062
0.7458977338440602
0.9990029833766023
0.9601109307271599
0.8934765790943695
0.9943271917798395
0.9370228462485876
0.6118628053920278
0.9407261785752642
0.8626029195376853
0.9463284142072677
0.9640722940792856
0.9620538226896319
0.9678752863446435
0.882743346750945
0.9712572272901183
0.7999240303395988
0.9110328813186424
0.9584393617556429
0.9910734616765317
0.9881899992401423
0.9237807107119992
0.9694888594307914
0.938981056754266
0.9932313496909314
0.9982116047845745
0.9807272460686677
0.9466856879348127
0.8975305093632249
0.8752313000571682
0.9906937763838286
0.842470419819548
0.9368713893680918
0.9898439250646199
0.9786600772089765
0.5959148905991988
0.9587365534148921
0.958867446492251
0.9525014294880817
0.8276914231232965
0.9933474010668958
0.8611260212358651
0.3378644934514126
0.9968740038970473
0.7951239618456168
0.9589014214713468
0.8558036917474304
0.7285695408215415
0.9955396812969768
0.956998465010619
0.9076008123776944
0.9924437858333985
0.9372932751611455
0.9516193317413452
0.8555946562181511
0.9168454041896813
0.9869044337153356
0.9872118774735401
0.9272735173787343
0.8253715877085397
0.8152541965651477
0.972213473938601
0.7721686778116509
0.6943718169942984
0.8834627222293803
0.7791919020430326
0.9768359784628872
0.9850526781441576
0.7757967287372782
0.9843930867078858
0.9859962884846256
0.9979404010040723
0.84885622575891
0.8900097603063813
0.8932970481521997
0.9512969866765197
0.7764197225644888
3.236201372273468e-05
0.9391759658448686
0.9696512240677339
0.8618777027470547
0.9362634756631816
0.995408788219618
0.928822895635959
0.7649886322293898
0.8240872142882627
0.6908411610087458
0.9866413958508619
0.9770338678148139
0.9884373609300509
0.9340074178407627
0.9945647186073782
0.8700318765457435
0.9676431835927148
0.6417992919727041
0.9510446181475866
0.9295721929380892
0.9825441325823526
0.951186061350033
0.9765833119078215
0.7697991316380065
0.8925553803190595
0.971569260650762
0.9901235331820564
0.9980627109288175
0.8758719966366445
0.7740840321594873
0.9420953702328279
0.7482195958365174
0.9610397589714599
0.9583463179971015
0.9474815369188269
0.8254776254064548
1.239174534469536e-05
0.9946836906394403
0.9668969857623617
0.9273427190466822
0.9764076553053732
0.9066444465187589
0.8527233532479646
0.939120711799918
0.9989676374772973
0.9662788795637228
0.891442133504018
0.9744792474129368
0.9087152512972655
0.9038852013743621
0.9045775160799737
0.9909422705730404
0.9637740295259598
0.9884779520892865
0.5406999466771165
0.9186839870058064
0.9911711546427389
0.9502779161193231
0.9893219024910732
0.9737905090209142
8.03731779309465e-06
0.937406286670559
0.9945718116293298
0.7696031496533271
0.9240693192186346
0.6848101849826431
0.9553385190582665
0.9182307488636222
0.7416297016016743
0.9501280089747158
0.9143645750581914
0.8702913380966283
0.9477483895177956
0.9776910154367999
0.7702465880732218
0.9823003472060331
0.9938617345662261
0.9941403890000388
0.9636073137074841
0.9927791248375974
0.9376634832228374
0.992216749525721
0.9262347174915714
0.9428080699258968
0.9975557684775711
0.8741243117909075
0.6462000650544699
0.00040868221958564687
0.988055589454421
0.8440327324109198
0.9286257811519765
0.8206022755114235
0.9307308589357115
0.9101303389792219
0.8801453337441875
0.9325348707204758
0.9860390254320147
0.9738502334578513
0.8494113292331553
0.9649239931605154
0.9667373033606111
0.9363729108590062
0.8458586193138038
0.9970231957789367
0.9846297194570273
0.9921805095480187
0.8321628880036722
0.8278934252358506
0.8809265198424866
0.8710091042339485
0.9961269715935235
0.8932896571041157
0.8961468336356256
0.9107863541019047
0.9982530900222073
0.9933636732937259
0.9234991952273153
0.8994115311006066
0.7541494217932768
0.8575114410914232
0.7171053099805174
0.9860552380536183
0.9965583942228146
0.8711959666189758
4.276986164137656e-06
0.9811921668352428
0.9991569436766105
0.9036094079914208
0.7061376502813314
0.9518429109458866
0.8741526242734875
0.9484206768673085
0.8333505221413656
0.7959015716303269
0.8830567510317978
0.999350243426098
0.9250762899148551
0.9090572660868307
4.573943629853509e-06
0.80544323589111
0.9604543760421606
0.42993522647317817
0.9364520069945504
0.8495136118018018
0.7904295138129646
0.858632138559775
0.8951242463700664
0.9368088634855101
0.9594802478257328
2.193446061326106e-05
0.950676436663595
0.8743176115403951
0.9882691549809131
0.9931588101303004
0.9814662912718427
0.9939277771571703
0.6827357442853209
0.8992746178953728
0.8060428644695389
0.9333647542888124
0.987484154148119
0.9859971825630229
0.9627567471255576
0.9656346066706574
0.9879626053011059
0.9644763579096206
0.9613137641976067
0.9305928132311746
0.9791090833800804
0.9078362530223062
0.7286801085166693
0.9877829551484831
0.9926723718769646
0.9251363719831509
0.960329920329262
0.9956358245272955
0.9681726568195721
0.9592009377344288
0.9824398830412321
0.8704286685384474
0.9006434519215776
0.9556934085767521
0.8944971397822283
0.8427532466192146
0.885694878355979
0.9210317176665577
0.9998540864055672
0.973175442688826
0.9230777862760735
0.9958987431813163
0.9821921041147381
0.8338937045703142
0.001891755774211008
0.9548427823895992
0.9847999519838656
0.9719982990709938
0.9030879814701388
0.8175196720133512
0.9291259882126301
0.9874413575955034
0.8956614682763665
0.8755460156530036
0.988647230932501
0.9804251667808469
0.7122199464074369
0.9898190696851762
0.9642070614963659
0.934501187536956
0.9371455138046917
0.9954778706771129
0.8889977827711363
0.8192978151298215
0.9063485065692659
0.9137511776724446
0.9776938168824446
0.761753260535839
0.9833206098677595
0.9572960739064535
0.8725658735392572
0.9267148971961263
0.9495572293259051
0.9822703061718852
0.9573996677900828
0.9839908706395719
0.9919602086309339
0.92701608240555
0.9192998878110654
0.990277314666385
0.8975250852876149
0.9566757623144347
0.9699248716625218
0.989101303547856
0.9750655244206332
0.9981003218267288
0.889508361141198
0.910688124688659
0.9963237284461471
0.8766395927433053
0.9717239958187145
0.6211383323165598
0.9661447678041338
0.7901699330516267
0.9477797418669262
0.985922437609012
0.9003508498647677
7.786958186123699e-05
0.970603596376495
0.9283496897429027
0.9961999283907399
0.9711790848381978
0.9608400814627385
0.816589353638389
0.8493889772732238
0.8815961249568077
0.8774561247409094
0.9168066011872402
0.9871371921247557
0.9902315974576719
0.946330559995421
0.8903207803781747
0.961044825415711
0.8815994032442643
0.9722309382699608
0.9491289061683913
0.8695391201384004
0.9460191822922687
0.8974313262663556
0.9354218498652277
0.7969513388791629
0.8983558033291221
0.9514029051639818
0.986249908723315
0.8834391185596926
0.853881065561963
0.9357129617913755
0.8403702296643847
0.7759792399407721
0.9893635069391591
0.7367381390850395
0.833845781968221
0.949582203915802
0.9278481713672664
0.9865921023285595
0.9722163945946987
0.7291146306177375
0.8524045248915016
0.9979195987800294
0.9808518805972457
0.9539206895358919
0.7815348642856651
0.9739369590623854
0.9672214170101141
0.9710459863674591
0.975098009269067
0.933684417118446
0.7075799775517909
0.9963750485461499
0.9765408133813385
0.9669159402243837
0.9397140818295661
0.998650358856723
0.6644961277446356
0.9681829089185273
0.9583972208605188
0.9737756077142933
0.8926512255232457
0.9991183790950754
0.7067633859489603
0.9472985488735209
0.9924015257278214
0.9939024449359146
0.9981736362553042
0.9644142492636243
0.9682412624352551
0.9633011216590358
0.9814606883805531
0.9946776705115654
0.9962899918879572
0.8959090087819545
0.9059617282546113
0.9143282754752626
0.8785046998852157
0.9107859964705457
0.9859145697191161
0.9947312556101745
0.9080466594717946
0.00012666100725626988
0.9614106822958697
0.9897386026294228
0.9879766721345561
0.9921893311215384
0.9937435374021083
2.708449733824856e-05
0.9302733888224468
0.911721500500212
0.7535946163451639
0.7999673037340261
0.0
0.9697513012430005
0.9663819370003136
0.9809200093711169
0.9367047331548426
0.6905692419655259
0.8462805647120839
0.7474404363159187
0.994599051217833
0.9384730414089429
0.995549814185479
0.8339068177201406
0.8344538148835842
0.0004172405754937919
0.9020569302624188
0.8245843218771391
0.9945725864972741
0.9641274885190098
0.847138105105509
0.9129834027501044
0.731282949546772
0.6539786067158566
0.9035059333182446
0.7561867284344995
0.9267838008379419
0.6629260664738209
0.9812378244387295
0.9771074802695217
0.9945986935864741
0.9953687335074207
0.982864510674704
0.9119372118148574
0.8098676126425634
0.9714352681016261
0.9171113031050264
0.9172773632660108
0.8570982576614362
0.9878607995742712
0.9907026575625748
0.9754289970917326
0.9754657735164732
0.9784842417908488
0.9533009143909114
0.997682966030888
0.975394187639466
0.9905681285664004
0.9380596791632765
0.898313662433998
0.9928178086295856
0.939122321141033
0.9514386086946457
0.9577043101026425
0.789357990656462
0.9809932045892392
0.964781596274445
0.9824621753959372
0.8865114103535832
0.9637054835155032
0.9788790072058522
0.8818751966272057
0.9879058015202666
0.9429716862725954
0.7830395982282533
0.8547583352853543
0.7532925966625695
0.8855411564768769
0.9081662275561215
0.8392255708949863
0.9921802711271128
0.8426532886544009
0.675845380103772
0.8444553334666912
0.9821041268004478
0.9575490384876516
0.8575802851280122
0.9474213952453044
0.9436700211060818
0.8375870828241679
0.9765585161336041
0.8688885290913276
0.9973512033402782
0.9682166454767173
0.9686363854816175
0.8786590178165827
0.9671916740020986
0.9467547703923076
0.0008131034484465813
0.9828331583255735
0.9526721388567319
0.9433893400945687
0.8508056742962952
0.9439232837134123
0.7901621843721839
0.9014114652648237
0.9932580528323962
0.9688622296847653
0.9816926719220288
0.9913860910894402
0.6102749817637209
0.9372993548942468
0.957793062284877
0.9534101707710566
0.982710431164243
0.8253024456458182
0.9458443601629911
0.7241125004059749
0.9491982866520186
0.9497976172043151
0.9993824302483995
0.9722671782476631
0.9885597304600224
0.9261052549396481
0.9859047348567462
0.9882510349920619
0.9262903291678809
0.970856680168146
0.9450760487936125
0.9517489731089479
0.7592263565642768
0.7284008580305918
0.9807642609143142
0.980402039952971
0.8759868559080791
0.9042675689022569
0.9011514076616741
0.9437330834357018
0.9154942133105158
0.964378009285922
0.9251041851608496
0.9409367638404321
0.9604942519386784
0.9088135999209641
0.8923867571333363
0.9165734255412349
0.9961759074844668
0.9236936274761061
0.8625020674944744
0.9951843745419058
0.9941582109627575
0.9866980208160216
0.9898654425513806
0.9943683193861135
0.8705145000645843
0.8971332405287091
0.7976199903098603
0.9885742145300581
0.8402922064229172
0.9807307627770303
0.9993503626365511
0.9970075792095979
0.9953955558593385
0.9622362742878994
0.8948039278829414
0.9303219074768049
0.9659725683048216
0.9916904353758674
0.9391815091309317
0.9794809007828875
0.8950352557669258
0.7599294002106555
0.983008218875757
0.7593015783600997
0.9931981495797798
0.8854667691542248
0.9937232716251038
0.9784086027584407
0.9756740341778083
1.2930090517018405e-05
0.8965738454781569
0.9932891071553944
0.826639748507213
0.9189898214228958
0.9847674671354318
0.9636657268294384
0.9289190984715042
0.9764956326196635
0.906515401203421
0.9689028804492273
0.998499736449398
0.9384398412977915
0.9751475412122752
0.946259987407264
0.9103185722844583
0.9928543466334202
0.9024238600366542
0.9977606912462231
0.9837172826500105
0.9982474871309178
0.9973815424005584
0.7205675987712927
0.46513878849733853
0.9849367459786463
0.97742672586257
0.9467258618574629
0.981325324911208
0.9216498238651967
0.9030807692377343
0.9566937630928329
0.9356944841711654
0.9161788985471374
0.9364958168360161
0.9891702071896715
0.9716934779427546
0.9579728912531793
0.9179906590113447
0.9732311735755885
0.99611940172976
2.0340635629233104e-05
0.9622105248300583
0.042712834254648856
0.9874254430000322
0.9987540123455787
0.919497240715954
0.9311673480092537
0.9825356090349654
0.9532072149748786
0.9724227478887862
0.9734012868919739
0.9926387545292277
0.9489429378617612
0.9930422819125242
0.9716358992939711
0.941046854693748
0.8939723157630368
0.985265289987026
0.9435905077339521
0.9167186238729499
0.9965808057879726
0.7862054106224974
0.9796832009215742
0.9115113920768558
0.9574926519433978
0.9970781517977549
0.9912754041838594
0.9943805384575427
0.9275088984181196
0.00026626868596191174
0.9847497047779395
0.9869743506460014
0.9400820248926517
0.9984191501831917
