0.34179404377937317
0.3589898347854614
0.14719755947589874
0.18859660625457764
0.28015491366386414
0.3348413407802582
0.2558813691139221
0.3535253703594208
0.346605509519577
-0.003934224136173725
0.27087274193763733
0.22378672659397125
0.13851012289524078
0.25396865606307983
0.23319390416145325
0.31470686197280884
0.523079514503479
0.19331803917884827
0.20041659474372864
0.11533210426568985
0.21891415119171143
0.3476540446281433
0.46179917454719543
0.40491044521331787
0.30177831649780273
0.3196091055870056
0.09242778271436691
0.19777846336364746
0.2861402928829193
0.26178306341171265
0.6431757211685181
0.3594588339328766
0.14787526428699493
0.21383462846279144
0.3217693865299225
0.2952370345592499
0.3658048212528229
0.2534996569156647
0.3308018743991852
0.12031521648168564
0.12493246048688889
0.18492549657821655
0.2992570996284485
0.1741974949836731
0.35184749960899353
0.36513733863830566
0.33583760261535645
0.35159674286842346
0.14292606711387634
0.2527399957180023
0.36141711473464966
0.15132001042366028
0.31757843494415283
0.4062192440032959
0.21558207273483276
0.22695954144001007
0.368164986371994
0.231186181306839
0.29612454771995544
0.31085526943206787
0.35788655281066895
0.3706258237361908
0.18961124122142792
0.31940320134162903
0.2825871407985687
0.19278687238693237
0.28099966049194336
0.04484838992357254
0.4131426513195038
0.3062288463115692
0.24556587636470795
0.1751425564289093
0.2779359817504883
0.2608320116996765
0.11390921473503113
0.06678292900323868
0.45453640818595886
0.16104716062545776
0.20902737975120544
0.21042025089263916
0.11468299478292465
0.18926408886909485
0.17509064078330994
0.23388291895389557
0.3354526460170746
0.19065025448799133
0.21144936978816986
0.36223894357681274
0.09991516917943954
0.014742040075361729
0.38294270634651184
0.21819688379764557
0.2253088504076004
0.11291223764419556
0.32599496841430664
0.29310500621795654
0.25322064757347107
0.1657940000295639
0.3064785301685333
0.10036510229110718
0.296345978975296
0.4135296940803528
0.260802686214447
0.24227087199687958
0.28205034136772156
0.2354453057050705
-0.05882371589541435
0.18082810938358307
0.1996622383594513
0.037671081721782684
0.20580725371837616
0.1282910257577896
0.21921893954277039
0.23637130856513977
0.20426569879055023
0.2508400082588196
0.06017985939979553
0.22946874797344208
0.269825279712677
0.3058636784553528
0.33268317580223083
0.4322133958339691
0.25621265172958374
0.36195674538612366
0.3201921880245209
0.22869108617305756
0.398207426071167
0.24581027030944824
0.24343277513980865
0.30897432565689087
0.19781485199928284
0.25290951132774353
0.3144236207008362
0.2680714726448059
0.11462295055389404
0.2630230188369751
0.14146502315998077
0.2433360069990158
0.11174150556325912
0.17659229040145874
0.19912683963775635
0.19023281335830688
0.2275429666042328
0.24261979758739471
0.3292373716831207
0.1369682103395462
0.2450212985277176
0.18815693259239197
0.16156135499477386
0.3335809111595154
0.3335724174976349
0.42220407724380493
0.29406067728996277
0.6863483786582947
0.3468583822250366
0.2006274312734604
0.4501723647117615
0.3379940092563629
0.09893832355737686
0.17259837687015533
0.4205046594142914
0.2418806254863739
0.21767738461494446
0.2740042507648468
0.28265246748924255
0.28418871760368347
0.16965335607528687
0.2737909257411957
0.08212004601955414
0.03012259677052498
0.12676748633384705
0.23529097437858582
0.26717904210090637
0.20356008410453796
0.17842307686805725
0.2436884641647339
0.1708611696958542
0.23815901577472687
0.1777789145708084
0.13710665702819824
0.2869659960269928
0.14334315061569214
0.16548992693424225
0.22163385152816772
0.17058111727237701
0.24964313209056854
0.13999658823013306
0.170292928814888
0.30190086364746094
0.0009757865336723626
0.03525615856051445
0.17755535244941711
0.1752474457025528
0.5866649150848389
0.370392382144928
0.2243044674396515
0.2482650876045227
0.27517884969711304
0.18244346976280212
0.16752344369888306
0.3617928922176361
0.26164111495018005
0.3876097500324249
0.3241112232208252
0.19006752967834473
0.23315364122390747
0.19562171399593353
0.04482826218008995
0.03795890882611275
0.28867706656455994
0.38478726148605347
0.15844470262527466
0.5281614661216736
0.5331438779830933
0.06257076561450958
0.23811274766921997
0.07923612743616104
0.15385784208774567
0.18157045543193817
0.05610966682434082
0.16817466914653778
0.14068135619163513
0.0635041743516922
0.07274571061134338
0.32335367798805237
0.2579265534877777
0.3708977699279785
0.31332141160964966
0.25997453927993774
0.17411096394062042
0.16869381070137024
0.17468485236167908
0.10508687794208527
0.11739103496074677
0.2539594769477844
0.3855553865432739
0.23029904067516327
0.21666839718818665
0.3046950697898865
0.3065710663795471
0.3370189368724823
0.3474043607711792
0.19029249250888824
0.20923715829849243
0.2268059104681015
0.2985285222530365
0.2720678448677063
0.27171751856803894
0.23267334699630737
0.29750892519950867
0.28395670652389526
0.27200570702552795
0.25933319330215454
0.2556493580341339
0.24325230717658997
0.2803000509738922
0.2048025131225586
0.3806287944316864
0.34072360396385193
0.1929864138364792
0.23047490417957306
0.2796403467655182
0.18556860089302063
0.30091023445129395
0.21485914289951324
0.2836490869522095
0.4460601508617401
0.16264380514621735
0.5493091940879822
0.11173903197050095
0.8357175588607788
0.21023696660995483
0.05390452221035957
0.09627372026443481
0.08868497610092163
-0.05350615829229355
0.05313745513558388
0.2421133667230606
0.10748554766178131
-0.004206865094602108
0.031330764293670654
0.11526817828416824
0.270458847284317
0.20408912003040314
0.40472856163978577
0.32978442311286926
0.2668618857860565
0.19829797744750977
0.32004454731941223
0.328069806098938
0.3012429177761078
0.14040660858154297
0.24139997363090515
0.4110519289970398
0.44780266284942627
0.22102570533752441
0.14697329699993134
0.27332475781440735
0.4004944860935211
0.10101103037595749
0.21710844337940216
0.20720048248767853
0.0822560116648674
0.16485318541526794
0.12138247489929199
0.005018784664571285
0.22173485159873962
0.11103624105453491
0.1679525226354599
0.33528703451156616
0.16383183002471924
0.2519090175628662
0.11214940994977951
0.16363725066184998
0.30084243416786194
0.26703599095344543
0.12759600579738617
0.2500813901424408
0.2879025638103485
0.21945589780807495
0.2963230311870575
0.24529853463172913
0.17295895516872406
0.13565339148044586
0.2452547401189804
0.12751266360282898
0.10041171312332153
0.22708702087402344
0.17369070649147034
0.30915409326553345
0.23118865489959717
0.16217409074306488
0.09746669977903366
0.08131872117519379
0.16886334121227264
-0.011355569586157799
0.130001038312912
0.15246884524822235
0.16978827118873596
0.1671847552061081
0.14011383056640625
0.3021078109741211
0.25475090742111206
0.14096882939338684
0.3618253767490387
0.4420090317726135
0.42080554366111755
0.2369469553232193
0.19632379710674286
0.23553147912025452
0.2257930487394333
0.2050970494747162
0.44248688220977783
0.1750161200761795
0.152225524187088
0.20782239735126495
0.21490541100502014
0.2320602536201477
0.3290010988712311
0.10863155871629715
0.0015987642109394073
0.06594876199960709
0.12522205710411072
0.18064022064208984
0.30127188563346863
3.884781472152099e-05
0.33201146125793457
0.17649763822555542
0.08350090682506561
0.18561239540576935
0.3382514715194702
0.3863757848739624
0.3054787516593933
0.25684410333633423
0.10074086487293243
0.14460675418376923
0.2827721834182739
0.08629583567380905
0.20167843997478485
0.19028790295124054
0.1626148372888565
0.13447241485118866
0.09375426173210144
0.20862442255020142
0.23411141335964203
0.06726039946079254
0.20026437938213348
0.3150169551372528
0.16829544305801392
0.18172161281108856
0.10020723193883896
0.20628048479557037
0.2649488151073456
0.18273800611495972
0.22090846300125122
0.08899081498384476
0.25289326906204224
0.09927453100681305
0.254458487033844
0.18893246352672577
0.27219924330711365
0.38414591550827026
0.3331253230571747
0.15850262343883514
0.16541647911071777
0.26053112745285034
0.3459327518939972
0.2208007425069809
0.24212254583835602
0.40622279047966003
0.3603152632713318
0.4894990921020508
-0.034630708396434784
0.0876021757721901
0.11730804294347763
0.2353750318288803
0.16911903023719788
0.236655592918396
0.31831759214401245
0.34331050515174866
0.06260855495929718
0.256365567445755
0.16347478330135345
0.046400539577007294
0.24367152154445648
0.21292805671691895
0.13411608338356018
0.20340010523796082
0.2867163121700287
0.11977452784776688
0.22692881524562836
0.2532927095890045
0.30148765444755554
0.22018694877624512
0.20261219143867493
0.24521765112876892
0.3976193964481354
0.27055633068084717
0.288053035736084
0.8307248950004578
0.28985485434532166
0.21463629603385925
0.4187222421169281
0.16150590777397156
0.2593303620815277
0.16561035811901093
0.2288040965795517
0.25385212898254395
0.4497683644294739
0.13481852412223816
0.44632503390312195
0.37811675667762756
0.1858832687139511
0.14207953214645386
-0.10102586448192596
0.13652464747428894
0.15772885084152222
0.1447141170501709
0.2731548845767975
0.2163826823234558
0.1804632991552353
0.248488649725914
0.26917052268981934
0.34425169229507446
0.2836318016052246
0.2237454056739807
0.17694438993930817
0.25239992141723633
0.3808887004852295
0.1793684959411621
0.023537185043096542
0.34376537799835205
0.3566285967826843
0.25925618410110474
0.22883941233158112
0.10073062032461166
0.21565517783164978
0.14477097988128662
0.1655379682779312
0.9352611899375916
0.20406298339366913
0.20406298339366913
0.28300705552101135
0.2792363464832306
0.29130494594573975
0.24108672142028809
0.36201855540275574
0.31233856081962585
0.4878925383090973
0.12465734779834747
0.28458672761917114
0.3633284270763397
0.32712897658348083
0.13592039048671722
0.06594275683164597
0.2717810869216919
0.30135273933410645
0.16484646499156952
0.19055983424186707
0.3141481578350067
0.23272913694381714
0.3695225417613983
0.11936521530151367
0.6182171106338501
0.24341194331645966
0.2869589328765869
0.14335480332374573
0.2611759901046753
0.28623777627944946
0.22068525850772858
0.2602637708187103
0.3056108355522156
0.3530941605567932
0.2725396752357483
0.2736055254936218
0.3390789330005646
0.1695428192615509
0.29014551639556885
0.3836490213871002
0.7882246375083923
0.35376444458961487
0.2519454061985016
0.35767289996147156
0.3255411684513092
0.28581538796424866
0.46442916989326477
0.21653667092323303
0.42941105365753174
0.14521172642707825
0.3367590010166168
0.3020491898059845
0.37103724479675293
0.3177235722541809
0.3890015482902527
0.22076047956943512
0.20091278851032257
0.17793641984462738
0.2089228481054306
0.20674772560596466
0.2394176721572876
0.20820416510105133
0.2932441532611847
0.3289615511894226
0.2786041796207428
0.27224549651145935
0.14343143999576569
0.08413801342248917
0.15809649229049683
0.05256109684705734
0.025790711864829063
0.3698548674583435
0.2378542274236679
0.32741716504096985
0.16759689152240753
0.31137338280677795
0.32155466079711914
0.2672549784183502
0.22715695202350616
0.0678689032793045
0.1629732996225357
0.14858229458332062
0.3212689757347107
0.19493234157562256
0.25933000445365906
0.256554514169693
0.32839682698249817
0.2993015944957733
0.2909161150455475
0.30135664343833923
0.2211429625749588
0.2180556207895279
0.11516894400119781
0.13225138187408447
0.11113124340772629
0.3392590284347534
0.37827885150909424
0.30984488129615784
0.43832626938819885
0.1495259553194046
0.2578636705875397
0.09405338764190674
0.20456448197364807
0.24798114597797394
0.3784928619861603
0.3053191006183624
0.327739953994751
0.18787933886051178
0.1410493552684784
0.21306897699832916
0.18936191499233246
0.2307189404964447
0.340198814868927
0.1889900416135788
0.180488720536232
0.2508837878704071
0.03587348759174347
0.21164749562740326
0.1720975935459137
0.274586945772171
0.16428247094154358
0.2320062220096588
0.30618754029273987
0.26380032300949097
0.16648690402507782
0.46332624554634094
0.16911831498146057
0.20266340672969818
0.3610890507698059
0.17972660064697266
0.3053191006183624
0.1901865452528
0.16490544378757477
0.35198381543159485
0.2892008125782013
0.3917456269264221
0.24011023342609406
0.2891467809677124
0.2505422830581665
0.2225245237350464
0.30021485686302185
0.29851120710372925
0.0847436860203743
0.3141866624355316
0.31760844588279724
0.4485029876232147
0.24159987270832062
0.1866411566734314
0.20451609790325165
0.24342148005962372
0.18469594419002533
0.1858649104833603
0.1569095104932785
0.21072962880134583
0.37264132499694824
0.26982173323631287
0.3279426693916321
0.1546531617641449
0.29746514558792114
0.3643978238105774
0.20867104828357697
0.3299860656261444
0.2954302132129669
0.026865383610129356
0.26135751605033875
0.08938917517662048
0.19087062776088715
0.15132036805152893
0.06792894005775452
0.29791224002838135
0.15212558209896088
0.35747936367988586
0.06596465408802032
0.2658175826072693
0.13900384306907654
0.26742449402809143
0.29087796807289124
0.1743578314781189
0.3441888391971588
0.2649194896221161
0.25108474493026733
0.21472246944904327
0.24086599051952362
0.20969556272029877
0.2879664897918701
0.13555628061294556
0.22877337038516998
0.44235584139823914
0.2379559427499771
0.35692277550697327
0.22318847477436066
0.2592431306838989
0.06889483332633972
0.1763344705104828
0.38081490993499756
0.2887353301048279
0.2510080933570862
0.36347994208335876
0.09370552003383636
-0.0767488032579422
0.1963983178138733
0.0516464039683342
0.09987208247184753
0.17342795431613922
0.2528063952922821
0.2931601107120514
0.40491291880607605
0.10981324315071106
0.3512502908706665
0.24167120456695557
0.3035352826118469
0.5735971927642822
0.3481806218624115
0.33504757285118103
0.23837831616401672
0.345432311296463
0.4523605704307556
0.14366769790649414
0.22213110327720642
0.13388122618198395
0.3273772597312927
0.18802766501903534
0.13030405342578888
0.3073674440383911
0.17717817425727844
0.335954487323761
0.3861875534057617
0.31534573435783386
0.29961907863616943
0.23547497391700745
0.0859285444021225
0.28963378071784973
0.24975013732910156
0.3473474979400635
0.3289223313331604
0.2835986018180847
0.2919692397117615
0.2112593650817871
0.03979181870818138
0.24572868645191193
0.21659529209136963
0.2995491623878479
0.23169931769371033
0.34852635860443115
0.36640024185180664
0.259136825799942
0.2750033438205719
0.5114551782608032
0.13744640350341797
0.19841274619102478
0.2472313940525055
0.2840668857097626
0.1908670961856842
0.45416274666786194
0.19860981404781342
0.269887775182724
0.25574222207069397
0.3394140899181366
0.2943488359451294
0.19265903532505035
0.23522529006004333
0.2277117669582367
0.26136845350265503
0.19487901031970978
0.22065241634845734
0.03807050734758377
0.2299635261297226
0.4505269527435303
0.3286662995815277
0.18713416159152985
0.3772702217102051
0.2750644385814667
0.8443925976753235
0.3395991325378418
0.3351651728153229
0.16148048639297485
0.253882497549057
0.2569161355495453
0.46634331345558167
0.23202034831047058
0.30241116881370544
0.26793763041496277
0.38585594296455383
0.14298363029956818
0.16727092862129211
0.26657795906066895
0.14491824805736542
0.15592630207538605
0.25533467531204224
0.772911548614502
0.2623184621334076
0.15621307492256165
0.8318518400192261
0.28199878334999084
0.17427660524845123
0.302187979221344
0.12679609656333923
0.23168908059597015
0.5523802638053894
0.0773053914308548
0.08254595845937729
0.3174583613872528
0.11215858906507492
0.4335942566394806
0.37261343002319336
0.27392300963401794
0.233067125082016
0.3718060851097107
0.21119756996631622
0.1768416166305542
0.3137829899787903
0.43807128071784973
0.4344114661216736
0.1510021686553955
0.1695212721824646
0.03705410659313202
0.19273990392684937
0.1566481739282608
0.13880324363708496
0.06117718666791916
0.09292609244585037
0.10838928818702698
0.3080102205276489
-0.0813579186797142
0.228555828332901
0.23960839211940765
0.18758338689804077
0.27994832396507263
0.3382786512374878
0.2870892584323883
0.16492168605327606
0.36507800221443176
0.08722393959760666
0.16539068520069122
0.205641970038414
0.32033732533454895
0.08585261553525925
0.16265863180160522
0.16255585849285126
0.10659381747245789
0.05030686408281326
0.13408146798610687
0.2065100520849228
0.3966746926307678
0.17261956632137299
0.8441503047943115
0.43401098251342773
0.13761380314826965
0.03291080892086029
0.269919216632843
0.22856783866882324
0.2597936987876892
0.1972579061985016
0.325224369764328
0.07970476895570755
0.07561197876930237
0.21753929555416107
0.24188734591007233
0.10485096275806427
0.188918337225914
0.05966247618198395
0.2047014981508255
0.32669034600257874
0.2356995940208435
0.16033835709095
0.262757807970047
0.20318537950515747
0.1765516698360443
0.39276131987571716
0.35387781262397766
0.2865457236766815
0.186160147190094
0.3494671881198883
0.28516945242881775
0.2405477911233902
0.20215661823749542
0.09598059207201004
0.03794548660516739
0.1768617480993271
0.23438264429569244
1.0000007152557373
0.12657147645950317
0.3120630979537964
0.1874668449163437
0.25290951132774353
0.1729462444782257
0.645016074180603
0.3353760242462158
0.2781016230583191
0.3005330562591553
0.07746995985507965
0.1456344574689865
0.19670097529888153
0.2743058502674103
0.316417932510376
0.2580031752586365
0.20133163034915924
0.28148597478866577
0.34733444452285767
0.3737438917160034
0.3011941909790039
0.39523202180862427
0.3255411684513092
0.36941519379615784
0.19632555544376373
0.2199234962463379
0.2811780273914337
0.2670441269874573
0.24415357410907745
0.24248453974723816
0.3134266436100006
0.21250532567501068
0.25370943546295166
0.2927027642726898
0.2286314070224762
0.34395715594291687
0.398060142993927
0.22579021751880646
0.2414172887802124
0.20887763798236847
0.29445162415504456
0.29149916768074036
0.11425919830799103
0.12385142594575882
0.3588280975818634
0.27268412709236145
0.15153437852859497
0.2928309440612793
0.4112037718296051
0.40933024883270264
0.2999475300312042
0.33372217416763306
0.3311988115310669
0.2844122648239136
0.0815938338637352
0.3686770796775818
0.042382966727018356
0.24221013486385345
0.37614503502845764
0.08812026679515839
0.2977921664714813
0.28288203477859497
0.409765362739563
0.31443527340888977
0.431377112865448
0.08978895843029022
0.17851631343364716
0.1734922230243683
0.3677920401096344
0.2468782216310501
0.24248453974723816
0.23685549199581146
0.17117266356945038
0.22662368416786194
0.26157647371292114
0.1143195852637291
0.12950167059898376
0.24712543189525604
0.22435002028942108
0.12052040547132492
0.18109934031963348
0.12217497080564499
0.20889389514923096
0.12472762167453766
0.050721120089292526
0.14732998609542847
0.28852415084838867
0.20184653997421265
0.32465189695358276
0.08104925602674484
0.1552305817604065
0.11959265172481537
0.17267996072769165
0.1316753774881363
0.5949984788894653
0.12565819919109344
0.3467598557472229
0.3543609380722046
0.1422681212425232
0.2575356066226959
0.32837000489234924
0.2037101835012436
0.20536227524280548
0.20205102860927582
0.31316813826560974
0.2018391191959381
0.25622960925102234
0.2783573269844055
0.1470089703798294
0.14817087352275848
0.003087341785430908
0.3057015836238861
0.3858185112476349
0.4100605845451355
0.4063834846019745
0.09842729568481445
0.1944124847650528
0.2409903109073639
0.5033416152000427
0.28766030073165894
0.35699060559272766
0.20601950585842133
0.1887279897928238
0.10489051789045334
0.3730117976665497
0.32127144932746887
0.15982627868652344
0.36035341024398804
0.3863909840583801
0.4562072157859802
0.3846703767776489
0.22808365523815155
0.29324766993522644
0.14005626738071442
0.1380404233932495
0.17314259707927704
0.229601189494133
0.24677051603794098
0.31129321455955505
0.21002154052257538
0.22505034506320953
0.09503871202468872
0.29880574345588684
0.18603971600532532
0.49456271529197693
0.27073395252227783
0.4308551251888275
0.23671740293502808
0.4134933352470398
0.1356053650379181
0.24196715652942657
0.21664543449878693
0.440759539604187
0.07758226990699768
0.1857469528913498
0.16021086275577545
0.25133758783340454
0.37939906120300293
0.1282309889793396
0.21370290219783783
0.17838598787784576
0.17897260189056396
0.3554147779941559
0.26907268166542053
0.1348213404417038
0.25253093242645264
0.34244632720947266
0.3569492697715759
0.12988272309303284
0.18889008462429047
0.284761905670166
0.14848023653030396
0.3235461413860321
0.30223849415779114
0.33531564474105835
0.3659718632698059
0.3311024010181427
0.07935690879821777
0.2468189001083374
0.07156898081302643
0.18710379302501678
0.09032011032104492
0.07515251636505127
0.2466663271188736
0.2520001232624054
0.1397211104631424
0.1919788420200348
0.35074281692504883
0.22963403165340424
0.2825934886932373
0.30574148893356323
-0.07892286777496338
0.16168567538261414
-0.1304958164691925
0.15741877257823944
0.13477861881256104
0.27691853046417236
0.26899993419647217
0.22527283430099487
0.1392786055803299
0.2735041677951813
0.20771008729934692
0.4566228687763214
0.23253455758094788
0.18313495814800262
0.13004130125045776
0.1999843269586563
0.21541361510753632
0.12140437215566635
0.10985597223043442
0.21188870072364807
0.20862725377082825
0.16074343025684357
0.07933112233877182
0.12565819919109344
0.15175263583660126
0.22719120979309082
0.25263017416000366
0.1364116370677948
0.40310823917388916
0.25780221819877625
0.16407445073127747
0.3908252716064453
0.08623897284269333
0.31589701771736145
0.1524783819913864
0.2655255198478699
0.08333633840084076
-0.021699683740735054
0.11802708357572556
0.23076768219470978
0.24829334020614624
0.2485479712486267
0.444804310798645
0.22627440094947815
0.2878609001636505
0.4785115122795105
0.18846312165260315
0.08597339689731598
0.22932890057563782
0.19657312333583832
0.1884334534406662
0.306604266166687
0.3862641751766205
0.21004590392112732
0.3487873375415802
0.35731974244117737
0.33672016859054565
0.24536068737506866
0.2337762713432312
0.28622329235076904
0.4485315978527069
0.9999992847442627
0.5958439111709595
0.3966746926307678
0.2542264759540558
0.24593210220336914
0.31973057985305786
0.31658461689949036
0.3708246648311615
-0.021437283605337143
0.2550373375415802
0.2669388949871063
-0.10898754745721817
0.26087015867233276
0.2740529775619507
0.2123555839061737
0.13559724390506744
0.3293040990829468
0.2559502422809601
0.33221662044525146
0.15864458680152893
0.22939494252204895
0.16740407049655914
0.23925663530826569
0.39540472626686096
0.3430721163749695
0.11102105677127838
0.1781875193119049
0.21690642833709717
0.2833195924758911
0.3537093698978424
0.2704475522041321
0.20057693123817444
0.17117725312709808
0.26891905069351196
0.4122636318206787
0.30428895354270935
0.31337013840675354
0.25731486082077026
0.2540145814418793
0.08101959526538849
0.32757362723350525
0.26736268401145935
0.34455257654190063
0.14450010657310486
0.42262786626815796
0.23851534724235535
0.2581508159637451
0.27409324049949646
0.3239032030105591
0.0662793219089508
0.09824401140213013
0.13986484706401825
0.14221373200416565
0.2528170049190521
0.2048911452293396
0.3021060526371002
0.33917322754859924
0.4726119339466095
0.22677943110466003
0.20537427067756653
0.2806037664413452
0.24354083836078644
0.3793577551841736
0.24868077039718628
0.21212038397789001
0.25547170639038086
0.33200615644454956
0.1684928685426712
0.28230318427085876
0.13998845219612122
0.1313261091709137
0.28292369842529297
0.2273840308189392
0.22821713984012604
0.2846277058124542
0.3296410143375397
0.22974103689193726
0.15120947360992432
0.28412410616874695
0.8881228566169739
0.16912609338760376
0.3606136739253998
0.3451720178127289
0.22627440094947815
0.04019512981176376
0.41299891471862793
0.08490896224975586
0.09376591444015503
0.39382609724998474
0.4427556097507477
0.19679315388202667
0.31957486271858215
0.2820701003074646
0.19154515862464905
0.15173956751823425
0.36036258935928345
0.17998476326465607
0.32707178592681885
0.14035962522029877
0.2709885835647583
0.2551231384277344
0.3121506869792938
0.18746013939380646
0.11293201148509979
0.18889008462429047
0.14158298075199127
0.2713202238082886
0.20069806277751923
0.3156208395957947
0.11492208391427994
0.15522386133670807
0.20818085968494415
0.3037680387496948
0.30669325590133667
0.36919939517974854
0.3888472020626068
0.12731382250785828
0.25927138328552246
0.17893092334270477
0.1526959389448166
0.2518087327480316
0.17846545577049255
0.02575009874999523
0.0875142440199852
0.10611952096223831
0.10016874223947525
-0.06455977261066437
0.31732943654060364
0.1980719417333603
0.23306217789649963
0.10250385105609894
0.2242242991924286
0.44868767261505127
0.422092467546463
0.260630339384079
0.09607630223035812
0.2931378483772278
0.3957953155040741
0.20034949481487274
0.6339758634567261
0.28134578466415405
0.4662691354751587
0.26720163226127625
0.13958938419818878
0.12293355911970139
0.31578612327575684
0.3239731192588806
0.11113124340772629
0.07863928377628326
0.3055228888988495
0.12035053223371506
0.46522024273872375
0.09304899722337723
0.24305912852287292
0.36367347836494446
0.28148597478866577
0.20646731555461884
0.2601073086261749
0.29081758856773376
0.3526078462600708
0.4198329448699951
0.22838100790977478
0.28403228521347046
0.2639278173446655
0.2431202232837677
0.12428652495145798
0.15376318991184235
0.24064739048480988
0.0225596334785223
0.16914798319339752
0.2238234579563141
0.12703977525234222
0.035725511610507965
0.20382530987262726
0.6246732473373413
0.23113921284675598
0.2049204707145691
0.23810073733329773
0.13903915882110596
0.03800693899393082
0.08243895322084427
0.08906744420528412
-0.044994600117206573
0.38045820593833923
0.3231559097766876
0.27995607256889343
0.1640656292438507
0.25465521216392517
0.2877005636692047
0.3281344473361969
0.2617194950580597
0.4475632309913635
0.2811642587184906
0.31526485085487366
0.31593233346939087
0.30528944730758667
0.35277771949768066
0.07358729839324951
0.1279018372297287
0.21506504714488983
0.1406192034482956
0.3067490756511688
0.32487332820892334
-0.07326485961675644
0.23186743259429932
0.1783647984266281
0.28949499130249023
0.2717623710632324
0.2119455635547638
0.17004889249801636
0.2679521143436432
0.23156335949897766
-0.06506267935037613
0.2458014339208603
0.06427724659442902
0.19989602267742157
0.14684085547924042
0.2655382454395294
0.1456838995218277
0.1508340686559677
0.12262948602437973
0.17898637056350708
0.060617778450250626
0.12348166853189468
0.21722745895385742
0.1382502019405365
0.3402210474014282
0.1772223263978958
0.3566819429397583
0.2655908763408661
0.11491219699382782
0.13442686200141907
0.21272392570972443
0.08875878155231476
0.3089694082736969
0.14184114336967468
-0.0034260242246091366
0.2946734130382538
0.3765815496444702
0.1688266098499298
0.3227144479751587
0.10602133721113205
0.3524545729160309
0.37675389647483826
0.3411647081375122
0.3064979612827301
0.23094072937965393
0.18717266619205475
-0.02010197937488556
0.1392485797405243
0.24142293632030487
0.2770855724811554
0.2981421649456024
0.2555646002292633
0.3049052059650421
0.4987204968929291
0.8746829628944397
0.1212359145283699
0.41994595527648926
0.24062901735305786
0.17829769849777222
0.262736976146698
0.24252444505691528
0.2761581838130951
0.23713943362236023
0.34455788135528564
0.44367489218711853
0.4237777590751648
0.2172592431306839
0.1531469225883484
0.1845797449350357
0.20659656822681427
0.302968829870224
0.18889008462429047
0.25902947783470154
0.20006908476352692
0.2794305682182312
0.3291744887828827
0.02648361586034298
0.18603159487247467
0.05304492637515068
0.14483807981014252
0.22668619453907013
0.20778390765190125
0.29858043789863586
0.16173723340034485
0.11579721421003342
0.41806501150131226
0.35822346806526184
0.3624268174171448
0.2598399817943573
0.3035840392112732
0.2543204128742218
0.30381253361701965
0.2992161214351654
0.26467618346214294
0.1666889190673828
0.2880544364452362
0.18214398622512817
0.21126501262187958
0.215088352560997
0.32328057289123535
0.23442360758781433
0.32584136724472046
0.21963071823120117
0.22514817118644714
0.09258917719125748
0.2368759661912918
0.19439305365085602
0.23729835450649261
0.3169702887535095
0.2293691635131836
0.2716299295425415
0.19171467423439026
0.2753339111804962
0.24858152866363525
0.28448256850242615
0.22781454026699066
0.20590084791183472
0.20377269387245178
0.28038763999938965
0.220403790473938
0.19495812058448792
0.3092416822910309
0.16209745407104492
0.3351387083530426
0.23853018879890442
0.25920429825782776
0.08976706117391586
0.4058244228363037
0.42668285965919495
0.2879495620727539
0.1921183466911316
0.40466251969337463
0.20252884924411774
0.1550109088420868
0.156306654214859
0.006640151143074036
0.06688004732131958
0.24436335265636444
0.04046105965971947
0.25240734219551086
0.1991865336894989
0.3167460262775421
0.5003527998924255
0.1486857831478119
0.39081573486328125
0.19322338700294495
0.4089280068874359
0.20983083546161652
0.26600512862205505
0.16669103503227234
0.10895929485559464
0.2386382520198822
0.06020740419626236
0.18770664930343628
0.09390859305858612
0.12539227306842804
0.33267292380332947
0.3193901479244232
0.2395162135362625
0.4378826916217804
0.18462565541267395
0.3429301679134369
0.31872302293777466
0.1978653520345688
0.39444270730018616
0.34551283717155457
0.21622341871261597
0.19674335420131683
0.2546050548553467
0.3452189862728119
0.2937290370464325
0.9779895544052124
0.08177147805690765
0.1844603717327118
0.2501251995563507
-0.026276662945747375
-0.045639120042324066
0.04104907438158989
0.22430869936943054
0.18195964395999908
0.10662948340177536
0.26551175117492676
0.18392746150493622
0.36744773387908936
0.4042651951313019
0.17282722890377045
0.25070545077323914
0.1989799290895462
0.2563122510910034
0.2689935863018036
0.13501735031604767
0.23280154168605804
0.006049664691090584
0.08006499707698822
0.09669080376625061
0.2601444125175476
0.35109207034111023
0.17000511288642883
0.25652483105659485
0.3261337876319885
0.5528097152709961
0.32132193446159363
0.15010054409503937
0.24957425892353058
0.45705196261405945
0.11887113749980927
0.0810665637254715
0.1792653650045395
0.06517321616411209
0.22823727130889893
0.24241390824317932
0.37136074900627136
0.44289475679397583
0.22697366774082184
0.18767239153385162
0.3030118942260742
0.3686467111110687
0.20164065062999725
0.11353380233049393
0.16757500171661377
0.32488250732421875
0.07817663997411728
0.08400628715753555
0.092536561191082
0.7047936916351318
0.3247603178024292
0.10266206413507462
0.16733625531196594
0.23695331811904907
0.3178206980228424
0.04534105211496353
1.0000007152557373
0.25680631399154663
0.2613077163696289
0.26333343982696533
0.2954874336719513
0.2580561637878418
0.11118915677070618
0.30213817954063416
0.15206977725028992
0.2610255479812622
0.3071816861629486
0.30732083320617676
0.3391806483268738
0.16347478330135345
0.1376035511493683
0.1853213906288147
0.516486644744873
0.19046272337436676
0.18816611170768738
0.08550616353750229
0.358414888381958
0.21863479912281036
0.27869564294815063
0.23994353413581848
0.13772433996200562
0.3109545111656189
0.21804997324943542
0.2754974067211151
0.255947083234787
0.1378864347934723
0.20958079397678375
0.17300239205360413
0.12559568881988525
0.14570119976997375
0.1705002337694168
0.26406097412109375
0.15240633487701416
0.23713943362236023
0.2692496180534363
0.25780221819877625
0.068290576338768
0.1210794597864151
-0.05010909214615822
0.044322531670331955
0.3575623631477356
0.27462756633758545
0.29029136896133423
0.2906964421272278
0.2448168247938156
0.38152050971984863
0.13190105557441711
0.3345164358615875
0.22023215889930725
0.33200544118881226
0.7282570600509644
0.3482328951358795
0.20830410718917847
0.2500097155570984
0.4020462930202484
0.1713390052318573
0.25444647669792175
0.24336779117584229
0.2202579379081726
0.1633441150188446
0.11853210628032684
0.09909336268901825
0.099287249147892
0.19662080705165863
0.03938356414437294
0.4731236696243286
0.23615480959415436
0.2804166078567505
0.18286338448524475
0.1779470145702362
0.09026890248060226
0.16994436085224152
0.2315993756055832
0.1702505499124527
0.029632054269313812
0.1215350404381752
0.15700627863407135
0.11472854763269424
0.11802002042531967
0.2148100584745407
0.22319906949996948
0.45138019323349
0.3468901515007019
0.33086153864860535
0.20337925851345062
0.2905283272266388
0.19944539666175842
0.04835670068860054
0.11207312345504761
0.12922832369804382
-0.0958845317363739
0.25977957248687744
0.2984215021133423
0.3139253258705139
0.41191187500953674
0.1437913030385971
0.49884164333343506
0.1844187080860138
0.42290085554122925
0.28933677077293396
0.21372337639331818
-0.03395934775471687
0.08066784590482712
0.024554291740059853
0.04537566006183624
0.043130259960889816
0.2804024815559387
0.21756012737751007
0.4650302529335022
0.3335713744163513
0.15976093709468842
0.2883457839488983
0.28580161929130554
0.18381868302822113
0.36087679862976074
0.42055797576904297
0.2621733248233795
0.3595248758792877
0.29520702362060547
0.012078138999640942
0.14933206140995026
0.24077488481998444
0.31634554266929626
0.2701049745082855
0.41298937797546387
0.10843449831008911
0.26440104842185974
0.28718283772468567
0.17714568972587585
0.10302229225635529
0.25481271743774414
0.20084674656391144
0.20150750875473022
0.33095797896385193
0.16568487882614136
0.19101859629154205
0.3034321665763855
0.19432348012924194
0.3206608295440674
0.10242050141096115
0.18274295330047607
0.032810866832733154
0.07006168365478516
0.33109110593795776
0.2920992076396942
0.12993958592414856
0.16710282862186432
0.24847981333732605
0.255291610956192
0.11369343101978302
0.3626973330974579
0.38448673486709595
0.13657161593437195
0.24046021699905396
0.3004843294620514
0.27417129278182983
0.20442815124988556
0.26057207584381104
0.1877281814813614
0.11502308398485184
0.04935014620423317
0.2755860686302185
0.2003452479839325
0.1749560832977295
0.129838228225708
0.187257781624794
0.186990424990654
-0.0929660052061081
0.29612985253334045
0.3586391508579254
0.059658944606781006
0.2661852240562439
0.32937684655189514
-0.00805138610303402
0.373729407787323
0.1838744878768921
0.14356210827827454
0.15817594528198242
0.2450852245092392
0.26817071437835693
0.17122316360473633
0.3207953870296478
0.1180860623717308
0.075782909989357
0.20765429735183716
-0.055577803403139114
0.04534246399998665
0.0667843371629715
0.33997100591659546
0.2692616283893585
0.3610466718673706
0.2758127748966217
0.2955351173877716
0.09324288368225098
0.10285524278879166
0.18648257851600647
0.47578510642051697
0.39451971650123596
0.24249795079231262
0.35088759660720825
0.24862778186798096
0.13302233815193176
0.33923783898353577
0.18793725967407227
0.315909743309021
0.3109545111656189
0.18367812037467957
0.20519275963306427
0.32707178592681885
0.2932095527648926
0.39424777030944824
0.3255411684513092
0.2389627993106842
0.2398146390914917
0.3639747202396393
0.14683979749679565
0.2201021909713745
0.28014007210731506
0.3247295916080475
0.09568711370229721
0.2759978473186493
0.28270474076271057
0.19038750231266022
0.0508415512740612
-0.06379835307598114
0.0931733101606369
0.15039755403995514
0.25438928604125977
0.2322453111410141
0.30708950757980347
0.22020107507705688
0.41147464513778687
0.32875388860702515
0.23971645534038544
0.4032237231731415
0.2346542328596115
0.19961491227149963
0.16897210478782654
0.25088873505592346
0.18770098686218262
0.07269521057605743
0.2830582559108734
0.23493005335330963
0.30033209919929504
0.27900430560112
0.24512407183647156
0.21245941519737244
0.3837994635105133
0.20462557673454285
0.41062670946121216
0.24058488011360168
0.28028276562690735
0.09500127285718918
0.15357813239097595
0.4667021334171295
0.29871252179145813
0.08898869156837463
0.3241066336631775
0.2077620029449463
0.4582940340042114
0.3092823028564453
0.2487121969461441
0.4250858724117279
0.5365360379219055
0.4193081557750702
0.3265932500362396
0.28730395436286926
0.37689444422721863
0.4126778841018677
0.11620759218931198
0.1730034500360489
0.1996583491563797
0.10004866868257523
0.3788071870803833
0.07563599199056625
0.01583119109272957
0.11847276985645294
0.40123048424720764
0.2675025165081024
0.023767447099089622
0.3346622884273529
0.3181374669075012
0.2856501042842865
0.15411528944969177
0.13743403553962708
0.29208824038505554
0.15659520030021667
0.19987130165100098
0.3502928912639618
0.4265214800834656
0.3740748167037964
0.258518785238266
0.21709784865379333
0.18142001330852509
0.3290632665157318
0.4775353670120239
0.2557210326194763
0.38351836800575256
0.2684285342693329
0.18698054552078247
0.3902958929538727
0.20032405853271484
0.2917993664741516
0.17236176133155823
0.17385739088058472
0.2890340983867645
0.25985267758369446
0.32988789677619934
0.2684691250324249
0.4379374384880066
0.2590605616569519
0.2301415205001831
0.1919848471879959
0.2639302909374237
0.08247144520282745
0.17408624291419983
0.16515831649303436
0.15175263583660126
0.38769662380218506
0.3793577551841736
0.16509580612182617
0.3829900324344635
0.3016151487827301
0.050521232187747955
0.3413536548614502
0.22139935195446014
0.23742160201072693
0.08010278642177582
0.3211495876312256
0.22413776814937592
0.32585689425468445
0.2337978184223175
0.1969926804304123
0.16012752056121826
0.31551843881607056
0.4399702250957489
0.2422397881746292
0.3052121102809906
0.1600501835346222
0.32335934042930603
0.4164627194404602
0.1335602104663849
0.18376748263835907
0.18563394248485565
0.27127960324287415
0.6922126412391663
0.22445915639400482
0.31665492057800293
0.08373046666383743
0.23458535969257355
0.21984580159187317
0.16794829070568085
0.17591315507888794
0.01473073847591877
0.31914186477661133
0.2159009724855423
0.24748355150222778
0.06428077816963196
0.1603369414806366
0.09685290604829788
0.1723094880580902
0.21225598454475403
0.1346903294324875
0.4405275285243988
0.38891926407814026
0.24439691007137299
0.15739686787128448
0.28009310364723206
0.208337664604187
0.1988534927368164
0.021924294531345367
0.21004626154899597
0.2594122886657715
0.14890968799591064
0.10229265689849854
0.34955865144729614
0.0869491845369339
0.052782174199819565
0.3040318489074707
0.2756499648094177
0.337181031703949
0.25474244356155396
0.2523815333843231
-0.0050389147363603115
0.1817159503698349
0.21477404236793518
0.26521793007850647
0.21274371445178986
0.3048681318759918
0.2211344838142395
0.24487614631652832
0.27219465374946594
0.13244174420833588
0.18656274676322937
0.3945642113685608
0.2308870553970337
0.33387720584869385
0.29899856448173523
0.31049293279647827
0.3308749794960022
0.3829536437988281
0.00273382687009871
0.24072720110416412
0.18788498640060425
0.29041922092437744
0.2081211656332016
0.04617098346352577
0.11354051530361176
0.08586814999580383
0.2997133731842041
0.2604657709598541
0.2566940188407898
0.12489290535449982
0.10916024446487427
0.1241445541381836
0.27872249484062195
0.2179298847913742
0.2383599579334259
0.2995477318763733
0.33360278606414795
0.21921327710151672
0.2246636301279068
0.07355056703090668
0.17526404559612274
0.28870248794555664
0.33540040254592896
0.19985046982765198
0.22725054621696472
0.19878780841827393
0.24362453818321228
0.1335602104663849
0.19023281335830688
0.29335150122642517
0.31776100397109985
0.23116640746593475
0.5459612011909485
0.2009032517671585
0.28134578466415405
0.2079407125711441
0.2626380920410156
0.0975458100438118
0.0790846198797226
0.040674369782209396
0.27679985761642456
0.06976714730262756
0.1836092621088028
0.31665492057800293
0.2580031752586365
0.32541969418525696
0.2905389368534088
0.06500405073165894
0.2821997106075287
0.3048003315925598
0.2292250692844391
0.19042882323265076
0.13302233815193176
0.5015246272087097
0.31609973311424255
0.31890949606895447
0.2156851887702942
0.2599318027496338
0.14944790303707123
0.17627973854541779
0.27971911430358887
0.24320992827415466
0.1193341314792633
0.3131335377693176
0.12072206288576126
0.18889008462429047
0.06854484975337982
0.09988727420568466
0.1484629362821579
0.14183196425437927
0.2768178880214691
0.018871210515499115
0.30410036444664
0.1871730089187622
0.17390930652618408
0.3417068123817444
0.2504267990589142
0.23860611021518707
0.41666120290756226
0.1852334439754486
0.3200855255126953
0.22259481251239777
0.31841152906417847
0.30845484137535095
0.18668600916862488
0.24250537157058716
0.07358094304800034
0.14644955098628998
0.018088603392243385
0.2560664415359497
0.1972579061985016
0.4383728802204132
0.28155767917633057
0.3003059923648834
0.13977903127670288
0.21440427005290985
0.2932639420032501
0.243608295917511
0.306510329246521
0.22273819148540497
0.17915941774845123
0.2723613381385803
0.2723613381385803
0.1600409895181656
0.07189812511205673
0.11006151139736176
0.32323041558265686
0.17709094285964966
0.17302216589450836
0.3739635646343231
0.22834181785583496
0.5977432131767273
0.21961906552314758
0.30601415038108826
0.18500001728534698
0.020784640684723854
0.2091008424758911
0.25263264775276184
0.24497362971305847
0.14335691928863525
0.18061868846416473
0.228278249502182
0.10186497867107391
0.37912219762802124
0.25629210472106934
0.8197426199913025
0.21753576397895813
0.33917322754859924
0.0693613663315773
0.19308601319789886
0.32164403796195984
0.20734527707099915
0.2505338191986084
0.3226883113384247
0.3179280459880829
0.29893746972084045
0.22553876042366028
0.3916287124156952
0.30847954750061035
0.2620108723640442
0.3443756401538849
0.28846728801727295
0.2534216046333313
0.21689052879810333
-0.013298314064741135
0.03772652521729469
0.07358165085315704
0.20862655341625214
0.324198454618454
0.24171923100948334
0.13577841222286224
0.17375357449054718
0.26318123936653137
0.1448165327310562
0.2819419205188751
0.07355056703090668
0.11285396665334702
0.2908641993999481
0.3663186728954315
0.302187979221344
0.3552611470222473
0.34091606736183167
0.09222577512264252
0.3239964246749878
0.3066176772117615
0.2282065451145172
0.2170303910970688
0.1682933270931244
0.3668053150177002
0.22314326465129852
0.27003753185272217
0.37411436438560486
0.6887820363044739
0.18725812435150146
0.21130916476249695
0.25531068444252014
0.09201741218566895
0.18139104545116425
0.15533652901649475
0.2575804591178894
0.199080228805542
0.11692769080400467
0.24418076872825623
0.2546050548553467
0.38416993618011475
0.22594384849071503
0.2427331656217575
0.11234329640865326
0.23535525798797607
0.2104184925556183
0.12583832442760468
0.0854991003870964
0.32094407081604004
0.2023056596517563
0.061118561774492264
0.08870192617177963
0.2221713662147522
0.23686502873897552
0.21122229099273682
0.08906638622283936
0.2744266092777252
0.2774503827095032
0.2609252333641052
0.1941557377576828
0.19991156458854675
0.10399030894041061
0.35484158992767334
0.1724853664636612
0.3166605532169342
0.20984777808189392
0.3450618386268616
0.12992899119853973
0.39480364322662354
0.37711164355278015
0.3219103217124939
