0.9276554937597801
0.8700042076424853
0.8751878888926699
0.8924053958489367
0.8889868625090672
0.858534287938644
0.9044149825978613
0.7657548136042337
0.8689680849320466
0.8112443305920551
0.7659146053962707
0.8141086096121515
0.9026338220739325
0.877316419944164
0.8444740641087378
0.81075944172487
0.87052573617561
0.9068578282071603
0.8851894543557137
0.7525914236037071
0.7872077549070204
0.8945682369805776
0.8562394405219599
0.8986188680283719
0.9003956237528916
0.823707775747123
0.9230014317805904
0.864002920898564
0.8679898247607567
0.9269009632894206
0.8442038981587822
0.8230297081348961
0.824196546032197
0.8580636050206915
0.8472552518247217
0.9199282033229833
0.8125208268143503
0.869189494776276
0.8043896435910591
0.8742164341278482
0.8392161085946006
0.8694352373456447
0.8199013764655049
0.9187498330073772
0.880239506680413
0.8654647150401394
0.891729225624417
0.8673379857301768
0.8482748587328042
0.8681731923749848
0.8766249312585815
0.6693567292498865
0.8821875133242921
0.8851005538320199
0.9171608530344305
0.8967254761426803
0.8815913517154814
0.811502369571089
0.8696701760552296
0.8371842366070777
0.8709728950009299
0.8320363412560821
0.9248248267147118
0.8980242522893784
0.8454923227558973
0.8583158472746671
0.882344037583094
0.8139733269956521
0.8096654501792897
0.9016974303408545
0.8550004656732793
0.9114534340124248
0.818408460214711
0.893099459773844
0.8032855727911419
0.7978261441746238
0.8592423386621514
0.9200373326599495
0.9216007998674645
0.9017645296880378
0.8911207514327657
0.9155403547749527
0.8709779437591467
0.8296342472876824
0.9178608920238762
0.898265528225564
0.8005657233294982
0.9074892064024608
0.8020094796850773
0.8238096810547235
0.818418760759718
0.8309859060167823
0.8656362468438122
0.8778388116778985
0.8917503902321369
0.8729785133608056
0.9326868901971711
0.9441096393208676
0.8830955961111829
0.9240681090475433
0.8861839796632118
0.8715823922534954
0.8666656164832621
0.8987517955488308
0.9164032921902863
0.9072486435086813
0.9184363723758735
0.6723529887712221
0.8904513799623835
0.921572047843429
0.9191399080617284
0.8777128726809467
0.9247811259647172
0.9202105928680946
0.8713718179765804
0.9113844259054971
0.7837500468322044
0.9168141734229313
0.8381310973452448
0.8525658695128178
0.8560699856907734
0.8539990916557847
0.8885932263368478
0.8599100135590074
0.8862368133303902
0.8906462577577847
0.802681884097707
0.8850918491578063
0.8752251896201182
0.8971218428577845
0.9159594337249677
0.8341226959342667
0.9266914805967146
0.8818904298963718
0.9052855684320346
0.9029555972515909
0.8861343171633448
0.8957412083534873
0.7666228403959812
0.863817198683657
0.856295805499128
0.8019065369871035
0.8613171738050291
0.8511243938323726
0.8584911302471315
0.8543392019515066
0.8761277408593254
0.9007198093084858
0.8899829091338419
0.8401254666448047
0.8885028968481106
0.863527327600108
0.8085189862802539
0.8949502057274891
0.9010349901188275
0.8378566641590404
0.8864075072709271
0.893442823067822
0.9436668530014629
0.8782763195827876
0.8684526335033171
0.8897171357818693
0.9265282353399624
0.910634868859991
0.8948798611646627
0.8933620399530969
0.8764271730125645
0.8499174408828037
0.9003957586337624
0.8271930338698837
0.8271801641751831
0.8040265652561608
0.8603927747818227
0.9209615823921314
0.7453617085204698
0.8597211870415598
0.8944190996028022
0.8725471933286628
0.8824620250090776
0.8891188664443762
0.904188504153167
0.8127487130054106
0.896100402530246
0.8973401652302663
0.8945459047255616
0.900851463322121
0.826940018610489
0.776504698938693
0.8957005188730502
0.9115456114684827
0.8582884002140955
0.8851582989609936
0.7987316514400367
0.8238870256110434
0.8816372652087797
0.8891677625123695
0.8899198435722931
0.920096575930515
0.8870169096848564
0.8894965307866143
0.8781504607146241
0.8780623380106422
0.8699865875731647
0.8709841879474783
0.8796553150044666
0.8280287993178723
0.9361393646738285
0.8842685141112151
0.841992895285486
0.8248618361566143
0.8144475176880166
0.8302516560283778
0.915604886380042
0.8290199515485118
0.8495046966098247
0.8938184767784048
0.8954165465642748
0.8808072549917955
0.8456550894978564
0.9009633394925579
0.9276466162667577
0.8950107627569381
0.9046984713664085
0.9204081906965842
0.8932750473708067
0.9200500258354233
0.8635593447974492
0.8733793897519662
0.8223079367753807
0.9109710786862911
0.9079131870015961
0.8987666031721074
0.9125393997638943
0.8905451569843456
0.8992866956833117
0.8737214807887037
0.8877084774077371
0.8862922125611662
0.8991109580187521
0.9066993761933207
0.8708729395554408
0.9094140097333311
0.8379298062581437
0.8627148005726749
0.8653444662517958
0.8889389236171089
0.8888182981943565
0.8920727200811549
0.8921891180709051
0.9307356306066291
0.7574424343448485
0.9144558018519613
0.8677592532482282
0.9239289808775804
0.8979631593898513
0.881688409392594
0.9218263569399608
0.8742576394732834
0.8696672220733275
0.8918893324939979
0.8543095500282771
0.8940079658586406
0.9209752243488301
0.8756066126620928
0.8722815501148543
0.9066724539428711
0.8552845137833399
0.8833177649912601
0.8988493417140662
0.9015937934794466
0.8429546229763483
0.8730805529616215
0.8586222854527944
0.8076598520921129
0.786188194387108
0.8128099550143781
0.8556205698493844
0.9243775572182628
0.903976837731671
0.8947962047789647
0.9170692422176684
0.8801187414881175
0.8948216768820698
0.8922641477019481
0.8846820374999611
0.8955366871690174
0.8932132693488477
0.8538914061485706
0.9190634891652227
0.8894899061311364
0.8769385547161959
0.8805251497040597
0.9109824418358298
0.9458280905681204
0.9192219542725096
0.88435064725107
0.872913910078473
0.9208548665591227
0.896300882682131
0.8865095912963012
0.8968865509388072
0.8684661334453284
0.8460568940572109
0.8240414793962366
0.8687101970665925
0.8451165515785297
0.9005013749899343
0.8524329375875894
0.8527468512064295
0.8471383405216445
0.8792768853221916
0.8523807613341425
0.9136437887638738
0.8884302259696498
0.9215936743349907
0.9195624742848142
0.7645483139302287
0.9286831411811883
0.8613617210199304
0.864702932711414
0.9250399591369874
0.9312743259757893
0.8612208032203861
0.8963152999608965
0.9086082849530004
0.9080545189641563
0.8934949860523533
0.8998091991362711
0.9095362067357865
0.9181871150306774
0.8107265615652425
0.8564719398268756
0.892347847054353
0.626485892406655
0.915291879419884
0.7863522131624695
0.8867554130147166
0.9047334958525516
0.8853807557706144
0.9011421556634882
0.8468325929399556
0.9066289721857749
0.8169324863853672
0.8509364829343006
0.892957541706898
0.8967505416251935
0.9190969123069939
0.8519862857818096
0.8787083688247749
0.8815626413827203
0.821968617199118
0.8836361151989578
0.8690866979135553
0.8742922736499857
0.8551103333449394
0.8261258974983628
0.8185947660860413
0.862119439930633
0.7344058573557832
0.8954029153566156
0.8747909838657604
0.8891633176347261
0.728271022359367
0.8879300987852297
0.7718692216544794
0.898878307956945
0.8828750447125354
0.8418680037850091
0.6217390746332622
0.8742018933946069
0.8976242147949436
0.9279072963282615
0.8083753521699213
0.9046411637122532
0.8952251537432716
0.9086470559165944
0.9254573106534967
0.9024125994622895
0.9205664667404683
0.8689284276740777
0.882990457260548
0.9116402952567004
0.8840125747739196
0.8976090620515658
0.8872993552298686
0.8341318253594933
0.9499455222898575
0.8952497376767163
0.8850779947676687
0.8804629242646428
0.8803009399745517
0.8754810433827322
0.8547314728501394
0.8632915439363837
0.85226401079889
0.8477927709343341
0.8743187403146059
0.9007818314294614
0.8352350423404095
0.9072852908650006
0.8134622985771214
0.8735909532013367
0.936623957576875
0.8908146670204612
0.8453044372232653
0.8860336057924235
0.889518758039976
0.8705671093276712
0.8737256721759771
0.93297639101366
0.8810149041263368
0.8916478161892187
0.8774223232109049
0.8976523037478705
0.9052535895004338
0.864802981095523
0.8907314732509622
0.9057076339526262
0.8883191230413412
0.8716028241206648
0.8405531337701628
0.8857684893255666
0.8391086657396876
0.9242187680014389
0.8661553126040658
0.911222893594732
0.8898365840454124
0.9155111811432514
0.8267736865232151
0.9221969081438837
0.911765936529599
0.8424221544200977
0.8740813501904607
0.8858995960630154
0.9109698992794835
0.9202618523941642
0.9121125191208486
0.9098379936433462
0.8915349623738196
0.9135220099047677
0.887768267501081
0.8804087947425867
0.8194014404708462
0.8867834026650009
0.8761535632376689
0.9170342629779611
0.8922320855460548
0.8594252177899824
0.9112765616713197
0.8080228990736429
0.8945545678005004
0.8485463523549719
0.8970984465882949
0.8982538907657522
0.8732745658052871
0.865309146274514
0.8381911687872345
0.923302067399164
0.8788002909384374
0.9204604538656321
0.9207245901664083
0.880322111328589
0.8965331527568894
0.9158159464185871
0.9208485630347838
0.8994944654563112
0.8167709949337684
0.841479723729177
0.8498407505118821
0.8613981775736703
0.8364128594074142
0.8463315059561427
0.8429627773386413
0.7626392101313009
0.8776354353646519
0.8835931743147548
0.892103164908822
0.862054547990008
0.8521073290485364
0.8262313659983785
0.8491887469714672
0.8685565239068777
0.8806897551768802
0.8453433293574589
0.8751737798655193
0.9061863543294045
0.8661182742922924
0.9047862762349891
0.8508883884604254
0.856013069407157
0.8554601010405188
0.7043165519936877
0.8641541446161627
0.8625128789094999
0.8868808730414974
0.893989648695248
0.8778863460566532
0.8704571555113606
0.8652763526465438
0.8735763805440345
0.877633199487478
0.8900723286216299
0.8649524317084382
0.8348748022597815
0.8662060749432207
0.9064832531278445
0.8839097115550303
0.8779423661971216
0.8303524642482584
0.8563683084956861
0.895386431983903
0.9039720527308754
0.8932999668145757
0.8570766790574148
0.8683383137797213
0.8826454798128458
0.892270154989347
0.8818306815528796
0.8575669193229396
0.8547604791546961
0.8666511491291428
0.8686663822277162
0.922827333250208
0.883014614138305
0.9045676331475937
0.8751639998333093
0.820967479465733
0.8770172872635961
0.9052595061740305
0.8893074443872125
0.7789439550891192
0.8590706387884005
0.8738059778203705
0.9114200932394692
0.9103635303378252
0.9152391250389345
0.8854742922364647
0.8879769883144202
0.9252381262052148
0.8738064910487916
0.8139512817270897
0.8508725724309796
0.8838024388274052
0.919390512533704
0.8953131088680827
0.8881935746086275
0.8508853286645022
0.8924633816494902
0.9042149490996331
0.864817787108165
0.8800934494930505
0.9012369935721631
0.8807816824720762
0.8642570742380193
0.8493855897536857
0.8804460449524334
0.8636047915662668
0.9151739434692034
0.8901594348577894
0.8989162431232288
0.9060265728473795
0.8891094441967505
0.8749885760488654
0.8960252542155377
0.8328917815196376
0.8471195775993324
0.8696038870621363
0.9014283008401267
0.8634755391514654
0.8411418858799393
0.9175559913677612
0.9069387927429974
0.8801821145625645
0.8809525308412999
0.8735546318423331
0.9020181248171844
0.9105159835221077
0.865686902575212
0.8688764241262336
0.9191159606957148
0.9264897242469629
0.8754776610937642
0.9294298215696138
0.9075908039436397
0.9255503506200239
0.8382925506439264
0.9052454054515386
0.9012370520622874
0.9176488694141081
0.8936954522186832
0.8799465339342538
0.9201478880799872
0.8723726988709808
0.950907202965635
0.9311793466574126
0.8638694295598196
0.8652660435904164
0.8666222521283988
0.8535927125819471
0.8448314205558405
0.9058839091918129
0.906004939804592
0.8455489552801184
0.884582871012808
0.8476054596857909
0.8954678213300996
0.9044011007819329
0.7731825904435174
0.9216323908820179
0.7687022865922396
0.9005631320270521
0.8769522158340355
0.9224239106149805
0.8936309627264949
0.899643624184044
0.8738249732980482
0.9119197656431606
0.9203992887524498
0.9181441273481641
0.8585594618175474
0.8783009555039089
0.9308136270684686
0.9269374040365196
0.9375205663676043
0.9178625408581188
0.8533072323387264
0.8492336460731557
0.8456013915371984
0.8711444793925694
0.8413442838707202
0.908681743641133
0.8086214234120932
0.8525498939187666
0.8738762795748881
0.8987497770220099
0.9234688034283612
0.8847101778871328
0.8879721382249932
0.9251192822777787
0.8583936327167636
0.9036890466367485
0.8780709377907873
0.8817034504367727
0.8753762457354147
0.8541728332904976
0.9021708245212683
0.8561554995651839
0.7913048023144064
0.9020911111760127
0.912336968642575
0.9013335307721538
0.9095586881244607
0.9038946803527994
0.8937436477234916
0.9048371108505501
0.8603215643012607
0.8870219597577863
0.8880232859460411
0.8645928179402265
0.858085067621829
0.8940286292901409
0.883818627500073
0.8991633610174047
0.8795626107577249
0.895720976438917
0.8843058380395568
0.8930486405037221
0.8680206513438842
0.8652765016749028
0.857855675707591
0.8679476506936467
0.8590327315435965
0.876193721617734
0.91767735853191
0.8955155577876723
0.8922404624307955
0.9062762963068675
0.8697881632292853
0.8985658079530735
0.8897470033040189
0.903945856448071
0.885777763550155
0.8605960919267855
0.8165894359591961
0.8933028245453315
0.9128793247999627
0.8308287725622514
0.8818593199051271
0.9239386570831131
0.841923898984182
0.8864024797030794
0.8691714932029602
0.6478636511265657
0.890585553822315
0.9090620222348827
0.8827519072864468
0.9100233094033678
0.8868114007881462
0.9038279951551315
0.8430808451815883
0.9189132885902604
0.8990420142849063
0.8814623629967662
0.8871718278975813
0.8522978174677273
0.8741851044579085
0.8588577557852203
0.8919219188792967
0.8594765267637152
0.917190632626181
0.0
0.8318062988235745
0.7979602470158245
0.870279673748448
0.837521292632826
0.8528319704326714
0.8869025946203721
0.8751377185362553
0.8897600298560286
0.8216632699881448
0.8624783973346575
0.8758400861067523
0.8288278936042958
0.8854608324016133
0.8607187463185922
0.8811985553646067
0.8960504271484748
0.8125118697453879
0.9193582428968103
0.9276026997557987
0.9088670840607271
0.8682120466267742
0.8763680171364853
0.907517298723003
0.8958569910672073
0.881626799222374
0.9095417560781732
0.8734124490753379
0.9075022162485474
0.8931529146691303
0.8995337590545112
0.9148159663698627
0.8920882789494218
0.8877081399172442
0.8663808191625559
0.9270574819019548
0.9025830811622009
0.8619270638486191
0.8806539199405456
0.9262578803731015
0.8533200580668022
0.8898635158232407
0.9142412565814115
0.8782131788846812
0.8555150505725546
0.8761491511621438
0.9227818568140849
0.9192309214522779
0.9132844235430994
0.7725716445897093
0.8699345589819839
0.8807560032277115
0.9301431647863327
0.8847002779311972
0.8315684999509019
0.8674246194037999
0.8871811012198071
0.8104455421505543
0.891901457850146
0.8709524323686891
0.8742672649285391
0.8880395554934063
0.8986878398956585
0.8815414691252803
0.8954852869828611
0.890662581317831
0.7848914923859482
0.8312748807485363
0.8917763349641924
0.8958882753761848
0.8744700031692568
0.8733777871725784
0.8836221370645722
0.8610918904730713
0.821414148238833
0.8969931539706727
0.8405301788254088
0.8802728526387302
0.8824993809364824
0.888182221499192
0.8728759161304481
0.8565215997911704
0.8834930947103039
0.8794998882896904
0.8376670763673679
0.8906599220299526
0.8999484076276567
0.8473932790406393
0.8389407458146012
0.7905892674428153
0.7499358598141924
0.8986656643796238
0.8987802306578841
0.8805497240444987
0.879386013592055
0.9248455644929549
0.890716062132187
0.9239331738444481
0.6518746003518511
0.8649838840752407
0.8556686014077003
0.7616221013382345
0.8462088132768374
0.8224375155673894
0.9087304970014548
0.8796396198571981
0.8916589605163382
0.7498548682144343
0.8332969488752796
0.8968356725780138
0.7987001465051069
0.8507193165104449
0.7827482310608493
0.9110421160088918
0.8383908166374534
0.8982678135456761
0.8966748637366607
0.8869964367452251
0.9085698639571858
0.9127904792925048
0.8971454355063082
0.9015486905157191
0.8969191458335279
0.908901630999711
0.9217473752156681
0.8841984605008673
0.8822386066407413
0.8603865995292875
0.8787405314825933
0.7598332829301504
0.857955650513009
0.906138263596304
0.9034612342264862
0.8803520958933316
0.9199253410472641
0.8277682716604116
0.9062717362708036
0.904809519111858
0.8720128804381263
0.9054746277704235
0.8667801029074024
0.8758553599803441
0.873549994927762
0.9035566764180666
0.8989361310839085
0.9005606780984848
0.9069902663988247
0.8707176778073025
0.9052239027838332
0.8777609991568409
0.8787558280243513
0.8676906053271232
0.8655380270514662
0.8460262275122299
0.899949134733102
0.8075403910099451
0.8891016384487817
0.8305102631313016
0.863453566590255
0.8881864249011887
0.8518727066732703
0.8712361249197075
0.9129951022253323
0.8570379041184406
0.9083547768759866
0.8972551825840027
0.8686390935660511
0.8960475843819352
0.896370455711931
0.8423387280210611
0.9217137466764478
0.9126785318340124
0.911932381568552
0.9074902437438263
0.8917480669107886
0.887464225599796
0.9242730798459567
0.9136448565684893
0.861797413758121
0.8803089249431206
0.8446497148576251
0.9018580188876054
0.8970792659869029
0.8610647174184168
0.9099646753686914
0.8797582059543575
0.8316733593016256
0.918944402595403
0.8626226959106744
0.9083443436141857
0.905270318811997
0.8666514076450325
0.9365580114411763
0.9037049666320793
0.8687065012296289
0.9038129140833965
0.9248147925528483
0.8972658137109731
0.8902893435545512
0.902419899357892
0.8836994145327729
0.8900244728392599
0.8787052723596022
0.8269652475653302
0.8731261816480324
0.9070628096732792
0.9446862461565204
0.8575783225327497
0.8782492078903392
0.8600751935052672
0.9007179025902109
0.9031245005767007
0.8898181173589657
0.8675470980376048
0.859267222113219
0.8711708665819216
0.8698028525195338
0.905327035722928
0.8883442969494526
0.8747706090384912
0.879753221257553
0.8642742142741483
0.8820654739576606
0.9110265517797945
0.856807917747636
0.8952567421327098
0.898849777564102
0.9053948243582444
0.8433772565265775
0.8944224302962698
0.9250598382644188
0.8877957592876576
0.9099008225646804
0.956464884305412
0.9227228277813947
0.8971231599211339
0.891177434720735
0.8750990744281757
0.8965206604806506
0.8857952273142016
0.8706041018318373
0.9090738250321778
0.9041288928264818
0.9072523707166983
0.8435873571121187
0.8087026235178327
0.8693622108384677
0.8973701158039581
0.8689945442631396
0.9146137572131541
0.8826046743362381
0.8891592864378806
0.8723075984798783
0.9117184076903234
0.8770771828298511
0.8040620665351543
0.8932699564959167
0.8933129597272944
0.8512179506564953
0.859486334136183
0.8008016706374647
0.9054389967942058
0.8662146285824686
0.8473440175005419
0.900571334980226
0.892655900963241
0.9218043121684244
0.8645482832138817
0.8728398251746773
0.8832913594119773
0.8935833741351228
0.884140171599496
0.8138811791708568
0.8755451917233784
0.8575345179087994
0.8837100761445307
0.8560910609291986
0.8807840731749192
0.8871887898818553
0.8697165010120181
0.8568374048719207
0.917519115488981
0.8969700245140505
0.8614228865529127
0.8645398264225612
0.8810581514720762
0.8863646253124429
0.9214230939560965
0.8612226664236596
0.9069472820526164
0.9178904808350729
0.8785051400217264
0.9210171518114104
0.8928021624619575
0.8683812868390807
0.8781972814363046
0.8502603119831579
0.8743138064073676
0.8645090394893843
0.801590508006069
0.909050610568655
0.8725370155119677
0.8575627347717768
0.9017991008025557
0.8758400861067523
0.911553374793606
0.8704600717355684
0.83851605726059
0.8345539851069148
0.8984925242743618
0.888749120517218
0.7037117434244616
0.9117162016758011
0.8858990008256041
0.6227359554690219
0.8892022759431552
0.8783587427662143
0.9150530312806191
0.8573185487533945
0.882609009699743
0.9199945684708986
0.9421171495173242
0.8870914060401756
0.9228075875226273
0.9080466981148657
0.908688306230676
0.8895391006807366
0.9028155040881515
0.8761467023128665
0.8682813708702222
0.8584398682856367
0.8955402817744428
0.9277701551497438
0.8924545311014084
0.9068247592282177
0.8629801493961938
0.882263119307147
0.8940483940764049
0.8952609028639121
0.8791314514397625
0.7814207860037583
0.8571140938364662
0.844919793764352
0.8238900895702392
0.8310988045377637
0.8745283421711563
0.8948869849152651
0.9047696396499001
0.9292305097435977
0.854727233539477
0.9115502978587722
0.8784857092448859
0.8979682094202317
0.8654539238759673
0.9033653830239068
0.9120031727172548
0.9049459440736048
0.908286768501587
0.8863731370041301
0.8381690447198455
0.7767910552429905
0.8913779940012111
0.8818904897892434
0.771092634965762
0.8954401383874153
0.8880998532016072
0.9037246981137644
0.9003365070709575
0.9056395794050903
0.9783375401237905
0.8939980189942408
0.8560847742997973
0.8445093967565456
0.9125261194357978
0.8830907834916654
0.9052819901424949
0.9144122181988387
0.9696316357562408
0.8925825003906961
0.9049967952433626
0.9285168243185247
0.8760904588979904
0.8965824610393025
0.8670717112203927
0.9155109744506853
0.8301621412815081
0.9027868234450676
0.8902449717416152
0.9221474355351503
0.9146900966424237
0.8961937018145362
0.9122569275563488
0.9273252853604271
0.8968242650055632
0.8868362798488324
0.901539290731719
0.8731210113175281
0.8207650970940535
0.8444154813837959
0.8886987938070401
0.8548262614387767
0.831354676672938
0.862367692028989
0.8528082214590552
0.819437609783783
0.8388215644511271
0.9047268801500634
0.7425104447865489
0.8600978209489195
0.7288124910949104
0.8142514397622218
0.8787604681197401
0.05295173004101679
0.8474514917571976
0.8724656074238184
0.8964015840935192
0.850510986669321
0.8877234472191129
0.8688016907634756
0.8721107116740276
0.914785612060289
0.8539632281653997
0.9028506980922237
0.8625932299628813
0.8728353969364874
0.882831715459921
0.9025747398517396
0.9105338266237016
0.875795467194997
0.8555045542298666
0.8599292263966267
0.8989385232832087
0.905961471068204
0.8785945358194124
0.8570354584881551
0.7812225320025762
0.7984758671626438
0.8964928839667827
0.8891892847920694
0.8793370390341285
0.8772140125510371
0.8775726535047745
0.8841136299185197
0.8781354985424863
0.8973526217199927
0.8397856496488436
0.8234176529619459
0.8554287420962193
0.8842302005436768
0.8743796122833294
0.8378066599144585
0.855050123650483
0.8596032447534351
0.8514686953269046
0.8168564299548259
0.9166175188590072
0.8621315828284838
0.8829185284000646
0.8472520402015784
0.9061905786086858
0.79463982182703
0.9187365454491632
0.9115626506333195
0.8983660422010109
0.9029917301209156
0.8489955968886481
0.88796933979914
0.9082424753408117
0.8962530810621461
0.9189885320115553
0.8525831472403282
0.8894885217278259
0.9272071908016567
0.9085157296123003
0.8988777847177882
0.9036329093220891
0.8946228499654657
0.9001424238971321
0.8940030731616276
0.8638941808682243
0.8139453752030635
0.8542001001022098
0.8414201341709201
0.9217857604633848
0.8746898302586402
0.8405073925395151
0.8998531020793192
0.8937147924919459
0.8478446821041983
0.839822329328208
0.8977133501177076
0.8382394241794536
0.8542584984999185
0.9147621179527171
0.8935601159824019
0.8484798948518895
0.8824703095967499
0.8370590954300464
0.8998320910291631
0.877991655876454
0.9010024853222314
0.8987850741545079
0.8710294033302768
0.9113854772334453
0.9499975083102851
0.8734559661138918
0.890560899089843
0.9444307811040379
0.9030948095588014
0.9341818527780664
0.8981870241863448
0.907793634291605
0.9207638065317078
0.8761170456666297
0.8974563486110251
0.8966769520156082
0.9103583054969859
0.899970172679414
0.909153442855334
0.8646718975659866
0.8466193636167733
0.8831698597187115
0.891594336295082
0.8637719200753489
0.9041435183619914
0.8694180858106089
0.8801706390499753
0.9286832475668599
0.8766371075871556
0.9189537704069322
0.8938223923061338
0.9196137848591155
0.847770736398584
0.9289152209790723
0.8366426192115665
0.852568694441733
0.8724676980248124
0.8935984396623042
0.8942332189434943
0.8444690916270211
0.8713531316864864
0.8510716638047573
0.8937541624919212
0.951418310768303
0.9211842658321763
0.9088591803503456
0.8945239066653566
0.8689215395767477
0.9070068321143341
0.9080341820354725
0.8824634687877804
0.8883334686765495
0.9120931721469049
0.8806113328202441
0.9255554807593482
0.8694766415968629
0.8974787536943585
0.8922689104128814
0.8874886930361853
0.8925213228057263
0.891715205162243
0.9091726412935891
0.8981676669281388
0.9046534124411791
0.8962333595220502
0.7823796177902983
0.9051705272320638
0.9036165873553645
0.9045537785692019
0.8821525843867994
0.9004321049542257
0.8817028900114429
0.8709118339779938
0.9083829020972555
0.8800647062380884
0.9115442827631111
0.8477744334577019
0.8998903142885384
0.8903115289340471
0.8701282629523552
0.8898050683633003
0.8765537260272651
0.9005771659852813
0.8783249377768476
0.8373768783581181
0.7178599005412616
0.8904431550240037
0.8918293751813856
0.8543781311993263
0.8907544645323686
0.8860856199897086
0.8826665953334972
0.8802437514251825
0.8036805808319643
0.9593998822536133
0.8195202564618478
0.9234416855806638
0.8469130527137563
0.7741379444137366
0.8561917299666472
0.8906179627434282
0.885294780329329
0.9054944261845734
0.8867429577300034
0.8658644138357728
0.8678779340844772
0.8983777793458769
0.8863299127309325
0.8350126044137754
0.8632374250637733
0.8552195028069176
0.8764478135283229
0.8978656400680355
0.8419321636743665
0.8878011045601473
0.8697064885629585
0.9082373226010922
0.874845671339553
0.8670404712551077
0.8502788839724423
0.8877367679397299
0.894796403077582
0.8919657259065421
0.9058104500948085
0.8651786103796195
0.9177202306340817
0.8861354385207779
0.852377889954665
0.926056184087854
0.8706411332884266
0.8470359631100277
0.8826787145564873
0.9009733311136592
0.8661830477246255
0.8064305612433723
0.8901329248459979
0.9039747862201654
0.9074505626733687
0.8629028885844888
0.8842226818261241
0.9224814381817674
0.8667907061250459
0.9048089823923593
0.8964691113110713
0.8177940708888236
0.8978992850402954
0.880263144057579
0.9184435448252134
0.8865922548918436
0.8943768208541201
0.8815758155963177
0.9108800318515536
0.9195278107447097
0.9056056953794643
0.8735604553042946
0.8964641433848355
0.8844189730984436
0.8735835293995067
0.8554870035327967
0.8409116036395845
0.8404958549191599
0.8717046806447301
0.8898689900495332
0.894480882241271
0.8835570868194879
0.9485913252804773
0.8508341163156743
0.8898689900495332
0.8960936414584103
0.900257315005494
0.9134298599929154
0.9186203148368967
0.8920391352360073
0.8650405541494595
0.9820507758024621
0.888220292937217
0.9156260371820825
0.8451762895234033
0.8837782794771063
0.8619425196415876
0.9032386179230403
0.8725971980515407
0.7777636886417049
0.9049074989580681
0.8989545289162479
0.8931585038253292
0.8767925982881555
0.9024136975981499
0.8595674252228233
0.8992788900450639
0.8724709523380952
0.8595154380603183
0.8890862520439083
0.9425883692370575
0.9225915292038989
0.9193212442783083
0.8311647604523092
0.8982814134843621
0.8623515027814804
0.894247989745377
0.8978579078377347
0.8851277838674342
0.8519113911465017
0.892551323180341
0.8888110737667512
0.8595218362084812
0.8793803939750853
0.8859805876598756
0.8828981123644737
0.9020761476895819
0.8390036368107067
0.8603267522904409
0.9042760227680289
0.8843669315280324
0.9055608221733564
0.887387827935262
0.8730145457414401
0.9508763193027955
0.9385640303381768
0.8803115775552747
0.8859287267506641
0.921452227928863
0.8825315906087352
0.879802976989973
0.9288032823177191
0.8848349035315805
0.9142040116456119
0.9361548218678374
0.9567317644837638
0.9112444867886661
0.9359879043599364
0.8399162403112529
0.8975819303905388
0.8801454867557381
0.8658554868089943
0.8559179783082346
0.8798209228634585
0.8370548251740292
0.7759864388973814
0.8565985059341145
0.9156058886670965
0.8798646949303521
0.9156844384362738
0.9001051266780478
0.8893034236449014
0.9030619604597048
0.9030464934257636
0.9005185817277068
0.8875565586383114
0.866816892002936
0.8706989847314206
0.9218838222567696
0.9202430105204723
0.9118872666980232
0.8834334806444354
0.8965515044099028
0.8646664689728238
0.9076043733597203
0.8973972509101399
0.8833069074728805
0.9046712394680636
0.8806759856610971
0.879174541196315
0.8849887720536849
0.8720190138087198
0.8796708701443416
0.8541437714401334
0.9072051089791334
0.9101905276823165
0.8780463596390455
0.8435371628615942
0.7233057502932212
0.8940866097179057
0.8799096890600514
0.8926557058339345
0.862443704246889
0.8612435932809079
0.924446426490095
0.8955801183022795
0.8011665165198542
0.8431396285545891
0.9027891477462517
0.8127151700182037
0.8547220084716856
0.8493261327267105
0.8451552040614121
0.8898769942445073
0.9217303359149008
0.8961446734617871
0.8724576257977584
0.9075865668380594
0.8601762766780877
0.9021119495956509
0.8676875247745595
0.9210836680549144
0.8205745301605802
0.8722953029958398
0.8802006275733052
0.8910658899753663
0.9251875059068276
0.924659459379327
0.9005621344410628
0.8788828877103035
0.8907992462391483
0.806466377365906
0.8554259173074849
0.8954510437409289
0.8713672244001144
0.8769900153217492
0.8708008257169239
0.8848848554339563
0.8537530643960577
0.8744769953746548
0.8766985263331086
0.8743198913114351
0.9663238223362931
0.9268201645919618
0.8885025015993412
0.9023549242908209
0.9296859858013082
0.8890002958728704
0.9231857271373833
0.8527659783215327
0.9000971415780015
0.9733751357995326
1.0
0.8956693895109834
0.8689733152574902
0.8088911653576977
0.8854701306444193
0.8830333423917878
0.862606804704147
0.8991220832714485
0.9231744548770201
0.9342110384974714
0.9112286521601966
0.8901025836027154
0.9152937660397947
0.8482814825916133
0.9062239267836044
0.8672990420513802
0.8925284354135459
0.9122480745985303
0.8292661572357478
0.8487124592039208
0.8725051247640795
0.834289493257657
0.8628245887549877
0.8706073555436429
0.9035968782421303
0.8181595943515193
0.9062038777649211
0.8928587808423801
0.9117835675652326
0.919514370633207
0.9043184570659702
0.9197077845658124
0.894736506952496
0.8855703592945552
0.8846888198645568
0.9054252880803341
0.8872456235860282
0.8812594926359912
0.9112548223173625
0.8029786923005645
0.93376968720798
0.9091869987619082
0.8738454456786647
0.9166664176640187
0.9042740530178045
0.8588047512194623
0.9296697622980625
0.9020017588415156
0.9138378122447587
0.8029107040602438
0.8356276774485198
0.921092406296238
0.8489261249323314
0.883941280240339
0.9248005653555752
0.9334182525301693
0.8743814031930223
0.9325882056677207
0.8692740340787523
0.8476952584030653
0.892900589612242
0.06507871123137725
0.8861533656964511
0.9467559558606945
0.917121754127521
0.8832520090066777
0.9058630779247541
0.8761219541061894
0.9336512678755621
0.8970463980850778
0.8846835497464757
0.8873521657415945
0.8685151382899131
0.894050397011795
0.882195916986128
0.8957325294983216
0.865815906960176
0.8791124887424705
0.8350232207522408
0.8801601346905682
0.8853568212482341
0.8710566882405748
0.9175048977261686
0.921870257162027
0.7848318724743735
0.8450854700961455
0.8904185959754122
0.8835072521889608
0.8883528272113443
0.9020740170278368
0.8414951147751686
0.8749822553735639
0.8414536890433457
0.9232408547095359
0.8872271237228013
0.8665803921270314
0.8816533071273926
0.8714179345446023
0.884742898963394
0.8955146649820164
0.904422985054731
0.8746886096475666
0.8675415371938147
0.902900498029587
0.8550367097402548
0.9064561008299984
0.8506599669258058
0.8408173067181021
0.8830454978775177
0.7588931807878343
0.8957810604205719
0.902847830241384
0.8648462042209604
0.8714870048077997
0.893932745051993
0.8979880337363766
0.8834608841183055
0.873272426475421
0.8848339203512169
0.8296589515538252
0.8967715379700267
0.8368879619813356
0.8458212772572741
0.8566041945118159
0.889630700886318
0.8409138487749162
0.888705292001872
0.7931476496905681
0.86678230069434
0.8711789319388542
0.8332234043754423
0.9012185549340216
0.9153327377138002
0.9116158912156733
0.8833511454687286
0.9178672287004422
0.9142924682237104
0.9201526227244466
0.8838987221519728
0.8695098540060565
0.8643279659480183
0.8846189121962088
0.8951003948682806
0.9127521674298678
0.9240835478332726
0.8717867537351554
0.9158557961159047
0.9173394406137094
0.846846058160075
0.8931243556647868
0.8896477719199855
0.9140503149586103
0.8399001010525654
0.7975936999724551
0.8678736155545697
0.8714984100173413
0.9019883331623539
0.9086670586258447
0.8693502493609956
0.9037832581950136
0.8621065787088932
0.9191620503641833
0.8681682937175705
0.8876786629409069
0.9059532475928218
0.8788932753763042
0.9050984131286793
0.891656699067741
0.9064626788612681
0.8531815320077579
0.8851242861809409
0.9033627421712249
0.9142033761259806
0.8884108390644888
0.8984093882748752
0.9376634326949056
0.8747891824759103
0.9022218178219109
0.8982341319362416
0.869789254523747
0.8639350157637284
0.9102010581174562
0.8919018653881816
0.901924121504452
0.8493048851962692
0.8834446819346284
0.8736393678014223
0.8600301874817988
0.9046183465488621
0.9379106386298197
0.8579781957125875
0.912204346027596
0.8742985789576776
0.8930869562668223
0.8876635912310497
0.8579616843834078
0.8986726931242582
0.8867922545072616
0.9137398594508148
0.8583501134134526
0.9200502626690433
0.9224856081659254
0.8811960948064084
0.9246313147067466
0.9167579780518986
0.8956590689157382
0.8470724565315261
0.9135346418021463
0.8463343882595011
0.906070837341688
0.82860913978348
0.8508507129002246
0.900417214688944
0.8190303461595381
0.8208223719006803
0.8872297179001523
0.9000992765102135
0.8389229706971146
0.8895168283570775
0.8946200188967032
0.9188715060693768
0.8355686454832673
0.8975925699820394
0.8535236960452103
0.9207397270685644
0.9548367694858494
0.7807621253612997
0.878435668076282
0.8509771084367237
0.7346446604237118
0.9151004146996087
0.852693376456678
0.8900010839666544
0.8458548003324653
0.8938964488901939
0.9002341704515272
0.8332617119862624
0.8514972584795482
0.8710629175608443
0.9274053840151114
0.8094234521229773
0.9025284742402764
0.8690019484133248
0.8624934224653309
0.8911880717507652
0.9205174045823707
0.8855691177714443
0.9264320199492118
0.8413378066059594
0.8849380927857015
0.861328890996962
0.8211588933086581
0.779161784278311
0.8958192418776859
0.9015283582650471
0.9166446602563043
0.8454458876608933
0.8844259216458389
0.8969153634267626
0.9239909006165701
0.9067241812746415
0.8705074086035688
0.9229262847982886
0.9030677306854604
0.8765546497463145
0.7575720204161563
0.8951146979333967
0.9167823720701163
0.8886394138452944
0.8878749287569071
0.8392477502366891
0.8652457899343085
0.8578701560840366
0.9211756175485306
0.9007641870171924
0.8702091316430524
0.8758887095087714
0.9079398677977865
0.907585757556083
0.9102894564624989
0.9175992085609732
0.8895686107345733
0.8929833616598677
0.9231381684815531
0.8920225414544741
0.9135674708114765
0.8774460443284756
0.894386132265504
0.8998317098571067
0.856957576872604
0.9027630663808318
0.9134480884257737
0.8373929368697155
0.9092576101303231
0.8770090526364561
0.8787972063388791
0.9033896763821953
0.8803664296034344
0.889124627386568
0.9203146042063057
0.8926825726692507
0.8850310926749724
0.8668756452824349
0.8475987728128248
0.9002626157884764
0.8321893974328155
0.9074327686210043
0.8783895768159792
0.8632112421167757
0.8424344472819754
0.7666964609024951
0.8809351670207347
0.9256206068551827
0.8787049245244206
0.8947431517708965
0.9079942050521662
0.84949716030016
0.9317025967800416
0.9146094139303318
0.8251057528827062
0.8474939109907165
0.8983335384061499
0.8662664451600972
0.7862146005517094
0.8398356200064668
0.8468074704772909
0.862529284817179
0.8450072392358685
0.8677520832114786
0.8270424539228113
0.8114989847390867
0.8320650367205599
0.9093602102059609
0.9048104048203665
0.8729658789070343
0.8421437590801333
0.8733747278028269
0.8552427818106269
0.8569860526052094
0.8428655251332429
0.8507505943477588
0.8826224293157514
0.9004345830938225
0.9061511333930065
0.9186731818173738
0.8872433321466247
0.8934417116651119
0.9394431091976454
0.892518719149952
0.8917329015310759
0.9162106834742311
0.8306110931131863
0.8733548266230571
0.8528186409824186
0.8453629142354987
0.873199102913672
0.918130309336534
0.8694590027756769
0.8807666240933677
0.8383978569429232
0.880247145820113
0.901332450440037
0.8644277335964363
0.8968074538440206
0.9066912760931829
0.8698000325487935
0.8751102086459993
0.889655633074019
0.8227322822407243
0.9034325655895445
0.8785925910091839
0.8425321317551915
0.860351410796245
0.8434252892806519
0.8319864751381307
0.8707938547063182
0.8992746536861947
0.938326713322133
0.918452580487653
0.8747667392377924
0.9042622956454782
0.8816701838473711
0.9279683216268476
0.9010364049220443
0.8695118562688205
0.8862435849633162
0.8843898870745667
0.8854652989252083
0.8520952112446833
0.8564359112603592
0.8609169386125104
0.8901920673562582
0.9022448086068736
0.9042863110500144
0.8918113351193726
0.8787817775686813
0.8904085319561191
0.8938207273486197
0.8966065332995148
0.8838118110271493
0.9187799948231945
0.9046989954750783
0.8963243395873082
0.8660523778852527
0.9264842339628274
0.8910122675066697
0.884115444349346
0.8643498209368948
0.9357112495235443
0.9001352497589543
0.8797879703022987
0.8527803172922783
0.869138232061306
0.8617395389638675
0.8987411678394583
0.7942861526789657
0.885055830659753
0.8722764041848176
0.9151570880961829
0.9255648615372992
0.8878382334289425
0.8969542017466117
0.903010695083114
0.8729522172408485
0.8713619448963331
0.9207084629336745
0.8908473482137018
0.9183513964946255
0.930559993954112
0.8982452118581616
0.8761868854168474
0.9277135184314262
0.8877484792968259
0.8639173015642578
0.8743943027308871
0.9790047176708917
0.9143901036996869
0.8994854839216256
0.9298484694678912
0.9315195166205421
0.8945126284038891
0.9327214018180121
0.8480034256076279
0.9137737241605974
0.9105872904016685
0.8647355226618917
0.9236194045913316
0.8619973121012022
0.9066589489140943
0.9122890815882695
0.8940866097179057
0.8519534618385073
0.8781324479284718
0.8835210163079568
0.8281983638897669
0.7536053026882069
0.8587590592378543
0.8289265686920239
0.9003065451982184
0.9076186426842721
0.894902294110775
0.8922689104128814
0.8799213797298484
0.9212805304178243
0.9007545562930587
0.9128486093730632
0.8665044898424019
0.9220238356201341
0.8768609093676876
0.8808463569722703
0.9018386046635843
0.8911546464405248
0.8592889520140561
0.9045421120236375
0.7134099632192049
0.8804295796214572
0.8602652621948024
0.9043052660942476
0.8300667252485402
0.8805351739892373
0.8944659929275499
0.875374557127028
0.9204604538656321
0.8907250059092153
0.8452838788417092
0.8679331894040491
0.9092556244067898
0.8210467713219564
0.8763258584054705
0.8845729272548516
0.8913463547348579
0.9132098207207461
0.8728287615035841
0.8322028137366657
0.8721466316685534
0.8757065247607999
0.7944825328755001
0.8713720237266126
0.8492074061541764
0.9047376770596974
0.9027467798614893
0.9280096232704969
0.9033540200848639
0.8282346219446363
0.8899111455907384
0.8811827543533715
0.9475884656524602
0.9169316323901036
0.7397638520565636
0.8615093017547739
0.9029792480072286
0.8903262084691733
0.8836489623348889
0.8468496374184745
0.8751271630830334
0.9208892479613942
0.9242588729954705
0.8991710788006145
0.9215768974746495
0.9266071317985799
0.816857145162374
0.7875027027079848
0.7478670176701728
0.8382499285843541
0.8764091891153898
0.8844529295882727
0.8584392289080568
0.906161311539095
0.9396318994441364
0.8580128684242065
0.905389995591625
0.8809337428320592
0.8941029895956133
0.8742112645136705
0.8900464109407091
0.8997931629152499
0.876732059416501
0.8836960230098967
0.8887909052125429
0.8703320940341591
0.8736274013471311
0.8288229200980433
0.8345616975554897
0.8515834632686824
0.8390745109926582
0.8689492824553022
0.8220432762021663
0.8684076773452567
0.8688477939208452
0.8704755763749723
0.9254021700834114
0.8949342623396885
0.9085153922166859
0.9106946354957632
0.8659163137156227
0.8626748580851238
0.8379843057064346
0.8110391472566849
0.8887145369553551
0.8787770596764687
0.8410808509765555
0.8980404336596447
0.8687024696818563
0.8918008005138977
0.8444894885100779
0.8934331969945439
0.917827543696534
0.9285194201734032
0.8897931285982535
0.9027200487057973
0.9105383228078646
0.8609097274617917
0.8716638994894338
0.8830854490814336
0.8941687423122306
0.8743347754684014
0.7804082666039145
0.8298922503433779
0.8634658099251586
0.7978745591440422
0.8619715303647221
0.9013085137632176
0.893708131536976
0.8784814630602698
0.9003513337758725
0.8382280591420809
0.8459337756760869
0.9201267346738387
0.8897449588601427
0.8759012085980431
0.8910131792568294
0.919035034941801
0.832845265934303
0.8567343786669646
0.9261620688101071
0.8992509013286133
0.9061910666576765
0.8696301683222393
0.893268131683838
0.8804401914738839
0.9177067980379158
0.8960107828592014
0.8807840731749192
0.8432390501598451
0.9009986844599407
0.8303702050047771
0.8336802630717458
0.8619776612261968
0.8532409105437948
0.9056384543097407
0.8840656967200256
0.8994041107455153
0.9160118222699267
0.835479071459352
0.867920102881949
0.9179493986284049
0.8908489546206052
0.8876520918789633
0.8852074561928979
0.8921832213565762
0.9004394983876246
0.9182090543004492
0.8752093159371557
0.8643593605397051
0.9365717815128737
0.903899239435788
0.9201385736526372
0.8763812835774604
0.946750585564636
0.910172591009244
0.7894953934685321
