0.38295894861221313
0.14229601621627808
0.006642976775765419
0.31474924087524414
0.13778366148471832
0.2152779996395111
0.3074306547641754
0.2996625304222107
0.32104507088661194
0.2585897743701935
0.23461219668388367
0.2932558059692383
0.1431708037853241
0.2490738332271576
0.17054085433483124
0.2023194283246994
0.34164783358573914
0.24087271094322205
0.19850845634937286
0.10419337451457977
0.1297418177127838
0.2213919311761856
0.26483049988746643
0.2604823708534241
0.441257506608963
0.3556266725063324
0.04258003085851669
0.262563556432724
0.20857569575309753
0.35955771803855896
0.18580593168735504
0.37978050112724304
0.16037403047084808
0.10081643611192703
0.23274573683738708
0.19958454370498657
0.3100377023220062
0.21221007406711578
0.1434614509344101
0.07059319317340851
0.08712434768676758
0.16197773814201355
0.1028887927532196
0.3662734627723694
0.21288250386714935
0.38618332147598267
0.34995102882385254
0.2804706394672394
0.11503933370113373
0.029615456238389015
0.18679796159267426
0.20607990026474
0.22245389223098755
0.19747580587863922
0.2782227694988251
0.1994016021490097
0.13797049224376678
0.3181484341621399
0.27772727608680725
0.2626461982727051
0.35788655281066895
0.23190662264823914
0.15209908783435822
0.2638441324234009
0.34894663095474243
0.21343237161636353
0.19300159811973572
0.22063228487968445
0.3098282814025879
0.33830973505973816
0.3538499176502228
0.14921410381793976
0.24113227427005768
0.2608320116996765
0.003419314045459032
0.24978968501091003
0.3073243796825409
0.3605017364025116
0.19745850563049316
0.29138052463531494
0.22085018455982208
0.22491225600242615
-0.04986223205924034
0.2573293447494507
0.245502308011055
0.2938353419303894
0.05942762270569801
0.23042899370193481
0.014779475517570972
0.11447356641292572
0.3254881799221039
0.3114132881164551
0.18535387516021729
0.23515571653842926
0.21771445870399475
0.28246670961380005
0.1936115175485611
0.18178482353687286
0.18344008922576904
0.4743180572986603
0.17642736434936523
0.2789347469806671
0.2300984412431717
0.1425262838602066
0.137154683470726
-0.04453548789024353
0.11840920150279999
0.19654664397239685
0.17082691192626953
0.09304334223270416
0.22828248143196106
0.12829138338565826
0.17937661707401276
0.18857012689113617
0.14802394807338715
0.2793101370334625
0.00702403811737895
0.2527495324611664
0.1962679922580719
0.28552013635635376
0.2566074728965759
0.3683454692363739
0.2396836131811142
0.22838667035102844
0.2874904274940491
0.4336581826210022
0.4234115183353424
0.17007961869239807
0.29592782258987427
0.20624800026416779
0.19781485199928284
0.2559205889701843
0.18796904385089874
0.2977052927017212
0.2396959662437439
0.17572598159313202
0.13584022223949432
0.1864762306213379
0.20351170003414154
0.25167733430862427
0.18085600435733795
0.14076046645641327
0.09993954002857208
0.17679287493228912
0.32529184222221375
0.11033521592617035
0.14742746949195862
0.11768769472837448
0.06028439477086067
0.29293549060821533
0.17989152669906616
0.2958250641822815
0.35392656922340393
0.1630912572145462
0.05173858255147934
0.15759816765785217
0.18542097508907318
0.121712327003479
0.43278515338897705
0.24386292695999146
0.3673025667667389
0.25794774293899536
0.1175079345703125
0.2740042507648468
0.1301027536392212
0.4359586834907532
0.1387636959552765
0.18870043754577637
0.15885049104690552
-0.008669067174196243
0.05272001773118973
0.21855568885803223
0.03572091832756996
0.11489982903003693
0.08885166794061661
0.18400056660175323
0.2704090476036072
0.06571779400110245
0.20840370655059814
0.16549064218997955
0.24212254583835602
0.2162294238805771
0.08497077226638794
0.12769559025764465
0.07745972275733948
0.2639578580856323
0.10268431156873703
0.21119262278079987
0.13699540495872498
0.1575625091791153
0.08613231778144836
0.27676597237586975
0.1333458423614502
0.2596457302570343
0.2890351712703705
0.2258114069700241
0.21424534916877747
0.2502385675907135
0.05199179798364639
0.11843816190958023
0.22814403474330902
0.29388442635536194
0.38365113735198975
0.2383984476327896
0.1595412641763687
0.1892845779657364
0.2172454595565796
0.11240439116954803
0.057513486593961716
0.18676193058490753
0.30016788840293884
0.1755727082490921
0.3026421368122101
0.2062780261039734
0.04093111678957939
0.23414991796016693
0.1805194467306137
0.34731149673461914
0.21755553781986237
0.25901180505752563
0.19723565876483917
0.05529492348432541
0.20402131974697113
0.2443905472755432
0.3226187527179718
0.30060476064682007
0.25140681862831116
0.21663767099380493
0.2569775879383087
0.010380136780440807
0.11489700525999069
0.13944247364997864
0.09503835439682007
0.22511708736419678
0.1705094277858734
0.32269397377967834
0.13050958514213562
0.1216028481721878
0.07080437988042831
0.2610372006893158
0.2595461308956146
0.1824282854795456
0.19029249250888824
0.3085915148258209
0.23086903989315033
0.17030423879623413
0.37162667512893677
0.24755558371543884
0.186160147190094
0.20409971475601196
0.271888792514801
0.21245446801185608
0.27445170283317566
0.16744644939899445
0.2622866928577423
0.32663774490356445
0.30872076749801636
0.2743503451347351
0.1761808544397354
0.1770906001329422
0.1996791809797287
0.36964651942253113
-0.004820660687983036
0.22390468418598175
0.2566940188407898
0.28396445512771606
0.41896557807922363
0.15835393965244293
0.02985525317490101
0.3725127577781677
0.24754111468791962
0.20846691727638245
0.11093629896640778
0.2268320471048355
-0.13228563964366913
-0.06902303546667099
0.1047898679971695
0.10715039819478989
0.053857553750276566
0.018029270693659782
0.06641599535942078
0.09554973244667053
0.27747511863708496
0.10583557933568954
0.031314872205257416
0.28864315152168274
0.20639103651046753
0.1120561733841896
0.21937255561351776
0.2443983256816864
0.1585577130317688
0.11559662222862244
0.15787717700004578
0.39361807703971863
0.43254464864730835
0.17999958992004395
0.08569828420877457
0.11897673457860947
0.3030899465084076
-0.03545675426721573
-0.019863242283463478
0.19661656022071838
0.1253855675458908
0.1941133588552475
0.011342503130435944
0.11018688976764679
0.15914291143417358
0.21164432168006897
0.29076460003852844
0.2938593626022339
0.19075584411621094
0.19100941717624664
0.049637265503406525
0.1824342906475067
0.06986391544342041
0.21166585385799408
0.011530385352671146
0.25146472454071045
0.25440552830696106
0.09880659729242325
0.4888390302658081
0.24308915436267853
0.24330033361911774
0.06975902616977692
0.165140300989151
0.0505208782851696
0.11223240196704865
0.13919666409492493
0.23563708364963531
0.33873459696769714
0.24602781236171722
0.16696827113628387
0.13901974260807037
-0.06068664416670799
0.08314739167690277
-0.005950425751507282
0.09745504707098007
0.13155953586101532
0.03399183973670006
0.12115150690078735
0.04091522470116615
0.16239093244075775
0.10172230005264282
0.16271866858005524
0.18567101657390594
0.4680822789669037
0.2818281948566437
0.2620391249656677
0.6661033630371094
0.18994957208633423
0.3110138475894928
0.11217448115348816
0.18529736995697021
0.13993830978870392
0.3241002559661865
0.2245912253856659
0.12070333957672119
0.4014582633972168
0.4066409170627594
-0.02089235559105873
-0.027082225307822227
0.24448943138122559
0.06611192226409912
0.1658201366662979
-0.04406684264540672
0.051533039659261703
0.1378656029701233
0.2509932816028595
0.24563580751419067
0.17188604176044464
0.22659683227539062
0.3863757848739624
0.34042447805404663
0.15795345604419708
0.13271509110927582
0.22490942478179932
0.28982412815093994
-0.0021941952873021364
0.18097254633903503
0.11560121178627014
-0.04783472791314125
-0.076643206179142
0.019743166863918304
0.2346789538860321
0.2997094988822937
0.27672359347343445
0.19615498185157776
0.3122018873691559
0.21727584302425385
0.14412540197372437
0.10020723193883896
0.08045700937509537
0.2379220426082611
0.12939712405204773
0.08576750010251999
0.13209740817546844
0.20724180340766907
0.1909218281507492
0.2635665535926819
0.15242965519428253
0.2264605164527893
0.23708221316337585
0.2928302586078644
0.08340060710906982
0.1542646735906601
0.12511222064495087
0.16347302496433258
0.34021010994911194
0.27309131622314453
0.46754971146583557
0.30063584446907043
0.28496426343917847
0.25633376836776733
0.2655876874923706
0.14169670641422272
0.3018295168876648
0.18620005249977112
0.16049516201019287
0.23324687778949738
0.15789517760276794
0.07950276136398315
0.122804656624794
0.014390290714800358
0.32444071769714355
0.2709539830684662
0.18477611243724823
0.1768384426832199
0.24855750799179077
0.1412435919046402
0.13885515928268433
0.08545848727226257
0.2153443992137909
0.18327941000461578
0.20334254205226898
0.1846005916595459
0.2394007295370102
0.1614638864994049
0.34371593594551086
0.30841174721717834
0.16607582569122314
0.28194013237953186
0.22369632124900818
0.31479373574256897
0.2769128978252411
0.11349353939294815
0.2027990221977234
0.28742969036102295
0.1188029795885086
0.28302401304244995
0.15095025300979614
0.19672004878520966
0.26198190450668335
0.021654833108186722
0.07220114022493362
0.12747734785079956
0.05537403002381325
-0.0743112787604332
0.30110979080200195
0.09914880990982056
0.17897294461727142
0.35941505432128906
0.2520191967487335
0.16784128546714783
0.0797383189201355
0.08383359014987946
0.33807170391082764
0.26269951462745667
0.16734685003757477
0.1249932050704956
0.18113677203655243
0.16846778988838196
0.2758862376213074
0.28091421723365784
0.1741858422756195
0.2324226051568985
0.030951468273997307
0.15401993691921234
0.04111723601818085
0.28452104330062866
0.23239858448505402
0.29639187455177307
0.2661481499671936
0.1543656885623932
0.2013828456401825
0.2128111571073532
0.21689759194850922
0.2620454728603363
0.35375985503196716
0.3626549541950226
0.1111026331782341
0.12778742611408234
-0.026777446269989014
0.23030045628547668
0.03390178456902504
0.1262405663728714
0.32123681902885437
0.1532200276851654
0.24609985947608948
0.16937188804149628
0.2723909914493561
0.19086356461048126
0.2805960178375244
0.11460529267787933
0.1631922572851181
0.2800772190093994
0.2236013263463974
0.35644954442977905
0.20143793523311615
0.17738866806030273
0.18068648874759674
0.2227233648300171
0.33713793754577637
0.43974244594573975
0.11241675168275833
0.24076181650161743
0.38615575432777405
0.3174936771392822
0.37163975834846497
0.48950013518333435
0.32453465461730957
0.16835054755210876
0.3012672960758209
0.35117682814598083
0.04568573832511902
0.10641087591648102
0.19688214361667633
0.24604758620262146
0.42941105365753174
0.3206753134727478
0.41901254653930664
0.14653925597667694
0.28009170293807983
0.19606880843639374
0.48770394921302795
0.2448786199092865
-0.04009447619318962
0.06885316222906113
0.2909136414527893
0.27449831366539
0.18601888418197632
0.23626817762851715
0.2105717658996582
0.289153128862381
0.5630196332931519
0.05725603178143501
0.1591566801071167
0.15185223519802094
0.2650904357433319
-0.0008913808269426227
0.03269997239112854
0.28852343559265137
0.17658381164073944
0.25538378953933716
0.23118159174919128
0.19050121307373047
0.3273179233074188
-0.004567090421915054
0.2715705931186676
0.03062020242214203
0.12729087471961975
0.20137472450733185
-0.03321629390120506
-0.049665872007608414
0.043120015412569046
0.2840050756931305
0.27661728858947754
0.3034939765930176
0.3142198622226715
0.2840304970741272
0.1822817176580429
-0.02058015950024128
0.2609107494354248
0.028617067262530327
0.133560910820961
0.26492902636528015
0.3966711759567261
0.3449530601501465
0.20652523636817932
0.17492853105068207
0.19427862763404846
0.2060975581407547
0.40416067838668823
0.23767200112342834
0.3775103688240051
0.4088771641254425
0.229134663939476
0.10925948619842529
0.33804380893707275
0.37580034136772156
0.3499605655670166
0.26469558477401733
0.2087247222661972
0.21125619113445282
0.26666906476020813
0.21704062819480896
-0.01974351890385151
0.34378162026405334
0.2001686692237854
0.16004204750061035
0.15210650861263275
0.22803455591201782
0.3585731089115143
0.2768440246582031
-0.03500576689839363
0.2275659143924713
0.04668377339839935
0.15426114201545715
0.2011377513408661
0.21656668186187744
0.3165750801563263
0.07762464880943298
0.18472667038440704
0.23314128816127777
0.18941842019557953
0.2006157785654068
0.26498308777809143
0.21060919761657715
0.17729932069778442
0.2808559238910675
0.17231160402297974
0.27691322565078735
0.29064100980758667
0.21000069379806519
0.2806871235370636
0.1688329577445984
0.2237492948770523
0.3765561282634735
0.1565471589565277
0.1728106290102005
0.22432176768779755
0.23980015516281128
0.15642602741718292
0.13424110412597656
0.4172506332397461
0.23357391357421875
0.35377082228660583
0.22566483914852142
0.31824731826782227
0.2831740975379944
0.00998530164361
0.38582414388656616
0.09231971949338913
0.13252650201320648
0.2343113124370575
0.16781620681285858
0.12373417615890503
0.2971179783344269
0.2186305671930313
0.38929855823516846
0.1445336490869522
0.1711747795343399
0.14005732536315918
0.23329773545265198
-0.046124719083309174
0.15567238628864288
0.1895727515220642
0.01675824075937271
0.2625928819179535
0.19630330801010132
0.12559323012828827
0.04158022999763489
0.2709370255470276
0.4100605845451355
0.2179122269153595
0.0791817381978035
0.08539597690105438
0.038104765117168427
0.2794620096683502
0.155639186501503
0.09033070504665375
0.13507385551929474
0.24627290666103363
0.16809344291687012
0.5876897573471069
0.3222426474094391
0.27927446365356445
0.2676236629486084
0.08821314573287964
-0.0023368727415800095
-0.05915568768978119
0.020965106785297394
0.00924684014171362
0.23609018325805664
0.07429327070713043
0.4293135702610016
0.16993235051631927
0.19258910417556763
0.22561046481132507
0.2543380558490753
0.04856859892606735
0.3239190876483917
0.22615326941013336
-0.06308355927467346
0.2985062599182129
0.19554471969604492
0.2868363857269287
0.14366769790649414
0.2217542827129364
0.06369806081056595
0.26478248834609985
0.21799734234809875
0.31185826659202576
0.27597594261169434
0.20578289031982422
0.2743489146232605
0.31107601523399353
0.41477248072624207
0.2644635736942291
0.4766058325767517
0.14649617671966553
0.4290758967399597
0.1375039666891098
0.3549383580684662
0.3110230267047882
0.1316012144088745
0.23228874802589417
0.027050793170928955
0.07486503571271896
0.21218076348304749
0.23181232810020447
0.08220338821411133
0.16406846046447754
0.1271393597126007
0.3420126438140869
0.12650084495544434
0.23270760476589203
0.19694501161575317
0.24185767769813538
0.18194198608398438
0.4428184926509857
0.28417885303497314
0.10850371420383453
0.11996982246637344
0.26446181535720825
0.22521597146987915
0.19390887022018433
0.3474142551422119
0.09632139652967453
0.209652841091156
0.24400313198566437
0.3066953718662262
0.2151377946138382
0.12971779704093933
0.16245697438716888
0.21839924156665802
0.20058080554008484
0.25471630692481995
0.3148159980773926
0.259587824344635
0.15118969976902008
0.1623944640159607
0.236626997590065
0.17135630548000336
0.32797905802726746
0.2268059104681015
0.07243811339139938
0.23384372889995575
0.2300235629081726
0.23148883879184723
0.20138637721538544
0.09041476249694824
0.19812245666980743
0.0896904245018959
0.10666515678167343
0.24919955432415009
0.2742616832256317
0.22208943963050842
0.19304363429546356
0.23657472431659698
0.05308977887034416
0.17478445172309875
0.2744605243206024
0.1417532116174698
0.014436555095016956
0.21472176909446716
0.0706896036863327
0.2353566735982895
0.11096560955047607
0.1303393691778183
0.32984763383865356
0.16182835400104523
0.1529233753681183
0.25398173928260803
0.23629114031791687
0.20708216726779938
0.09132485836744308
0.20899948477745056
0.17294518649578094
0.21498063206672668
0.2823762893676758
0.2602955400943756
0.16985253989696503
0.10468391329050064
0.0172971673309803
0.11553764343261719
0.19273990392684937
0.2794581353664398
0.025880061089992523
0.06405757367610931
0.13969074189662933
0.05453456565737724
0.1626264899969101
0.10928914695978165
0.20020893216133118
0.15282201766967773
0.20619502663612366
0.20467396080493927
0.24555139243602753
0.15393482148647308
0.15184056758880615
0.2781161069869995
0.33943915367126465
0.07163042575120926
0.18314874172210693
0.2348841428756714
0.11862180382013321
0.10400407761335373
0.2969636619091034
0.15805375576019287
0.12184122949838638
0.5903183221817017
0.01337389089167118
0.535411536693573
0.39949893951416016
0.10242261737585068
0.20157530903816223
-0.0170905664563179
-0.05976418778300285
0.18010978400707245
0.17363914847373962
0.14831708371639252
0.1734389066696167
0.05988461524248123
0.08396001905202866
0.13617219030857086
0.14140181243419647
0.3327552080154419
0.11140353232622147
0.2720971703529358
0.3189787268638611
0.08637882769107819
-0.013697739690542221
0.06759202480316162
0.20827268064022064
0.3663479685783386
0.12185005843639374
0.1053347960114479
0.38259977102279663
0.19819308817386627
0.1731489598751068
0.06541407108306885
0.36325180530548096
0.293035089969635
0.2405477911233902
0.14778663218021393
0.09182070195674896
0.20354066789150238
0.14489388465881348
0.22272300720214844
0.16950185596942902
0.21619939804077148
0.2856956720352173
0.23765398561954498
0.2537670135498047
0.1311519891023636
0.25355756282806396
0.13122014701366425
0.39757102727890015
0.11640430241823196
0.19524770975112915
0.2888236343860626
0.24329715967178345
0.15954940021038055
0.33137574791908264
0.4509917199611664
0.2606571912765503
0.4211890697479248
0.1836092621088028
0.3949989378452301
-0.03673484921455383
0.39523202180862427
0.16171003878116608
0.08320566266775131
0.2040901780128479
0.12392064929008484
0.18695476651191711
0.21662601828575134
0.19384001195430756
0.2226862758398056
0.2503187358379364
0.1933370977640152
0.14739073812961578
0.3022342324256897
0.12380092591047287
0.1645907759666443
0.4314841032028198
0.2516438066959381
0.245751291513443
0.18439540266990662
0.27866172790527344
0.10959427803754807
0.24878177046775818
0.054568469524383545
0.2912675142288208
0.19758917391300201
0.2939974367618561
0.3271491229534149
0.19618500769138336
0.2330625355243683
0.3106038272380829
0.20741908252239227
0.18769286572933197
0.35896337032318115
0.2124636471271515
0.37009185552597046
0.22055000066757202
0.2878707945346832
0.27293911576271057
0.10414781421422958
0.3565032184123993
0.20442427694797516
0.510147750377655
0.4659731984138489
0.21686121821403503
-0.0025597179774194956
0.36209943890571594
0.0832642912864685
0.3433126211166382
0.1595914214849472
0.3526332676410675
0.21739202737808228
0.16458866000175476
0.13686156272888184
0.10159904509782791
0.05401965230703354
0.22125597298145294
0.2401469647884369
0.22200149297714233
0.13573108613491058
0.06678857654333115
0.08583001047372818
0.20010757446289062
0.1972579061985016
0.3952754735946655
0.284761905670166
0.19156599044799805
0.011075159534811974
0.11836117506027222
0.08030126243829727
0.13512824475765228
0.15606121718883514
0.11790983378887177
0.08252547681331635
0.5362400412559509
0.28926578164100647
0.25714606046676636
0.20606082677841187
0.27947190403938293
0.3356814980506897
0.3950088322162628
0.1641235500574112
0.09632527828216553
0.33563029766082764
0.17588984966278076
0.12015664577484131
0.1184476986527443
0.14472365379333496
0.26453492045402527
0.013847480528056622
0.22713753581047058
0.20090042054653168
0.34047991037368774
0.26638829708099365
0.35093173384666443
0.259703665971756
0.10350117832422256
0.27417728304862976
0.3644408881664276
0.337138295173645
0.32210949063301086
0.14207316935062408
0.2346457540988922
0.2898901700973511
0.3678520917892456
0.24791721999645233
0.34982457756996155
0.2666298747062683
0.2546050548553467
0.1900262087583542
0.23805412650108337
0.35192200541496277
-0.019260747358202934
0.2589379847049713
0.11038606613874435
0.21932241320610046
0.21683968603610992
0.1638297140598297
0.23959285020828247
0.16599777340888977
0.13770243525505066
0.327750563621521
0.16547192633152008
0.09269477427005768
0.16181069612503052
0.22888779640197754
0.3858933746814728
0.4741845726966858
0.4134933352470398
0.40566301345825195
0.3525700569152832
0.24461516737937927
0.07454613596200943
0.2913953363895416
0.1215134933590889
0.16406846046447754
0.24991612136363983
0.30898988246917725
0.12264608591794968
0.21249578893184662
0.237268328666687
0.13832683861255646
0.2251283973455429
0.23274080455303192
0.11895342916250229
-0.02229899913072586
0.3489724099636078
0.16461621224880219
0.20682188868522644
0.22315385937690735
0.23876503109931946
0.26076915860176086
0.3511599004268646
0.1608426719903946
0.3400610685348511
0.43224623799324036
0.15250875055789948
0.042316220700740814
0.250828355550766
0.07915772497653961
0.18771511316299438
0.10149203985929489
0.05198544263839722
0.167791485786438
0.16553230583667755
0.1661485731601715
0.09805895388126373
0.13021963834762573
0.2027788907289505
0.2124950885772705
0.10875340551137924
-0.0696982815861702
0.1123722493648529
-0.07275630533695221
0.07650335878133774
0.015254477970302105
0.22881187498569489
0.120859794318676
0.13571731746196747
0.2255500704050064
0.34932273626327515
0.22789718210697174
0.2756252586841583
0.13405533134937286
0.32405224442481995
0.12357490509748459
0.15706419944763184
0.1476990431547165
0.1105375736951828
0.11933024972677231
0.2802583873271942
0.18604148924350739
0.1773342788219452
0.14476639032363892
0.1726386398077011
0.18503567576408386
0.06630615890026093
0.2917079031467438
0.1613830178976059
0.25469157099723816
0.36046499013900757
0.303503155708313
0.1789577603340149
0.23303921520709991
0.3947393596172333
0.19180262088775635
0.23465988039970398
-0.02579035796225071
0.8150317668914795
0.026377666741609573
0.2978885769844055
0.26431596279144287
0.15604884922504425
0.4282290041446686
0.31632116436958313
0.1811932772397995
0.16512900590896606
0.13683119416236877
0.12113596498966217
0.23715108633041382
0.15081463754177094
-0.002960203681141138
0.27841347455978394
0.29747113585472107
0.3574405312538147
0.3088189363479614
0.2626666724681854
0.3035871982574463
0.22462867200374603
0.2538139820098877
0.23232653737068176
0.23981039226055145
0.3971171975135803
0.3424004018306732
0.20406050980091095
0.1454101949930191
0.27187079191207886
0.09406150877475739
0.2035805732011795
0.2700845003128052
-0.12038867920637131
0.3043920695781708
0.20221489667892456
-0.03589114546775818
0.1520182192325592
0.09458524733781815
0.2281973659992218
0.1281716525554657
0.2710270881652832
0.16789425909519196
0.17952705919742584
0.3450879752635956
0.2925904393196106
0.04746532067656517
0.2626737356185913
0.2231026589870453
0.0667087659239769
0.0597468800842762
0.14712056517601013
0.19299736618995667
0.2600024342536926
0.15103183686733246
0.37618669867515564
0.2020418345928192
0.028772812336683273
0.15782348811626434
0.21536487340927124
0.179726243019104
0.18628233671188354
0.2853492200374603
0.048054397106170654
0.04893694818019867
0.30193865299224854
0.26736268401145935
0.11613307148218155
0.35458168387413025
0.30796217918395996
0.042713526636362076
0.24290232360363007
0.040788087993860245
0.15980614721775055
0.10823036730289459
0.0754791870713234
0.16196714341640472
-0.0002620461746118963
0.3202137053012848
0.09412825852632523
0.3021060526371002
0.4594082832336426
0.15223823487758636
0.3793577551841736
0.23058050870895386
0.2323579639196396
0.17753487825393677
0.20976866781711578
0.22148552536964417
0.055418528616428375
0.3851132392883301
0.2082098126411438
0.040701210498809814
0.06077493727207184
0.09707539528608322
0.1143457219004631
0.2675025165081024
0.19072547554969788
0.15937528014183044
0.20260372757911682
0.21903952956199646
0.34746935963630676
0.20012523233890533
0.30032894015312195
0.32250362634658813
0.03726176545023918
0.24331305921077728
0.3692891001701355
0.35974594950675964
0.15066277980804443
0.46699702739715576
0.3024909794330597
0.015918422490358353
0.24513395130634308
0.0885726660490036
0.24098394811153412
0.13519781827926636
0.34919559955596924
0.13616053760051727
-0.026967447251081467
0.18311342597007751
0.1321609765291214
0.32707178592681885
0.28270649909973145
0.12900865077972412
0.2043652981519699
0.4141678810119629
0.3259568512439728
0.4589117169380188
0.151457741856575
0.10484001040458679
0.3998884856700897
0.2057083696126938
0.18669836223125458
0.1258390247821808
0.11637216806411743
0.2081812024116516
0.11236836761236191
0.18306821584701538
0.34587764739990234
0.12692181766033173
0.20172858238220215
0.17582274973392487
0.1008090227842331
0.04771218076348305
0.22426384687423706
0.2638448178768158
0.18397971987724304
0.01005522720515728
0.03288573771715164
-0.056336045265197754
0.3986188471317291
0.17655520141124725
0.11833468824625015
0.3609467148780823
0.19793350994586945
0.24139785766601562
0.5557734370231628
0.18568125367164612
0.14965203404426575
0.04996252804994583
0.3192693591117859
0.1888003796339035
0.09316695481538773
0.4270865321159363
0.3020778000354767
0.1600664258003235
0.3633503317832947
0.23661074042320251
0.07720509171485901
0.18321584165096283
0.23798136413097382
0.12281030416488647
0.23117311298847198
0.14583717286586761
0.16535961627960205
0.24088294804096222
0.18272387981414795
0.20173989236354828
0.18185581266880035
0.2596640884876251
0.28148597478866577
0.2346489280462265
0.1742268055677414
0.4012283682823181
0.43230026960372925
0.12121083587408066
0.36936116218566895
0.2505715787410736
0.10633177310228348
0.12537778913974762
0.12261253595352173
0.40455833077430725
0.21942199766635895
0.16981792449951172
-0.0981278195977211
0.17523296177387238
0.07299292832612991
0.14856357872486115
0.30236244201660156
0.26098600029945374
0.056601621210575104
0.11745884269475937
0.020031699910759926
0.2742500305175781
0.09828779846429825
0.09369563311338425
0.0695379450917244
0.31713804602622986
0.2548536956310272
0.3067783713340759
0.2455584555864334
0.1996043175458908
0.22300411760807037
0.19948071241378784
0.17947937548160553
0.23605769872665405
0.3247094750404358
0.41421836614608765
-0.0646505355834961
0.28034207224845886
0.24782752990722656
0.098477803170681
0.1101498007774353
0.2525535523891449
0.01257221307605505
0.3067490756511688
-0.00218395353294909
-0.020931556820869446
0.2608708441257477
0.15979695320129395
0.27923882007598877
0.2719227075576782
0.23841293156147003
0.20385178923606873
0.17768815159797668
0.15806470811367035
0.04332626238465309
0.2350960373878479
0.1104196235537529
-0.043869778513908386
0.13436223566532135
0.24256187677383423
0.07103428989648819
0.15451259911060333
0.11363374441862106
0.20967720448970795
0.12382706254720688
0.01431082934141159
0.16331975162029266
0.05348319932818413
0.129581481218338
0.3628259003162384
0.278957337141037
0.2105177342891693
0.23324404656887054
0.15641579031944275
0.32432347536087036
0.11123542487621307
0.3089694082736969
0.12265880405902863
0.015458605252206326
0.23552794754505157
0.17222614586353302
0.16359062492847443
0.22745607793331146
0.25710684061050415
0.282514750957489
0.2847389578819275
0.2604134976863861
0.4214603006839752
0.33791136741638184
0.13509821891784668
0.11253824084997177
0.07303883880376816
0.28255781531333923
0.2770855724811554
0.14566588401794434
0.22248709201812744
0.20688334107398987
0.41772210597991943
0.2485394924879074
0.09848097711801529
0.4039967954158783
0.057365864515304565
0.3298483192920685
0.41806501150131226
0.18903134763240814
0.2459716647863388
0.4318326711654663
0.2943170666694641
0.41806501150131226
0.23644158244132996
0.15528956055641174
0.0908714011311531
0.18417467176914215
0.0495510958135128
0.10044986009597778
0.6791311502456665
0.0395364835858345
0.16719640791416168
0.16913068294525146
0.1445368379354477
0.08258480578660965
0.13704626262187958
0.021973030641674995
0.17786119878292084
0.0818936675786972
0.15114343166351318
0.19065378606319427
0.22653715312480927
0.04989507421851158
0.2356819361448288
0.11117114871740341
0.3418293595314026
0.19951672852039337
0.17685821652412415
0.22800877690315247
0.20885786414146423
0.1878945231437683
0.32045528292655945
0.18698513507843018
0.23913338780403137
0.32688140869140625
0.23967477679252625
0.20799967646598816
0.31919166445732117
0.22837641835212708
0.34740012884140015
0.19931507110595703
0.19406533241271973
0.12216825783252716
0.38245710730552673
-0.01316093374043703
0.1436394453048706
0.21820995211601257
0.25097596645355225
0.09348126500844955
0.2874138057231903
0.3441842198371887
0.34794047474861145
0.1400802880525589
0.1685677319765091
0.21477685868740082
0.20593085885047913
0.1801355630159378
0.2053343653678894
0.13878630101680756
0.35105395317077637
0.1992712914943695
0.32432523369789124
0.08726278692483902
0.3018870949745178
0.41550564765930176
0.25142940878868103
0.28801098465919495
0.21056857705116272
0.13759896159172058
0.23233571648597717
0.14499099552631378
0.17362254858016968
-0.048750828951597214
-0.1042964980006218
0.10820776969194412
0.27628248929977417
0.14757896959781647
0.12818790972232819
0.20147395133972168
0.11639900505542755
0.3059134781360626
0.009369033388793468
0.39081573486328125
0.3259836733341217
0.20772740244865417
0.09146895259618759
0.2231888324022293
0.30401381850242615
0.18668529391288757
0.19719186425209045
0.11490512639284134
0.134391188621521
0.032587312161922455
0.1754826456308365
0.0391525961458683
0.21998105943202972
0.12054301053285599
0.15774932503700256
0.20373348891735077
0.28373172879219055
0.3073204755783081
0.2248038351535797
0.2580031752586365
0.43097272515296936
0.17731873691082
0.1704285442829132
0.22747832536697388
0.2125791311264038
0.2563493251800537
0.24867863953113556
0.27955135703086853
0.29292595386505127
0.32050827145576477
0.00416024774312973
-0.10410861670970917
0.09587322920560837
0.2783883810043335
0.10003736615180969
0.17822954058647156
0.3766708970069885
0.20397822558879852
0.11880192160606384
0.3023327887058258
0.15587368607521057
0.12056384235620499
0.2481478452682495
0.24525050818920135
0.2357906997203827
0.13054808974266052
0.03720349445939064
0.20003941655158997
0.03179905563592911
0.03206074982881546
0.17746494710445404
0.3787616193294525
0.24971023201942444
0.28692254424095154
0.22879774868488312
0.0831293836236
0.24022535979747772
0.088770791888237
0.23116569221019745
0.32465827465057373
0.12322668731212616
0.016171639785170555
0.09037661552429199
0.16492487490177155
0.30421337485313416
0.10745235532522202
0.25782060623168945
0.5038862228393555
0.25042256712913513
0.16554749011993408
0.2186630517244339
0.21946720778942108
0.313268780708313
0.23245756328105927
0.09735827893018723
0.29563647508621216
0.8336088061332703
0.9289907813072205
0.4075089991092682
0.21487221121788025
0.2905643582344055
0.19030945003032684
0.16453003883361816
0.017844920977950096
0.1691504567861557
0.3324761986732483
0.1741989105939865
0.24675920605659485
0.32328057289123535
0.14298363029956818
0.35591769218444824
0.33811089396476746
0.03559766709804535
0.09329549968242645
0.1996636539697647
0.2703076899051666
0.20146724581718445
0.1770559847354889
0.19231046736240387
0.17513902485370636
0.12490879744291306
0.2681014835834503
0.29929593205451965
0.17261391878128052
0.22608333826065063
0.11678925156593323
0.29389962553977966
0.325748473405838
0.22432459890842438
0.19770677387714386
0.10986550897359848
-0.007395211607217789
0.19072581827640533
0.23756393790245056
0.21118803322315216
0.04172467440366745
0.10593163967132568
0.14124111831188202
0.015273195691406727
0.15007264912128448
0.1375255137681961
0.35446372628211975
0.27104297280311584
0.25780221819877625
0.27684295177459717
0.19583608210086823
0.20754340291023254
0.07096577435731888
-0.10890914499759674
0.0110394898802042
0.25040385127067566
0.43333926796913147
0.04880380630493164
0.16334199905395508
0.35350558161735535
0.1954115778207779
0.1453508734703064
0.3354946970939636
-0.07976339757442474
0.3032086193561554
0.3702126145362854
0.2250937819480896
0.4397982358932495
0.20245645940303802
0.155437171459198
0.2757294476032257
0.12429606169462204
0.21220725774765015
0.020135529339313507
0.21634913980960846
0.05121166259050369
0.13028568029403687
0.15017223358154297
0.16902226209640503
0.008461054414510727
0.18292376399040222
0.3204694092273712
0.2223433554172516
0.13302728533744812
0.2457728236913681
0.16687044501304626
0.15125785768032074
0.15619683265686035
0.23777194321155548
0.02598177269101143
0.08577845245599747
0.1299208700656891
0.1848410815000534
0.16742843389511108
0.29543551802635193
0.3099586069583893
0.10133276134729385
0.27342504262924194
0.2618826627731323
0.021382544189691544
0.1429928094148636
0.10557035356760025
0.04639029502868652
0.05555732175707817
-0.011158505454659462
0.21050041913986206
0.11023209244012833
0.34985142946243286
0.2761228680610657
0.3472786545753479
0.14741262793540955
0.2797212302684784
0.04329695180058479
0.16638660430908203
0.03155078366398811
0.431816428899765
-0.26085638999938965
0.16163304448127747
0.1343580037355423
0.004429004155099392
0.022180689498782158
0.18234705924987793
0.13551919162273407
0.05485912039875984
0.3159344494342804
0.18476268649101257
0.16907452046871185
0.26450735330581665
0.3085699677467346
0.2095080316066742
0.18341536819934845
0.34443286061286926
0.10239578038454056
0.01653963513672352
0.15572252869606018
0.08789071440696716
0.2794959247112274
0.28894299268722534
0.18601040542125702
0.4530368745326996
0.21614818274974823
0.2215215414762497
0.27133822441101074
0.20154565572738647
0.08670373260974884
0.08957917988300323
0.20185571908950806
0.1892298310995102
0.17195174098014832
0.15417496860027313
0.2744312286376953
0.09774216264486313
0.19432348012924194
0.08664651960134506
-0.1232093796133995
0.15300212800502777
0.0029782147612422705
0.06649862974882126
0.14863915741443634
0.28110209107398987
0.2741522192955017
0.1260880082845688
0.3924996256828308
0.26144227385520935
0.093366838991642
0.22158582508563995
0.2087254375219345
0.06408052891492844
0.1364631950855255
0.26918748021125793
0.2872905433177948
0.23913444578647614
0.10156761854887009
0.16332150995731354
0.04597921669483185
0.01396155171096325
0.036938268691301346
0.17044125497341156
0.012423178181052208
0.15927286446094513
0.10744069516658783
0.09738582372665405
0.020469974726438522
0.3547776937484741
0.22036141157150269
0.01787211373448372
0.2735186517238617
0.3195342421531677
0.06466571986675262
0.2232460379600525
0.15174593031406403
0.07313701510429382
0.09937165677547455
0.2262147217988968
0.27152928709983826
0.2547745704650879
0.2692718803882599
0.05293120816349983
0.03692202270030975
-0.08177606761455536
0.13905645906925201
0.06507609784603119
0.1725245714187622
0.32261520624160767
0.21880397200584412
0.31535103917121887
0.3441905975341797
0.3364012539386749
0.20059598982334137
-0.17734628915786743
0.17316272854804993
0.15606898069381714
0.3213646709918976
0.39641088247299194
0.22202657163143158
0.27956336736679077
0.2887635827064514
0.1794465333223343
0.19980667531490326
0.2671069800853729
0.3103262484073639
0.22303414344787598
0.18933860957622528
0.1909465491771698
0.21947215497493744
0.23158065974712372
0.06521947681903839
0.5492632985115051
-0.017737912014126778
0.012042470276355743
0.20895886421203613
0.08991185575723648
0.28014007210731506
0.23588287830352783
0.1209576204419136
0.08111494779586792
0.1312367469072342
0.22633054852485657
-0.02991175837814808
0.03770675137639046
0.0901661366224289
0.20436705648899078
0.3074984848499298
0.2875494062900543
0.20463722944259644
0.24696475267410278
0.41147464513778687
0.3606412410736084
0.21839606761932373
0.31078606843948364
0.07089373469352722
0.15358731150627136
0.2797296941280365
0.24049481749534607
0.20108230412006378
0.25483566522598267
0.3338528275489807
0.2604544758796692
0.21316538751125336
0.1150241419672966
0.24584698677062988
0.2533304989337921
0.33492398262023926
0.17951823770999908
0.2311699390411377
0.16537868976593018
0.11145050078630447
0.28000906109809875
0.3632214367389679
0.28780263662338257
0.18599945306777954
0.029584378004074097
0.16266074776649475
0.2364288717508316
0.3124815821647644
0.3092823028564453
0.2996402680873871
0.2801877558231354
0.07313666492700577
0.28406935930252075
0.2730514109134674
0.2183515727519989
0.28027746081352234
0.24621957540512085
0.2178666740655899
0.1617870330810547
0.3388175964355469
0.19801296293735504
0.3788071870803833
0.29786455631256104
0.2152193784713745
0.12468630075454712
0.15504905581474304
0.22696872055530548
0.1248999685049057
0.12709875404834747
0.4148484170436859
0.25081703066825867
0.33182814717292786
0.3836490213871002
0.09891713410615921
0.1455249786376953
0.13293758034706116
0.24251173436641693
0.2291332483291626
0.34433963894844055
0.11306268721818924
0.3077629804611206
0.16673730313777924
0.36499571800231934
0.19838379323482513
0.14015161991119385
0.2150374948978424
0.1500994861125946
0.1028503030538559
0.25307798385620117
0.21940787136554718
0.21596136689186096
0.16079075634479523
0.14354126155376434
0.15556925535202026
0.2950434982776642
0.26301172375679016
0.3717682957649231
0.20718811452388763
0.2747225761413574
0.20525455474853516
0.13933157920837402
0.21672631800174713
0.1948641836643219
0.238009974360466
0.16160303354263306
0.10826674103736877
0.11181778460741043
0.21233615279197693
0.22191709280014038
0.18831337988376617
0.251262366771698
0.21638481318950653
0.33865582942962646
0.2461305856704712
0.2116810381412506
0.026685625314712524
0.2915927767753601
0.2639836370944977
0.024430684745311737
0.09701323509216309
0.24120856821537018
0.09340286254882812
0.2406201958656311
0.31391578912734985
0.16970068216323853
-0.01389374490827322
0.3701363503932953
0.34921008348464966
0.25531384348869324
0.22794945538043976
0.21586354076862335
0.21711762249469757
0.32930269837379456
0.3102916479110718
0.13060565292835236
0.2140800803899765
0.06657915562391281
0.18251869082450867
0.1697833240032196
0.12200544774532318
0.21831025183200836
0.14587073028087616
0.17301157116889954
0.3239879608154297
0.20775599777698517
0.13378022611141205
0.23337189853191376
0.1313190460205078
0.15158241987228394
0.08111176639795303
0.05725426599383354
0.06650075316429138
0.19901065528392792
0.2727699279785156
0.1001606211066246
0.1709243804216385
0.17806178331375122
0.23639355599880219
0.14069831371307373
0.16463740170001984
0.27243512868881226
0.11506369709968567
0.12772631645202637
0.42005932331085205
0.1544087678194046
0.03666633367538452
0.14046558737754822
0.2672729790210724
0.28129950165748596
0.2579922378063202
0.2334679514169693
0.04379279166460037
0.16763468086719513
0.1042926162481308
0.17839093506336212
0.1463962346315384
0.26090335845947266
0.28598278760910034
0.346176415681839
0.21214333176612854
0.08770529925823212
0.3539392650127411
0.2595916986465454
0.23674741387367249
0.2219276875257492
0.24156031012535095
0.3176872134208679
0.30494052171707153
0.2774910032749176
0.12094137072563171
0.28914570808410645
0.18788498640060425
0.21307037770748138
0.07426678389310837
0.24361006915569305
0.20117871463298798
0.16548781096935272
0.24106942117214203
0.15176993608474731
0.3016928434371948
0.2756817638874054
0.2540315091609955
0.18889008462429047
0.16406916081905365
0.1325741708278656
0.20530010759830475
0.2768680453300476
0.042623117566108704
0.24567218124866486
0.26405107975006104
0.9787852168083191
0.10826921463012695
0.23785917460918427
0.22363770008087158
0.20982836186885834
0.20451398193836212
0.21278820931911469
0.42220547795295715
0.051452167332172394
0.20062212646007538
0.12975911796092987
0.06983601301908493
0.21517027914524078
0.2979864180088043
0.06233343854546547
0.2018560767173767
0.19074702262878418
0.21787232160568237
0.24529853463172913
0.03780139610171318
0.3671722412109375
0.1912749856710434
0.1327677071094513
0.22151589393615723
0.07185680419206619
0.18682727217674255
0.2846164107322693
0.24331411719322205
0.24458903074264526
0.21723663806915283
0.1732330024242401
0.26993510127067566
0.3120630979537964
0.2557673156261444
0.45455795526504517
0.4475632309913635
0.31433674693107605
0.25165051221847534
0.33741798996925354
0.24642759561538696
0.29248201847076416
0.3494332730770111
0.22553594410419464
0.14340566098690033
0.18771477043628693
0.24926277995109558
0.24930232763290405
0.17897294461727142
0.07843586057424545
0.09901637583971024
0.10049188137054443
0.20181934535503387
0.05633710324764252
0.19070710241794586
0.2020503133535385
0.19183863699436188
0.17099183797836304
0.09263579547405243
0.12769277393817902
0.2609248757362366
0.16738110780715942
0.14668618142604828
0.1455737203359604
0.19369414448738098
0.21733905375003815
0.2058114856481552
0.3092861771583557
0.09284557402133942
0.2074582874774933
0.12859368324279785
0.2342950701713562
0.4123363792896271
0.1440148651599884
0.0945647656917572
0.3893938958644867
0.14130187034606934
0.2671620845794678
0.15363146364688873
-0.020588282495737076
0.11665257811546326
0.17033955454826355
0.49760520458221436
0.20318996906280518
0.06895840167999268
0.14270815253257751
0.04132206737995148
0.085304856300354
0.15714824199676514
0.226410374045372
-0.08701592683792114
0.3095785975456238
0.38810133934020996
-0.02234102599322796
0.14767009019851685
0.16470485925674438
0.10394192487001419
0.21093551814556122
0.11697430908679962
0.1401565670967102
0.27470773458480835
0.23894020915031433
0.12361657619476318
0.16725821793079376
0.11158470064401627
0.1320970505475998
0.34806159138679504
0.2522353529930115
0.178013414144516
0.35007214546203613
0.11569232493638992
0.12236779928207397
0.20171304047107697
0.22299034893512726
0.20317372679710388
0.2974075675010681
0.2272900938987732
0.28966838121414185
0.17968739569187164
0.32953542470932007
0.2926734387874603
0.18953849375247955
0.35373127460479736
0.11824427545070648
0.2040470987558365
0.4119546115398407
-0.0785449892282486
-0.05368697643280029
0.034069180488586426
0.12529303133487701
0.19182027876377106
0.14105430245399475
0.1045956239104271
0.30539751052856445
0.4341423511505127
0.2378867268562317
0.22916962206363678
0.25144073367118835
0.2454521507024765
0.16938601434230804
0.3128584027290344
0.10718607157468796
0.23464010655879974
0.2726142108440399
0.24086812138557434
0.14518488943576813
0.39491525292396545
0.018794573843479156
0.2478649616241455
0.09163952618837357
0.3861575424671173
0.12025941908359528
0.3136385381221771
0.3997736871242523
0.109537772834301
0.25949177145957947
0.006018233019858599
0.23127377033233643
0.2154245674610138
0.19812916219234467
0.12456022202968597
0.2543811500072479
0.21110080182552338
0.17097876965999603
0.17812924087047577
0.1995704174041748
0.2462739646434784
0.2546573281288147
0.2546050548553467
0.27981165051460266
-0.05032099038362503
0.06680235266685486
0.20994772017002106
0.12420741468667984
0.28960517048835754
0.09734344482421875
0.08199644088745117
0.1127593144774437
0.2792592942714691
0.25508323311805725
0.21122229099273682
0.03393356874585152
0.08857443183660507
0.2736274302005768
0.2246728092432022
0.11317180842161179
0.24050506949424744
0.14458981156349182
0.2004879266023636
-0.0032444989774376154
0.18741069734096527
0.2227201759815216
0.14856958389282227
0.13990475237369537
0.3764667809009552
0.22582411766052246
0.223148912191391
