0.91711288021525621
0.9136408851000741
0.8661130722532557
0.9246844289468464
0.9195888516926986
0.8833304098229297
0.9061859612588892
0.7844776622498745
0.8537142569458132
0.8493393328962622
0.7926235949577822
0.8825879834777377
0.9496652612614113
0.9045752081746046
0.8218505805251567
0.9290206006950391
0.8670482082034529
0.9398527485777415
0.9098518256096708
0.9247999819979449
0.9089881421555107
0.9413132902392499
0.8426751649664167
0.9533374163002405
0.9201941071687707
0.9222773276796036
0.9556979032404441
0.9295359674612285
0.9532812933954252
0.8803231396324375
0.9089761251279623
0.8882034581675827
0.8628579738898646
0.8988840995897307
0.9235407642128876
0.968840501599678
0.934826383011414
0.9396843767660209
0.9289605370427757
0.9044181446713135
0.8932256138048869
0.9090247614374777
0.8917239234462153
0.9025231578550656
0.9193219734405073
0.9018297563188222
0.8640779645065583
0.906513217127329
0.9506136284539012
0.9183778250403816
0.9599482974508304
0.9476701054138426
0.9503815179411029
0.9097952436876445
0.9635191580843743
0.9078097731353058
0.9210733562331771
0.8540325359480156
0.8883464327731176
0.9052513630249948
0.9291132976513039
0.9029575213556464
0.9542376372080628
0.9359193834738023
0.8672730038148223
0.9370028212255465
0.9664975837831479
0.9422450322446704
0.7617547997739222
0.9427670755048317
0.9093789612868046
0.9505679672017326
0.8609758680111395
0.8797893908623938
0.8308938803640991
0.892082566091202
0.9400624840776822
0.9464093018747911
0.9722514587036182
0.895983081931514
0.9550057171464879
0.9676061652745326
0.8709642157180929
0.8960240409775245
0.9782097770411654
0.9309528708375759
0.8334086432585792
0.2625474736553626
0.8039981662602722
0.8558222715819815
0.87975062572339
0.8874162008103359
0.9251334006969866
0.9153636413037408
0.9510518594059922
0.9206576778482041
0.9467822595233794
0.969043236187997
0.914194137100319
0.944438034040433
0.9593854831279384
0.926910774316535
0.9504224464786994
0.9418344783984428
0.9567964111923477
0.9520747685936439
0.9638850968113278
0.9532508374264373
0.9565261419297761
0.9687789315833956
0.9383117592548517
0.9500400405182711
0.9547407580476258
0.9300217604115976
0.9458705631301281
0.9567152441824364
0.7867432755069996
0.955004680888706
0.9179901190850142
0.931352872225018
0.8898362860377419
0.891095051108128
0.941537638382371
0.9254735158049697
0.9492681827654712
0.9197426480471922
0.900747028309082
0.90466021814731
0.900450335801343
0.9535045254809805
0.975484102979415
0.9124819681332443
0.9820563667887005
0.9309023948753975
0.9572547229083772
0.9599802686714807
0.9503914172724658
0.9355677936849206
0.7604024570664257
0.934453411367217
0.9049998413492246
0.8010955334200978
0.8698531591631766
0.9370072867898526
0.9274502083007236
0.9398922284642358
0.9541623300019076
0.9552774497147113
0.9596431687932868
0.9574943083549052
0.9478527677624689
0.8920445487622785
0.9211624872336388
0.9334122842051321
0.9490817813468048
0.8194771859235228
0.9341813750305388
0.9556015749331881
0.9625305385141885
0.9712774732457418
0.9520570907042596
0.9311158732758243
0.9377035770951563
0.9636281718582564
0.9631855342283362
0.8987052069575563
0.9136678993655103
0.8842846058671178
0.9080976889331469
0.9182671746570634
0.8594395313310109
0.8197191589892739
0.8667993255255301
0.9336224428617095
0.712365389311836
0.8942124884476396
0.8416083093043265
0.908503579913134
0.9434358143663808
0.94718852052619
0.9247391439510827
0.8742932044260951
0.9394306847169546
0.9736795315746329
0.9753765910558981
0.9744739249450928
0.9491766296356912
0.8852138024363541
0.9569884052132452
0.9610163025969046
0.974237257337291
0.9701839706069659
0.8600791281223067
0.8853834880784175
0.9321030526594158
0.9238981997205183
0.931161433378265
0.9632218956228749
0.9227859142493614
0.9640284527330608
0.9205632723251757
0.9622935605138404
0.9181981301255355
0.8970472502411339
0.9333404675343984
0.960469750014193
0.978841266744075
0.9772688951210776
0.8430145328943109
0.9321175019375143
0.8453623375746195
0.8785882780548218
0.9283863415241933
0.902275012453047
0.8898642043613597
0.9403546193885318
0.8881074336521995
0.965942069651281
0.911713177551829
0.9490652412937914
0.9686433825267802
0.9611479108854206
0.9343357191500676
0.8718990821543859
0.9231963536997785
0.9255436784741103
0.9020267943437504
0.9234651969333099
0.945161665990755
0.9265883311068988
0.9280630820581245
0.9692057156011722
0.8664727915666721
0.9691100384975037
0.9186388621174126
0.8820417124372594
0.9352732066927413
0.8957114233584912
0.9316042669925519
0.926603332100731
0.9467464899197858
0.9302111414145188
0.8571544067214567
0.9224927868027298
0.8985846723272873
0.9583873408207634
0.9300058071580378
0.9204894217152053
0.9418308871892399
0.9677559086857197
0.9692679693372939
0.9255162243368892
0.9527860441336254
0.9139261625561335
0.873521779783442
0.9371501157397356
0.9613257414335167
0.8657892143323246
0.9056593603796724
0.9799589463216493
0.9152212789117017
0.9199751776929057
0.9485353263120859
0.902037171434988
0.9548832681779476
0.9793635090946605
0.9053625318938592
0.9649866194967464
0.9327753771031705
0.9587013545244698
0.924106646341039
0.9389382298079906
0.9085579235027752
0.8618402762159213
0.8039155084044205
0.8095459225055532
0.844870024737094
0.9448288339279036
0.9649779218371437
0.9470634116949771
0.9440311698213221
0.9002052224337402
0.9507286945263984
0.92815910148376
0.9303048145052443
0.9325224875099625
0.9387109438906699
0.942406950651179
0.9566787825003344
0.9218561499211
0.9197717484314072
0.9455458975415989
0.943814490364992
0.941460670230694
0.8864662735573825
0.911297232378885
0.9529957489309543
0.9469444157822283
0.8857515295514047
0.9498633201701958
0.95323525563331
0.9536664998612768
0.909805387480128
0.863305933436675
0.9416418260063804
0.900747340389286
0.7591243860993178
0.8757728979617591
0.9543058702029488
0.9046125863623341
0.9122567306221354
0.9650328794366247
0.9370013682587048
0.9713556582111578
1.0
0.9542076822065543
0.8677403080413271
0.9194808715142169
0.9515877096783226
0.9381504210461291
0.940844460521518
0.9499708354143375
0.9617135522983465
0.932942847052004
0.9451255065016625
0.9627871846175022
0.96630246817686
0.9289770288932518
0.9641200609945774
0.9428496060555001
0.8903802244918265
0.8787962494755206
0.936954948210991
0.668144228053208
0.9619485103819113
0.7792398895094943
0.9544092761264928
0.9525296217863687
0.9090977135124381
0.9573661734508802
0.8966810786948728
0.9324393851200286
0.8414335527452868
0.8597165241181672
0.9449641789647857
0.8949432822945247
0.8640359929484147
0.880675635954394
0.8661276278970537
0.9105078777090799
0.813212428756381
0.9252844461276835
0.9373294681492835
0.8990570793786282
0.9487377109344018
0.888510658060754
0.8787973196042227
0.8409316514343275
0.6535523591054997
0.9408210941795369
0.8945631948952617
0.9412904408755839
0.6512997057757468
0.9610276864719723
0.9566282535143132
0.9210813417861444
0.9035794350587277
0.9005619057956135
0.9354188992700361
0.9500738823589576
0.9151642875147152
0.9563351580381092
0.9172109305717284
0.9720793847137225
0.9273976122554537
0.9702409150389681
0.9347048811197866
0.9265627416289524
0.929943794540207
0.9323991052441875
0.9628799111202732
0.9494641972888543
0.9533329290425039
0.9511515584603766
0.9595654651151675
0.9396512238545998
0.9078924783981251
0.9667076833380064
0.8759032757078804
0.9249497012527113
0.9235936478226311
0.9265652760835885
0.9675852791024643
0.9602823423869202
0.9668833170267644
0.9151894517350786
0.9317770488386179
0.9853916306977684
0.9313311122437149
0.9343427789818378
0.8914831217779199
0.8868277740993237
0.978393592542411
0.9443336523605307
0.9231506383307537
0.9131376705579541
0.9129229840722323
0.9085571789866017
0.9048604082334586
0.8735987058208601
0.9445479894173301
0.9606642370020989
0.9362041895402765
0.9300118798779033
0.9345695477552317
0.889510536658326
0.9741471211696002
0.9630273723247307
0.8918310428732094
0.9627278021758177
0.9512279514085056
0.9616407797563796
0.95257466209945
0.9429813766590625
0.933858161178469
0.9692313251791497
0.9105871792530051
0.9441146939621877
0.9093061738267219
0.9141880450692174
0.9510377972298797
0.857468678261709
0.9526684196221056
0.9508883477988156
0.9439899395823331
0.9377394668713844
0.9114058872503001
0.911686367879171
0.9648688513932797
0.9521525357569096
0.9130190479706981
0.9157859752530931
0.9214849030700655
0.9717546411489365
0.9385510871053515
0.9540704663171325
0.9570099929204594
0.9513159392914559
0.9277936737375858
0.7872939812286834
0.9578638527181953
0.8554775948863721
0.9486731225296956
0.9405528793188426
0.9528511244584934
0.9518913044696854
0.9446109124817484
0.9569302961206179
0.9383828648806871
0.9417948763326836
0.9671029179934421
0.9417311608040962
0.9529689717180312
0.9468166234947634
0.9607657356015931
0.9757985584129637
0.8547137532329245
0.877999578515094
0.9010882361794026
0.912296181341426
0.8488807356684724
0.8825053293875715
0.8887675166695702
0.7857288607200789
0.8992936957095451
0.9639928560741329
0.9264298145085317
0.9026596533503305
0.8534561848682961
0.8702200493306183
0.8516931856558188
0.854742079050239
0.9375553552803434
0.8706187425690092
0.9227788961330539
0.9263770523175257
0.9571720040709921
0.9256701250149751
0.9076552220525032
0.912593498018148
0.92854238471006
0.8914671692451716
0.9429003957849701
0.9566542019152661
0.9444080329143035
0.9128857560633402
0.9408382723265101
0.959396282307667
0.9029201391554158
0.9475804516539019
0.9403885275830156
0.9133772031999935
0.9656091681832933
0.8714668883740317
0.9418595273087248
0.930323708714583
0.8818070799732816
0.9527220046762942
0.8834766794213077
0.9449219146067626
0.9321358517577247
0.9489410134605742
0.8970002617771959
0.9394897442411569
0.9105879535800027
0.8639193477360108
0.9078152246828127
0.8675986378276838
0.8738679375488542
0.8551201791069477
0.892156700801046
0.9654891554577633
0.9472533315484742
0.9371281818666244
0.959650917290789
0.9247179387734926
0.9625841288079476
0.8629291151982347
0.9415059903819644
0.9554031982678012
0.8754629877885306
0.8745832890028961
0.8949795513790999
0.9129802079678602
0.9434827691311386
0.9690608559485342
0.8574526906651688
0.9856955861640648
0.9658194178450868
0.9456837766586218
0.847280626082975
0.8929694869043499
0.9089296848285939
0.9149993396568854
0.9379656592607234
0.9527623619518029
0.9500595707558084
0.9507529186309222
0.9527032188158796
0.946022544068422
0.9431902278007853
0.9653517127862167
0.9545049147177275
0.9539641254689735
0.9590584282866547
0.8980064632049289
0.9126036398652014
0.9677737555793758
0.9488054726457201
0.9598127864764598
0.9528531170681126
0.8895628485547922
0.9116931415389765
0.9311052261061539
0.9300491489862737
0.9084431350619242
0.8885697477160496
0.960518249430684
0.896630487212232
0.9076024188483923
0.9662439185996412
0.9327526857519681
0.9266107471642552
0.9294983178657399
0.9174010047214366
0.9474117147565587
0.972136878250403
0.847305600747739
0.9425525272949774
0.9661183368231971
0.9840960582165835
0.9501503281958372
0.960982702092548
0.9458229901335016
0.9843079318935634
0.9702921649361608
0.9707338196635255
0.9523588098395586
0.9491308787758537
0.7534020604731547
0.9359086896101537
0.9578722040158432
0.9488221119372925
0.8943614586870486
0.9106552163241844
0.9335663136701964
0.9064484361835828
0.9368729463494436
0.940995157101026
0.8933758288674012
0.930204471662437
0.9599832491091214
0.9313563670199665
0.9658273863970093
0.8511711247840911
0.9377548773846899
0.9060537521921012
0.8708540290158647
0.9403753475106311
0.8833439952184263
0.9039940761880895
0.9556587177235163
0.9357074420007514
0.949657650944782
0.9554038453786037
0.9213610163934557
0.9408444734973382
0.9644814774145866
0.9505883554466097
0.9427470159223382
0.9224804576720388
0.953633611033221
0.9477175264006793
0.9540515794816875
0.9457996671808523
0.9297314352554631
0.9180793083688236
0.8791409545966862
0.9322613074779235
0.9483182889377092
0.9298777562131496
0.8351376113512476
0.9263882429054762
0.963738073940539
0.9586535619073225
0.9621788070970212
0.9651946703394051
0.9733399559435245
0.9074792331848284
0.9227640908903504
0.9265742524330349
0.8464561681949804
0.9125801355356004
0.9549983057696358
0.9373600968973982
0.9008135576937346
0.8860506856368097
0.8502577644038714
0.9138634718709776
0.923323953582958
0.9454017608164231
0.9569316807792954
0.9291450383721795
0.9426784102723756
0.9379518750837775
0.9357930108960201
0.9625819234287278
0.9548930072917715
0.892528394383852
0.919904762402284
0.9023914072288772
0.9228877623695383
0.9392340652423313
0.9468526398973911
0.9429812525364973
0.9328742479518536
0.9627136080817316
0.9479293741580752
0.894359660649724
0.9249488837410491
0.9239613046479199
0.8822263260244756
0.906406508845172
0.9038747760025957
0.9273181488316601
0.8830734938736721
0.9246232829296521
0.952621746000597
0.9334380519190404
0.9502416601500152
0.9494026269037057
0.9537055142277174
0.9246469145309621
0.9170907143666176
0.9234763600899384
0.9360319248144304
0.9263973474836235
0.9164936457845492
0.9595724851417992
0.895789751860366
0.9087495495123578
0.9027078686537702
0.8136616161281909
0.9177597537902435
0.9683686248171031
0.8768442269422247
0.9404090268581222
0.9243497273907116
0.9558149000630012
0.8553859736830502
0.958493854591844
0.9258371995351098
0.9101680827503855
0.9597486465216968
0.8891341339471622
0.901531472112848
0.8574616722115961
0.92583586937137
0.8740486956785687
0.9091285876711892
0.0
0.9517871594671559
0.8784246057334404
0.9075396714097487
0.8535143592809141
0.9047617433364209
0.8941588417462561
0.9410069507527119
0.9393964519484084
0.9377870408673304
0.9012524578811255
0.9433017486125281
