0.2944824876793203
0.0348971226383233
0.002592981035558213
2.1105101337100873e-05
0.017332785861458453
0.13329177953909696
5.642804268974284e-06
0.004718391983938306
0.2505116426685078
0.00026389262887010513
0.008429003178947394
9.127740791047814e-05
0.016576553397732167
0.0022344633991654797
0.00011547867956860771
0.00760097434157935
0.008295470262909502
0.00019840705933915813
9.028990612249306e-06
0.00322215467210557
0.0022452963289547843
0.13992633002046945
0.0010328111062857261
0.3032923692862921
0.0008645036051443538
1.8741465074684082e-05
0.011041876867490495
0.007035982558820562
0.0014861585147809982
0.8743445402436437
8.363855323327014e-08
0.2982423023223474
0.0005056595739536922
0.00032832013769080006
6.465506425948896e-05
0.001673461494368311
0.0005462050869553909
0.00013152053986175875
0.9473632509317873
1.7742070262601178e-05
0.047282713820728316
9.385427161524889e-06
0.021705343642366513
0.0028188797778128365
0.06261918883518466
7.070788254451842e-05
0.13420944634578358
0.0006757754944438016
1.4066440102500628e-05
0.0013600209303680356
0.004508395219531878
0.0036880743074150404
0.0066922190154844515
4.3601296834381244e-05
0.0011700583427145333
0.00020996503106072132
0.00031031345204928906
0.01921754001469746
0.009677507712644235
0.006579693229684549
0.0007781780334878255
0.00042765450740150365
0.0005152087036154084
0.0013184311869441328
0.0034090609699152755
0.0032965990072551647
0.001143892718849477
0.002764533675487126
0.0010294259176339541
7.160437637397607e-05
0.013791223995125227
0.000627917515079876
0.035933092389616755
0.09346487316383706
1.862541076021544e-05
0.00046306214118442703
0.5292897755929604
0.0015132239517446436
0.024097606359079808
4.148140017743656e-06
9.184358350766102e-05
0.02794879151344653
0.4803412847132352
0.002784824309455052
0.006548270815239903
0.002065742736366426
3.224005368119932e-05
0.002979739945446219
0.00018400530378920218
6.958285412371902e-05
0.0003496959397335518
0.0019584821266681314
0.00011698034312844412
4.126397349112688e-06
0.0003590074213720127
0.0017458040915969712
0.005118217866439476
0.014894404637104501
0.00019920677026867692
0.010422939624013446
0.0001178697762318984
0.0016686335300673902
0.00010173828839309851
1.1101231804372244e-05
0.016344142132976004
0.011875521675297832
0.030327376512026466
0.0009127977481187138
1.9555614438222665e-06
0.0027874610902668636
0.0038689243948795953
0.004098626903093308
0.0011318389968132901
0.0006756479063970111
0.016748072728504183
0.00020766572383547433
0.0023891425053481343
0.0002955075026915861
1.9017817886951187e-05
0.001053328964607179
0.08493087150430488
0.0023716857119594047
0.002612647413998254
0.8054783102428135
3.9011620093802235e-06
0.0012037264465413957
0.005576311014533675
0.014597132291276441
0.6143405252208058
0.08370871707595745
0.000939800701296779
0.0006849467515196556
0.41163006388205137
0.00020757473509831761
0.1374029960042924
2.641105313137742e-05
0.001445706640108482
0.0005668115173531414
7.409195465074969e-06
0.00011374558433603846
5.679448163089406e-06
5.382245281702841e-06
0.16427248940670616
0.002031141510284076
0.005406165977647676
0.001246032802700947
2.0186180035029243e-06
0.12210023078834184
3.664455264610726e-06
0.0006737372884986995
0.0017576046174544973
0.00028114881029115167
0.0002183775003014801
0.0009523353679602792
1.7468878399062898e-05
0.697599203075085
0.014243195246285147
0.00013351550795896397
0.9723784333527801
0.014948725117001828
0.09209037802529371
0.0006551821664242018
0.7856074405994319
0.0009208998511374817
0.00015595980893989437
0.19248770628990047
0.007109018592133742
3.855989285987717e-06
0.05027766822959896
0.0017153745462521782
0.0014537923797127595
0.00016376070284317856
1.0913501112208405e-05
0.014195639087481018
0.0001742352243572735
0.005483091961451779
4.945208736697743e-05
4.796743506143984e-05
1.6989826337482303e-05
7.07466364674482e-05
3.310168426612799e-05
0.040688510744399886
0.0007486209900622766
0.0006635533049409945
6.88142686214068e-05
0.09546769360361711
1.2097570304774058e-05
2.4438857126628163e-06
0.0009040552008559464
0.0028494885636907294
0.9627063262837952
1.1962570315454645e-05
0.000934120674786529
0.16323533822853306
0.004297617669853261
0.041245018708189786
0.0010088518064356416
8.873433821883882e-05
0.00811159067268537
1.2278414059422506e-05
0.0036380511746199316
0.0005407363872465117
0.03804157786060033
0.02092461427365643
1.4821663908761386e-05
0.0009242839915990016
0.008921613464972613
8.157039174864946e-06
0.25820300744545704
0.0002853495200754109
0.0012796703925449164
0.0015154228219622676
0.02488818219408644
0.001035923066678465
0.014868385294012397
7.337343763456862e-05
0.0008954372717675888
0.00015467641644184847
0.011740452345281607
0.00026313924212644754
0.25832551805866677
0.0006696812580856185
0.0030175456055946547
0.03906875213102329
0.009300896216120697
0.0921037352301411
6.513654026102741e-05
1.870486747108899e-06
0.0007655709252313506
0.050425879536064165
5.186504396063409e-06
0.007873400851535262
0.007417011827859721
0.0010687368954499107
0.23920406810823558
0.00036860465131973954
0.002082302744761739
0.026264475561239963
4.966870607330115e-05
0.07898215237070796
0.000915339551247132
0.0006436869550939798
0.442669941993008
5.093269715665907e-07
0.9101617061508022
4.459070369905054e-06
0.0006388876995594068
0.0010592194444269227
0.0002779453079497341
0.017905155506004636
0.00753324448025319
0.0011682802626503137
0.000762210776680044
1.0566042421628073e-05
0.0022871547584799616
6.548710883290784e-06
0.012071673942855245
2.1389456040121306e-06
0.00011101796764814843
2.780573156538536e-06
0.0002656879749570875
0.158897973551803
0.029720909471512416
3.7306488543559284e-05
2.9522664013629774e-06
0.06341678987419166
0.000630535661398318
0.0016388683044112268
0.0074876188549621615
7.877926776562208e-05
0.05770248894028683
0.027116127811715105
0.022147113440131195
3.859984601436268e-06
0.18726471122748498
0.001646337591681718
0.001916040321034899
6.839801334666228e-05
0.0007861838194689886
0.0002085124286279598
0.00422895654972095
7.552159698557707e-06
0.13031911571119514
2.78560561848116e-05
0.0195542988519759
0.00262791581907188
0.021739655335008132
0.127145572044768
0.00016824136677392158
0.01092147288375622
0.017358380338101727
0.0003119572764120591
7.618269669653462e-05
0.00012773398169264096
0.07959547317788339
8.181566383192713e-05
0.007771988211718711
0.0008555561366873114
0.0002097794722697134
0.0020396730801422237
0.0020226234504336217
0.0019066039300580692
7.492960606388808e-06
0.0004852531440793111
7.5911101571597525e-06
0.003345091083488786
9.401479508269999e-07
1.7428331998011124e-05
9.271812357461749e-05
0.7320949001580329
0.009941872474906084
0.03464379788165833
5.0486665703944095e-05
0.9020868584078993
2.4806080959373282e-05
0.043459724518279286
0.11746031647726142
0.0018942053534289596
0.020250893483121816
0.0010949832299643745
0.017597362125220048
0.0006378504570722161
0.001176985715624717
0.00031878329514814936
0.0006576544395992342
0.005016882093908076
0.0002982004490310699
5.481518554751262e-05
0.5303618701731004
0.00038627408174765496
0.31976851128074557
0.0005514868011698636
0.0007686955803726976
0.05747815572840643
0.000781642360503627
0.0004818117898998669
8.694253966898227e-06
0.002382178096382378
0.000546640784703491
0.00012532854520437437
0.0004350443360276108
0.004074618687698128
2.692733232487831e-05
0.8554870888876797
1.0274494490255799e-05
0.06929144807734007
0.0004651057918955606
0.0016772649109306492
0.002955356710871974
0.00012927375861469757
5.88555549791543e-05
3.387956517782814e-05
0.003639820519765384
0.00013985898066596684
0.003303894644340567
0.01247020892082823
0.0003507340557126191
4.313236999947144e-05
9.86474956201717e-05
0.003715791718715458
1.33587051379367e-05
0.00014080166765750418
0.12350369138337904
1.8343503995432293e-05
0.43933854180634757
0.006724065830515593
7.3747716961464706e-06
0.0018245385529826038
0.0005960833947973421
0.031884338746196526
0.31345198451701767
0.9839845324968347
0.12630918144436265
0.004389386959350994
0.6254122169102071
0.0013651068659365432
0.001636129266817049
0.0450082620979969
0.00013533237106250917
2.186091020094155e-05
0.07683790358004927
0.0006809459257931823
0.0009767821927431483
0.010009954528156931
0.0034890164564789572
5.1933237403206854e-05
2.7882508430477802e-05
7.103190435618193e-05
5.841725859272094e-05
0.001955233435680292
0.0006034298108771771
4.843267139317056e-05
2.1445674000053186e-05
0.028793720438713883
0.0024375514251550935
0.9841856657644699
7.225317236042344e-06
8.238505826942286e-07
0.0009130509442973746
0.001111088556721467
0.09347725392123188
1.191964819847571e-05
0.5051479396996238
0.00018966317272217973
5.3633838737962695e-05
0.0020095476264361074
0.48071123158320506
0.01230591138796164
0.0008385989806520567
0.19613905327392125
0.017511850298595855
0.19672304338853278
0.0034092051543077235
0.0013357357598151487
6.717574150917809e-06
0.00019782960841766679
6.5244669342753785e-06
0.032578645061556645
0.00023957863308528683
0.000834098866968859
0.0074906320525400414
3.036780755312157e-05
0.13372454701311473
0.5487399529140278
0.24509492341302092
0.0037957926268567285
3.064362717138894e-05
0.9873557955917117
0.00030847917734100154
0.0032033352313891815
0.36424051981004
0.00012506882695303425
0.00016152472377899265
0.0028002664811793503
0.00021434154564336526
0.008996591212494914
9.810976935769968e-06
0.02749564908437832
0.03323397547058471
2.8448043466951107e-05
1.2013521278600289e-05
0.0004247899490246433
0.0028723437698086594
0.00017230019236100813
0.18865645445309132
0.00490386389162088
0.002376833490752783
7.5167720973101e-05
0.005672219956733487
0.002259461804952092
2.4524682252951233e-06
0.2911628644924695
4.4473055261906905e-06
0.01708016176174418
0.007355015800143417
0.0003516477282156519
0.08585200432675825
2.622675362449176e-05
0.00019241146933025074
0.00032291776513175855
0.8063587527855448
0.00040243405997983335
0.9274709739824226
0.02759515727897249
0.0009052778565521655
5.44711433702766e-06
0.001136574720372031
0.0026403133475107377
9.553322775305845e-05
0.0002470487064984672
0.00011168198889372016
0.00101616072059757
0.9426507813573226
0.00029705230219193376
0.0010205667300892507
0.0005896085489120829
0.7247588728082517
0.00012890874091762075
0.04871113345618489
0.001278919073065367
2.0352640858787564e-05
8.241797287640969e-05
5.259978085657257e-05
0.0037150521622598483
0.43053205913096637
1.816846896176393e-05
0.00021869552413559024
0.12350369138337904
0.0018104785948040024
5.166640644854728e-06
5.804688700461389e-06
0.01598096144754867
0.0004525816362509767
0.002387473087673377
0.20415242209629886
0.0
0.0024697301670993832
0.11577405881084574
0.004538460111134544
0.7134290412090987
0.0012641589237983994
0.12709570614051072
0.03283209280587786
0.0495529802362489
0.02275468364265273
8.319407768796055e-05
0.04474459892441043
1.664061736480684e-06
0.003790505555225412
3.705808201202249e-05
9.316134791105526e-05
0.008295470262909502
9.091008273902701e-05
7.342473765325718e-07
0.3477921655720994
0.0015612453905550967
0.0056192038913720375
0.5921346492050387
0.021359875042887076
0.2932294745299526
0.007540421089512193
0.0013368095724955774
0.0014776678243426805
7.550565314290103e-05
0.20903996646287046
9.412265483776437e-05
0.0005292896838318427
0.021283028255679792
0.0018728887741354483
0.0001471275540613894
0.001132032562613168
0.0007645636726319268
1.4308928726572749e-05
0.1797193365253912
0.00013090848410375196
0.05018719403739042
0.10691933515902907
1.4967301391341789e-05
0.16803479361804743
5.182557304645551e-06
0.00029303089117356605
0.0001446290615718579
0.0005955163821037775
8.042106637789526e-07
1.9385024773044013e-05
0.0002208544757744488
0.005068234564873945
6.812474493884886e-06
0.00023555575168892668
0.025986663216837878
0.0006270029690849664
0.0019669347328606247
3.3783700695454967e-06
1.6976849182581247e-07
1.7769032386403217e-06
0.20964305320628726
5.028927371393303e-06
0.06535179566570072
0.000372661380526322
0.00837693654102313
7.006518905893623e-05
0.08293494582707162
1.2142481435547237e-05
0.00018156128807638114
0.00120997249578775
0.0015453272239907858
0.8549169628361352
0.09826513356346502
0.002549778593198746
4.5299355830085004e-06
0.43995142283947947
0.0063353353912290735
0.010587662955053532
0.13930849966589856
0.0007346072104875568
0.38756050000779974
0.985611428121172
0.06664488042961056
0.00020379373816081485
0.0018708260521850069
4.946519327094156e-06
0.05886762927272034
0.9697133132034517
0.0002547649590388987
1.298756389884922e-05
0.14933901512655884
0.9035572839183098
0.0009695561438439234
0.13545290372695123
0.00042334833803133034
0.02832848049655007
0.00023731509535239087
0.004499876926750257
0.006755445851487824
0.9995532492021576
9.526441790710164e-05
0.06268204670821931
0.009978102588640113
0.12060963530230795
0.002573426929940724
0.01364319344324571
0.001615033389804385
6.395885483826068e-05
0.0002636214678751802
0.016597860077451076
0.00012589894995806031
0.05146316115569085
0.000856314560567458
0.00040008160077388886
7.213644211337365e-05
0.6792108042786282
0.00018004755577044826
8.714212266778405e-05
0.03291173290364126
0.015101949102183477
0.028154436191926462
0.07060760234404158
0.013195820253324763
0.00569949759399038
7.294056417686979e-05
0.0008519379586356264
0.049170361910787636
0.06420669859433566
0.00039257364692965547
0.22108476630363186
0.00038698123165463894
0.04293766800583127
1.4537853659596918e-05
0.0005081553149438121
0.04026087148295744
0.019723218670922842
0.022299797025005123
0.0012520458043145967
0.00028055180770982007
2.6799070847696804e-06
0.003791011481720399
0.036775528019671246
0.0006982199264485136
0.00030040112446523906
0.2006172350901474
0.2494908600293106
0.20039801891014633
5.630307705209299e-05
0.00016482128212167514
5.824834710106322e-05
0.15774396173880986
0.0005124745575757401
1.596415579788328e-05
0.0004065969766822271
0.02534708268160588
0.6895203600968036
0.0002961602922874432
0.00023747602167247572
4.001504388716644e-06
0.342585777570175
9.554527909755893e-06
0.018953440793966127
0.0023542927417104665
0.004076672208867468
4.017667730347491e-05
0.0012714706331343332
7.070368250441127e-05
0.00010544321874633828
0.03513370616614494
0.9340732495212788
0.001177916857965284
0.17071419524309436
0.0004197554621276738
0.34759413308416104
0.045547652416177406
0.0034052590674055238
0.5037156180012555
0.0038887039778668572
0.06635232633750371
0.00023953858348273993
0.00012471637298078404
0.00018472006763371146
0.0003898872808956428
0.0002550951972010847
5.659399716117888e-05
0.00014176898711996461
0.008914347876007768
0.001529576884332386
0.006969633979315431
0.000149931623125788
0.10730482319646927
0.888372765743486
0.005742980718406227
0.0015283848590846433
0.002564130879992085
0.036463758038001566
0.00010118159018277787
0.03902588906937432
0.000555018503525755
0.0017867417442185185
0.015297206914059145
9.88410094427333e-06
5.172765096752746e-06
0.0035756235254509514
2.986715294556523e-05
0.010105141383738667
0.00013437276744495964
0.0004958213767135784
0.00033668492883328873
0.00024198909215184447
7.524240452855923e-05
0.04182984364810427
0.394338088860278
0.0020981322810169605
3.404511736531003e-05
5.971940102609682e-06
7.182790294522472e-05
0.00013143081768782325
0.0012503692822392418
0.00025627484798057407
0.45555403941514044
0.03683710383956207
0.0016185401685253945
0.041953837566986216
9.534115496462157e-06
0.0007712140321516118
0.0005701179752704266
1.936266599692657e-06
0.07894690336304985
0.01049198880747018
0.0014226660207815236
0.00017710126767032426
0.0002951847474431438
8.563837000654253e-05
0.00765117613257964
9.172817339345145e-05
0.00046227570733143415
0.0003964190493348672
4.247865595804483e-05
0.0001541297997836048
7.049140942017415e-05
0.02763245049055326
9.655255171450488e-06
0.0017857222045000291
0.056665855801029404
3.7041154467361855e-05
8.789623004223991e-05
0.9209546258193928
0.013604207287942306
0.17115912731438387
4.398933832150821e-05
0.008311979492310382
0.0017162945078967233
0.004759695338492234
0.0003591987743258027
0.002011684536963277
0.0024159298224982373
0.03870570002360021
2.335887768453873e-06
0.07567442544442435
1.3279901726195938e-06
0.020011076870700535
0.7695635294055871
0.01034316163099911
0.0007467252797586608
0.0016258448899263147
0.04025304499574217
0.03247856292456669
0.00030404871007677316
0.006178459045346965
0.10722775093189221
0.0018766146246191353
0.002509067116740474
0.00011287540444936654
0.00023053340632904335
0.0001749131122863879
0.0003876859649007641
0.11391337483269237
2.156301307549048e-05
0.5046539616417852
0.0008479923375957607
0.0007200256611929793
0.0008879819603671247
0.011657151501295732
0.00024502727159739777
0.00010827610576356913
0.003939203687829896
0.0002399137191273886
0.0001463705714428394
0.01934759387082323
0.00036343407438837945
0.0005234895813049417
1.9749787701656808e-05
0.0011390743047264083
0.0001778679169323098
2.759034177569286e-05
0.006517563033615983
0.00043321629222804373
0.00016469519356927286
3.770718281073934e-06
0.12350369138337904
3.948451130798995e-06
0.12218120884272918
2.7208591249852908e-05
2.4920513854545793e-05
0.000805454156692132
0.005766161096433458
8.487373705497239e-05
5.085836731991654e-06
0.023468887870033005
0.08261996325874499
0.0003936654535427442
0.003008517659419372
0.023645641629992567
0.0017897479538613846
7.034037539559298e-05
1.2002527905641094e-06
0.013323664990261557
0.09090060289262546
0.0011620598358323426
0.04253347466394658
1.926947999550345e-05
0.07023076816532227
8.743263230392945e-06
0.0008219265247358158
0.001490853358919909
0.00016524949695603155
0.022089489996284087
0.11368604892117679
5.795291395061436e-05
0.012860807468075061
0.011151481230592362
0.49330135123793717
0.0007498599509401942
0.003377301504071804
0.05493052978667264
0.0005227055932292037
1.40724852804614e-06
0.0017272511241357693
0.9478248496939466
0.018346574975293968
0.00029752698679413083
0.0064541871216656525
0.0003194953657260388
0.025780265704825805
9.80099183175439e-06
0.04727911363660929
0.0091595200418235
0.001379192679474695
0.0002273334270715285
0.016725534308773538
5.988591871781587e-05
0.1364196016125922
0.0035794447612475743
0.0019522408525107027
0.00012807327505394886
4.250356139517936e-05
0.0034654065533795543
0.003491293824499901
5.5674992718148674e-05
0.002246419523042643
0.6342431778560786
0.016786979687210768
0.49534255873405875
0.00034356638518715383
4.9427931677037066e-05
0.0013906535916905585
2.0984304689651626e-05
0.0005360917980069071
1.9515147766051824e-05
0.006616036547965799
0.0010068127269986628
0.0007674196999047913
0.00024851626020051825
0.0028855723966518055
0.15241452645026668
0.00016307361413296287
1.0177232420879896e-06
0.00370943269785305
0.0031486837563033747
0.43118149358629226
0.01992872731760118
0.07185111190179068
3.1181996610496737e-05
0.009040675765184268
0.000673477162617817
0.9542851453009205
0.00016920104318246084
0.0006065255243210093
0.0006517553995590985
0.002383596181327812
9.480097223371816e-05
6.543852084726616e-06
0.006953405199039764
0.04158730453620168
3.470098602003252e-05
1.2444789694975666e-05
1.4707420270162164e-05
0.3937809920464976
0.009841324475581888
0.00016559735053773113
7.11289291724257e-06
0.0004654248784781207
0.08715214783675654
0.018711315367816343
5.122226960881175e-05
0.018020005478990072
0.033567573897787646
0.00023945925586213722
0.0006295827982264171
0.9518034481967286
0.044936038528594645
0.4088936556148879
0.015213872527985204
0.0011357751841408873
6.295152216874822e-05
0.0014640058290631055
0.19664307905058473
0.00026494568156026406
0.563917494334534
1.777517196517879e-05
0.00025902733734965326
8.40045616839587e-05
0.00012218138308900425
0.0004981591321395984
0.0010101045102524195
0.7960028045326761
0.31527238072050573
0.7476486496382813
0.00011059706102916046
0.0035372835212051394
0.00012135320360340386
2.3433877994538185e-05
0.0003972380062020694
1.2908308159348868e-05
0.07030978587100713
0.00011316255034563518
1.0259865321095742e-05
7.82270316429716e-05
0.8590277022583004
0.009647524812812398
0.0038482594405261058
0.0022789432360454387
0.0009580214506808743
0.0012343588749327513
0.0096197491687202
0.0003937113118662712
0.010183203139913654
0.030755200254953267
0.0001454926975485535
5.626826112170734e-05
0.00045565181461561325
0.0010402873814912312
3.74732781778665e-05
6.653217646522986e-05
0.0683426542129287
0.029131314101295287
0.0003773445781068769
0.00017706760911667525
0.0006871865011571093
0.0014218478500570104
0.02042853610841511
0.0002278947766260926
0.00026402237153019164
0.00025589153062868027
0.011027431408230308
0.08150921328555895
0.0011623754575637918
0.020761549412526246
0.00013889736801710087
3.2279107525753955e-09
0.0008470737153054265
0.019865841492826473
0.0037868177889875494
5.2223039146977175e-06
0.001004202500339903
0.02850869095502971
0.0010443941908987446
0.01932957617918407
0.3021083783003658
9.40150115221585e-05
0.0012145370149386568
3.341951156456587e-05
0.0007564697804368001
0.010573500740092565
3.1684218044106916e-05
0.7760607362170276
3.2677887844847926e-05
0.00024424628251043637
7.69536551851119e-05
0.00035889660436925477
7.584792365568868e-05
0.43562538793471817
4.590212903086299e-05
9.409411349069305e-05
0.0001867457826449767
0.10837216225390127
0.0902092333734204
6.835477549876541e-05
0.003913894318935177
4.860908934190779e-06
0.0003218575789246065
0.000743921021437689
0.0007157500349220946
0.0005441310678433439
0.04579740307701407
0.7485706545550244
0.006145809549513923
0.00019195131380960286
0.00043113674100077765
0.0009949236872976307
0.18493756115750407
0.029551367260486926
1.2746241750387449e-05
0.00017691950856898002
9.380510414508745e-05
0.0026280108549880657
3.17011527541306e-07
0.000578844333817079
9.770656289148672e-05
0.00023460165107020038
0.1137736683090011
0.00031599033398878285
7.856315859622643e-05
0.031194109657985702
0.0002701701820568127
0.001525956551667405
2.9967873838048222e-05
0.009639267868800287
0.00015898011091837117
0.0020349869709220796
2.6583777051122004e-05
8.006924705208669e-07
0.7177233825675368
0.0002077833540748705
0.01181496236702033
8.880153158145432e-05
1.924567734186325e-05
1.2112525896028663e-07
0.01585925770790186
0.0005331248954984929
0.00026791692241166597
0.20812045111444158
0.42073553327665064
0.003396294944370032
0.00033017386215154217
0.00025079735512013597
0.03929526930552662
0.0001145410442717573
0.0011332731540092552
0.0006641200847033921
9.52003618361433e-05
0.04115885653774699
0.0012205401169777038
8.459365063361199e-07
0.028863132063066656
6.496297731139032e-06
0.008174836143182112
0.0015678514349202369
2.6006256409510808e-06
0.06567953168128957
0.006384591947553186
1.452895951053985e-05
0.5609443236484125
0.05649059093709008
0.012933845364837578
0.0042578530585893355
0.0007940916578943773
0.0018756975746141791
4.3036220267407284e-06
0.04262199596124998
9.16432907967094e-06
0.6856659716730267
0.02428112444013257
0.0073905112489763445
2.2269395037532887e-05
0.002194691567035374
9.826610722950563e-05
0.010339819534613255
3.7789296620209704e-05
4.437297220047139e-06
0.00036537287695791263
4.1009428063230045e-05
0.0004153610700779533
0.42444797158373465
0.046825945119250374
7.928951804539897e-05
0.00018970791006446495
0.26184982252069033
0.06900762238192758
0.0042701327238576295
0.00013764272795999648
0.9763388445900333
0.009730325320651299
9.698740247119802e-05
0.09618062695854958
2.522334382064589e-06
0.00021475293120089715
1.1053128788699607e-05
0.00012696750712903076
0.030284647618729756
0.002560539081395076
1.7459806821968373e-05
0.0005987364807908524
6.23653727239847e-05
0.001159524263612645
1.0077931521376155e-05
0.31281268722608485
0.0004738352950129692
0.00036888419783668084
0.5258875047011163
0.00015040917569298024
2.7555445775218516e-05
0.011255101126148553
0.009545774888665856
0.049932710215237854
1.6277157053702366e-05
0.00413860860620499
0.0327531757264572
0.000712907284725756
0.0033294499885477657
5.2750025098915217e-05
3.665615928315489e-05
0.0002655302805569465
0.00033414929838079935
0.0009784653533567661
5.296930795546289e-05
0.030245280388036942
0.02440235486364779
0.00048783975734100415
0.5157138465161875
2.10550178378281e-06
0.02047952194572393
0.015862323082061175
0.00013709328701135145
3.373146099058342e-05
0.0001075589980491907
0.0005043297116878056
0.02843922156374749
0.0009427383127109277
0.0015043088607198311
0.00018137356011387943
0.004074779410203441
0.0001483199578222786
0.002623079236317776
0.75168228698068
0.00016744845452284314
0.0067104486744856895
0.18687836600334976
0.0003401934545380515
2.770871482439202e-06
0.06755129200230188
0.0033491033228424485
0.08551197699934278
0.9198615413459212
0.00012652865025197652
0.0660114567309879
0.0008452452056435253
0.07387847769623729
6.941202094993255e-05
5.443457954625017e-06
0.003098903337784406
0.0002577095292716652
0.00255379153134591
0.00016389609408406776
0.05028392196557383
0.00017569663449979177
0.00012523369854476222
7.647418821488987e-05
0.00025657128200713166
0.1024367779637597
2.6889888639763584e-05
0.004353270050164186
4.201892296634511e-07
0.05451047476403167
1.1491921973637844e-05
0.013633390768008584
0.5653714618604004
0.0014854777734450864
0.0001348615880573614
2.424694607067158e-05
0.06538252767216603
0.878442876547022
0.06657281711685127
3.546710379405713e-06
1.1121414016160974e-07
0.3771356488522473
0.04579917335388419
2.5903783642629787e-05
1.5515897964506002e-05
2.2945646989153223e-05
0.00015743587918774335
1.206729289259779e-05
0.025141654163249032
0.0006984609519736923
0.07239565652083724
0.0016255003847301423
0.011231734403187626
0.007227254918426787
0.011825857023568922
1.951163196124809e-05
0.00275349366989025
0.7342078429998306
0.0001233553270548991
0.01872223704438032
0.010827595101333706
0.00016399289154220455
1.5936073034047232e-05
0.02219475065898148
0.006663740850992216
0.00012728237183418683
0.0017132907440311122
5.698332704882399e-05
0.012686232080390417
0.0004221618157824109
0.0029896325321138555
0.0020399791516958208
5.883022371472987e-05
1.0887288053185007e-06
0.0006089845204195158
2.1218324082069197e-05
1.1601607986392886e-05
0.03587817281075759
0.013006704370463746
0.000121509012716911
0.0003522511946368711
0.0003623561854125262
1.2810931102956385e-05
1.1154029497674404e-06
5.163045600234521e-05
9.21291979497474e-06
1.6081258302603967e-05
0.06108616260774797
0.015492266268580426
0.001487212644777805
0.002425251960737594
0.12562207549724058
1.1461043125908971e-05
0.00027330741548118426
8.122123077253285e-05
6.630446441207198e-05
0.001537257207240289
0.020832733177198477
0.000959851707326529
0.03428370120488368
7.2872741968344635e-06
0.00011278789512151871
0.0027394560731036923
0.0029541638703651464
0.018366976018635107
1.7774530380845913e-06
0.00045917449088877865
0.001923193986573941
9.232758069337017e-06
4.684479054555394e-05
0.0038081759464943916
7.147745356858997e-07
0.15173032748411028
0.0024514064039066284
0.004287469324764125
1.8743736153563516e-05
0.00100607666451056
0.00010098549125645772
0.002354459520426125
5.1961298329745984e-05
0.392294496149005
0.12370315500040825
1.622438256252818e-06
1.943347081625573e-05
4.354073109138025e-05
1.0332013930336784e-05
0.0011022505659129716
0.837837629745102
0.0013863398229410579
0.007380289763500733
0.47994626326898704
0.852296565470894
0.0016946549695399987
0.0387390222246439
0.10355124738182235
1.2203621317479689e-05
0.0035214812378964715
0.0005090534975242313
6.427832721306635e-05
5.521389455418384e-05
0.0012371492738492793
3.6201950786367567e-05
3.3983434280616754e-05
0.003181494440504064
0.029569992436609936
0.13747236104241176
9.15187173205167e-05
1.5648818519973618e-06
0.011021608129052278
1.7817445332461797e-05
4.558278574632815e-06
0.0021329706310274396
3.8811835327475794e-05
0.26686420070293343
0.4575461711095236
0.0030300819610091165
0.00040286177983545957
0.0007685794059530959
0.00027169186313882356
0.08612576739575112
0.015480430570116666
0.055251952435907824
1.0012931897213517e-05
4.0880478824931556e-05
0.9513894941072168
0.006620692376134217
4.6231007707579995e-06
0.00704051866036908
0.003965482516242173
0.0016373631032092898
0.9584590332942169
0.018439978509860223
5.064058225171839e-05
1.1740251164748053e-05
0.0029532186356889686
9.930394660281199e-05
0.0008785640291852895
0.0009883893857319638
0.0028445483265672564
0.16209259655712993
0.00013748234029323562
0.0006796062804182766
0.00027444170291587676
0.00080668135454611
0.0009571124950339757
0.0005169142256210697
7.550116921793394e-05
1.0296592583641283e-06
0.00046271749040627534
4.372785295515659e-06
0.0006188560268165278
0.0038631046096690726
0.030165269463855483
1.8737192243587203e-05
3.5862122297549277e-06
0.113359192453675
0.0004937979036647968
0.0014716933728371893
9.191414948155515e-07
9.606141270908038e-06
0.04384502248388711
0.09773709910554401
0.006725046936591508
0.0011859360957213484
0.0022674131432729406
3.0396699548038706e-06
0.026538277762668896
0.00012697564516168206
2.730185413675893e-06
2.1055953884461598e-07
0.014223205093522807
0.0014420491549223453
0.04466434388836583
1.7599725662418476e-05
0.0014379767028619823
0.10852878889757223
0.002347725480384652
0.0030677630029831426
0.004368017854079297
0.002834519708098021
0.013597060959735027
0.0004351952171911135
0.0014540805155664885
0.0028645158850063852
8.573292550219578e-05
5.1665442991556714e-05
0.00016160916132707407
0.0003361985103235479
0.007924863731874347
0.001378321982771996
0.0004012995396139737
4.561256647373547e-05
0.8886312634355104
1.1667293665633688e-05
1.552219620489199e-05
0.041237505280463126
5.649677023620271e-05
0.6807721661166829
0.0028657201391404014
0.0034854418947883156
0.0189941869771683
0.0019069471541328224
0.0006230057537915834
0.002057365832803247
0.009761868859302848
0.0006663230312164407
0.00012750975632789093
0.00014998378514902519
0.007597529289617627
2.717634666117931e-05
0.001902698256713365
7.890639722917744e-05
0.019341882398605417
6.082182522866031e-05
0.6177482224771191
2.711722434075739e-06
0.00289912479781725
0.004442400695400772
0.0010159461909926514
2.347564000511837e-05
0.0029613206804749445
0.02062567600412112
0.0033369480428173965
0.002970360040277416
0.010654936271292135
0.02203306102346198
0.003962852257503041
0.7938100166136881
0.0021991619819947635
3.7986823046079917e-06
0.00032496391985293866
4.00769682057491e-05
0.0014187849216749503
0.004525641909007865
0.09678684429685247
0.00018070434887074028
0.0007352108516071514
0.0006658558295279873
0.0016319387186549553
8.099504005106024e-05
0.004466313874879766
0.099189471518778
0.0045010858395076155
0.0001297781710570985
0.0011208472079680088
0.0013891793703338486
0.011819277183960083
0.00023136095253303314
0.8607873947361873
0.00016854477417729485
0.29394664909557605
0.17519819102125186
0.0001447890707254722
0.0008256301885258343
0.1635474436310834
0.000617423383673149
0.01249861627424566
0.15657452056530663
1.5091439145219432e-05
0.018942586201578283
0.2619544738354545
0.002730255059071239
3.449195213483818e-05
2.4904945681618278e-05
7.19116125834089e-05
0.010575202069337217
0.00046586773885960985
0.00033763869461346226
0.000583929570592085
0.0034164017956470993
0.9058730296783485
0.01566972441238936
0.0023856906983825655
0.06535900348773613
0.001084436223182711
0.24348408326817106
0.0009313066333565381
0.0008383252282978975
0.00801135107422644
6.76010262787262e-07
0.8780613613835683
0.00011169321326433581
0.03036592755190969
0.004826164576341933
0.0015810299815624518
0.0019091040967403644
0.00023616600223038827
0.0013829836342195924
0.3503522468092015
0.00022601235795720074
0.07316274171350202
0.0008940224478584947
0.002925299273066657
0.00011513049842745436
0.02854561520364176
9.129225727238212e-05
0.9576730452714778
0.00016150204210659423
0.0032900226616138324
0.04030780804485703
6.561133120631104e-06
0.004174765579552542
0.0010565000895163665
0.004005514066623619
0.00011983406292693438
5.8098747058979645e-05
3.098074260353706e-06
0.012528879623202713
2.6389485047385873e-06
0.0053608305845908805
6.605733411130974e-07
1.416304375462728e-05
1.4381695718018693e-06
0.0001247180471735477
0.00018362904716331174
1.3430872854812546e-05
0.02722309539400516
0.0001432602124518744
0.0005198931823173824
0.000186398482274799
0.0077851604692194135
0.013045247024824954
3.649942561034231e-06
5.75995646491905e-05
7.829127594687992e-06
0.04212308721646581
0.0012018917642035657
0.0013127763169999318
0.0062509681883601165
0.9797619264840727
0.16626806475546407
0.07844541187748463
3.935101274656954e-05
0.00014742352222561276
0.006787874994436769
0.008640513064215441
0.0039351343803402895
4.835996411308338e-05
6.621696247705904e-07
0.0029909322880263918
0.020760735085165988
0.001870228583741341
0.00021239825914886505
0.0025582013842018483
0.020025827935651982
0.18565512332058956
0.006283988044748881
0.0037687323143787595
0.00013062835525889284
0.149395112405399
8.676606701326683e-06
0.0002632306967259385
9.8966800575701e-05
0.03606665325739471
0.63679398656928
0.9901656386703465
0.0007639458809439296
5.9020841479523696e-05
0.0006508589639624327
0.02059486945968234
5.051162209477143e-05
0.0014370100385184292
0.0007942162178359954
0.011324698163710357
0.01947200147545798
0.0215848343737447
0.00015474514569434715
0.04294904622748281
0.010688662840841944
0.4757531146633437
0.015543718899948157
0.017637148632013683
0.007175797162573379
2.2592284949306162e-05
0.028742326506000265
0.00022512758347708887
0.03566609736861578
0.0001553702310395148
0.03849142571124077
0.0001443548433553645
0.9973807356119557
0.008928767246977238
0.008301702569216996
0.0006087897317310107
0.970666027765268
7.750858457438222e-05
0.0006363101414968356
0.43539610912829746
0.0010551020366513053
0.0008725754853441875
2.1610956747137173e-07
0.0027693986758436187
0.8461632828611664
0.004403359102479591
2.16468836500035e-06
0.0009652182084858338
0.016377861248728465
6.717491362540588e-05
0.0006041800239336826
4.4735977340418236e-05
3.712672584884418e-07
0.996184073170538
0.32543136983225407
0.11370856684296474
2.0310574945825274e-05
0.0014619011795025821
4.360435405594971e-05
0.00014191566096426124
0.026864215549647557
0.0006498971329405975
0.003373963134584623
0.04057197062286581
0.06984088238744683
2.4944167627864813e-06
0.006813287318907356
0.053505922768559505
0.1207506611481298
0.0005159232199705527
0.17418924501224314
0.3954418173563623
0.002515791373672928
0.04850279982031171
0.9642424048412458
0.02390600649825261
0.04212927014136587
1.5403710785102441e-07
0.004740467802371049
4.991485608415646e-05
0.00010165452780122154
0.9120385723229978
2.4928480828371235e-05
2.42119008486683e-05
0.002606961797139993
5.021847537755139e-06
0.005528620687377285
0.39852223327872505
0.0002153079333811572
0.0009473062675965495
1.5546194598052993e-06
3.689903222090558e-08
9.786294421041467e-06
0.7473237237042926
0.00011463154530928284
2.9037856118272564e-05
0.18563398435131095
6.057841886943804e-07
0.00040824773074721907
0.5221348457035432
0.018030535831193288
0.0023251115909558593
0.0008672751948691368
0.010639088566405878
0.0050988016560729234
1.1142980052905936e-06
0.0010931013790652024
0.00037112776172199615
1.1086907447481665e-05
0.08964331126358015
0.004794682997380837
0.0013909954181783087
0.17462897433298383
0.012780334408458036
0.028471235623356628
3.314995276756633e-06
0.0045867537300137776
5.96022267540097e-05
0.00024829381093591755
0.056964756801577976
2.522825596135722e-05
3.963412238245791e-05
9.757914124034917e-06
0.12005987302511788
0.001846137910713
0.00041530024592693876
7.782434904441283e-06
9.694824819782475e-05
0.0002549245460047726
0.4070692343608319
0.0030271041689686395
0.03735878393524401
1.936186984547645e-06
0.09469583052685233
0.43921206577294875
9.008761734612007e-05
0.011591096880923508
0.034797547359553
0.06209158669750983
1.3649839184290833e-06
1.7452209603623552e-06
0.5289678311779109
0.00015124306927127406
0.006722317449175182
0.6521691430650731
0.006540427091118264
1.368048077888757e-06
0.05336511308286075
0.0028339534524307493
0.007494930098435762
0.0008066217241673269
0.020761937009988334
0.9769944806047526
0.011797809315873526
0.03710153848117405
0.0004347864812256076
0.015099396176591829
0.0003769126072574506
0.0004691523594799774
0.017344818153827265
0.02084824452947941
1.950504983600217e-05
0.029685796495655902
0.00015974904581743407
0.00023015359750285433
0.7309369378324454
1.5736647559496642e-05
0.44800167305113436
0.0646735224684359
0.007550483715931829
0.005038662089758575
0.06858166022488842
0.00352934196599331
0.000809748475689178
0.011926514966404
7.770885442441362e-05
7.319614062089454e-05
0.002563873491052416
0.0002516953630021799
2.8585818612753798e-05
0.0013833987175594022
0.3337875238870659
0.006246374785744487
0.00031448460869171977
9.313608272720119e-07
6.348008666154001e-05
1.543682875191682e-05
0.0033189114837537024
0.002787723603692209
0.0007971280903561772
6.867674460451866e-05
0.013792994271995348
0.0061707834975279876
0.006327439490526
0.0020327284703256726
0.00541782185325042
0.0043455423257637744
0.0002794109690860523
0.010979534238197515
0.11134298499385817
5.547681560907187e-05
5.99325595444824e-05
0.0010820121085264808
0.055446299021057716
0.00010090621458954783
0.9713359750708953
6.526436851808414e-05
9.475979437083051e-05
0.0068395586935222855
8.838840529564469e-06
0.0006430949605327413
0.00012142492456558026
0.00045215420755930933
0.0006326480559201482
0.0016152979996102348
3.753188584324388e-05
0.03333608131355461
3.6495185535190807e-06
0.00020213343391797098
0.0018464517854606959
3.555065704534932e-05
5.6120542726708164e-05
0.003835841181213374
0.010724153165189196
0.00802544527328661
0.003386020583519484
0.0002557191324486147
3.41290120518384e-06
0.007054877935097432
0.0006311471057120111
0.0007660944380294554
0.0036345853917843355
0.5424344577703747
0.00029140377962203693
1.1880703199197895e-05
0.00017715929664733333
1.0137564174877607e-07
0.00386507986596626
0.0002846577436254569
0.0008862126734544641
0.004636458911765766
0.005656502227438484
0.018907933497707998
0.0005283971498322261
0.26883933773936347
7.389940314781944e-07
0.00023214093710433636
0.0011902377520501587
0.00011927133762266448
4.527039422878394e-05
2.390115429375596e-05
0.008222584237267948
0.012545740112803612
0.00023831707788415853
6.08744385560338e-05
0.01618812483723824
6.412457080546946e-05
0.010942076111350422
7.644395083775795e-05
2.9953579507440904e-05
0.0001960954649948455
0.7638567232649156
0.014070768415686028
2.7568979439983206e-05
2.873098022423887e-05
1.6510164537626835e-06
0.01773857617942493
0.21384508673836924
0.06848558823087161
1.9164216945261592e-05
0.05362370767425067
0.0001491294518608165
1.274463397940189e-05
0.12768995268027292
9.712515407366498e-07
0.024334486175346025
0.07006724675910453
0.000962110207922936
0.005872640920859563
0.0005284392521406832
0.023161647933701495
1.8790089797028393e-06
0.00010976128944333172
5.933820371177878e-06
0.0020534714566201482
0.00012199522741188057
1.8919923104644284e-05
0.0051519048376908756
0.05288291202483184
0.0017694022316724345
0.0012512498785165437
9.302025713567059e-05
0.0041653076424427535
0.00766130957007408
0.0001447851982448188
0.02637612785516316
0.10419587413785886
0.0002706601236504562
0.004138758148014282
3.517506281746539e-05
0.000976597827724372
0.043192457433675106
0.003377993542569321
0.0027212052173662465
0.002697621635488729
1.3450056920154665e-05
0.3693445820819728
0.002648783423540765
3.0377583383041687e-05
0.008307188564065034
0.9984320788202792
0.0023067514905010336
0.00010744477442811365
5.761802080463537e-05
0.024590186829915633
0.11424167733687964
0.08322957952863852
6.668854606935789e-05
0.00022680918636352638
3.798309250785649e-06
0.31709534103028153
4.1633497974091005e-05
0.643517252146687
0.0006262632379309813
0.0043234185235106045
0.0010936844057765067
0.11641758985867211
0.0030164783149869054
0.24229875059872216
0.08979726944780056
0.0015537285853265126
0.17473782958945225
0.00010855896427054294
0.007239634278234609
0.0005056135118153939
0.000960841955950753
0.007805279199986004
0.0002553610298955618
5.131815354002749e-05
0.007580839771493395
0.0027455782029691383
0.09584783726835888
0.0006183168493974341
0.12293174660528168
0.005761867709161081
0.00847589035943955
9.467727384170505e-06
8.507862913285137e-05
5.967723229586154e-07
0.3241934431687185
0.05543526367408418
0.0032297235374500054
0.016088501108785177
0.0001344941973740195
0.001148274503499777
1.576757645103095e-05
0.000521035942623279
9.228749935850118e-05
0.004830896340070833
0.38283515027151793
0.08780316249712017
0.017241214097590437
0.9862753527585421
0.00013372880011705725
1.0938338307790073e-05
0.023702337076069863
0.014614875124138395
0.01114310875272136
0.0702605386319297
0.0024761851556026455
0.0005118250872490144
5.70119765587566e-06
0.0001847682407107117
0.15004143117343346
1.4628201267364438e-06
1.6002711365366064e-05
0.003091374070738381
1.0771906259219874e-05
0.0007396904673476423
0.0052496096791891916
0.0005599635739709459
0.0006567401265354918
1.3192884533680196e-05
9.376669961890835e-05
0.7660741981607199
0.00234089826787633
7.49334941263627e-05
0.05907599272378291
1.0
1.8322480137824862e-05
8.433561510522966e-05
0.00011031671381133218
0.060599012228280076
4.668050856084276e-05
0.000310812827355201
0.2893440783092085
0.01806778431998997
0.00019376948715096312
0.00010490030714947162
0.00425054228097807
0.012171206362290793
0.0030479591951545
0.005276264924367537
0.002529498906995675
0.0007794461689944249
5.599189557101704e-05
0.001615431003306661
1.5658868567200342e-05
0.0007387721362212671
0.00012625521817817215
1.9101349187210534e-05
0.020407333781859074
0.0016526459500152775
0.02218551540406746
1.9351463008664153e-06
0.9180032202215271
0.271802997380069
0.00034394134613342716
0.00010271584226871432
0.0012007894174551647
0.003308986519653836
0.0010592285287424404
4.283611431083868e-05
5.404173032798777e-05
0.00037540755163749303
5.852253984071023e-05
0.06800361824056049
0.00022430581687768328
0.00017543787708951603
0.00016915805282392902
0.00048678134723400136
8.085830217686115e-05
0.41525547165130156
0.1980663071161885
0.8321476393712472
2.418954673572364e-05
5.798116129032873e-06
9.826160146724163e-05
2.3904826599187603e-05
0.3130185312936439
6.953155103416058e-05
0.00015645502060119401
0.9997475846066115
0.0017667020935831657
2.0175995324471526e-05
0.0015985038953919648
3.262295976400116e-05
0.00017984558989035627
0.0001750884657806363
0.7866512107496499
0.00011128732342652819
0.3825176483196877
0.00023212962538453303
0.0005289328915166048
0.15760851133340426
0.011856281560893623
0.00011800849402101804
0.0009001128990852122
0.00018800444076471392
0.2909812303586964
0.00038970134359148827
0.003941391843213833
3.012874374511603e-05
4.8638036612482744e-05
0.0012066430941505034
1.05358132334825e-05
0.0029166812857455075
0.005742417490844128
7.72087366504065e-05
0.9622473512583022
0.07543750649572205
1.2694692877502765e-06
2.1940037987530276e-06
1.3659634008109832e-05
0.04202368710193318
0.00032992252942221843
0.00485762099873698
0.014358475676067423
0.0005121630121397155
0.006087214316837588
1.2983781497045615e-05
0.0007015557919256478
0.0003226497778239856
4.527444140781267e-05
2.341709967140649e-05
0.007214380812819999
8.079599570558243e-06
0.03381378400488407
0.0016114262177503464
8.884318986487414e-05
0.08294254870036645
2.5327703011520017e-05
0.0073952001533704945
1.9802036960345754e-06
0.016834984005580436
8.992945424024674e-06
0.00013743530275567506
0.009357223630953941
0.6905785607986872
0.000421089662736548
0.0009516725040914441
5.398448021456877e-05
0.1974580027146282
0.011875773240958322
0.00898887001016718
3.438544799822151e-05
1.6001100750982469e-06
0.00010594391156916421
0.00012328777701643394
0.03130101947334631
0.0048757984811567835
0.0006002904228395096
0.0007333493821851025
0.16155751826071518
0.35023805463383206
0.05987862134910106
0.02862178183184105
2.578646094516518e-05
0.032443481627348905
0.22659456858039898
0.00015941359582038366
1.6216980742496403e-05
0.9900336170117209
0.018635951886281286
0.003951551834861324
0.7498778717187057
0.012216582285370668
0.006051858626704933
0.00028411894471950974
2.790014830321445e-06
0.03850858435273558
0.0001957418318085617
4.202280966398868e-05
0.0032701415206377055
0.971047185146449
3.538643329342991e-05
0.00031195753845962213
3.860654278541742e-06
5.648914048938435e-07
0.001874984106449287
3.189368503569012e-05
0.03744587783035529
0.04699452765386732
0.0034562025112419284
0.0006843340843173352
0.00043802640817828376
2.830748952511565e-05
1.4525830976548637e-06
0.0002566379003209283
9.861748389510792e-05
0.0011809679068578208
0.00015439909732919277
3.0296748988951666e-05
2.267430037720448e-05
0.012215656151050193
0.0004420170140497997
5.073659709297971e-06
0.006754306352218267
0.12936732542024992
0.00015168332373533103
1.9103201717899047e-05
0.00014435124748047207
0.00020343480579047905
0.0019216165767101964
5.3376580822075296e-05
0.0006697904445702066
0.00028656571193174236
0.024849401949934766
0.014571653348492059
6.9539870020662895e-06
0.002415496570527392
3.204724854716425e-05
0.008702250072473907
0.40070568904343357
0.00046886154491782657
0.0012975840804179543
0.006737382039477577
0.03969345115985025
3.917266390309393e-05
0.0002988723098662351
0.0034667785179538983
0.0005186446130288211
0.0032127791926289426
0.002982773408035638
0.5694997922443066
0.017264175520320574
0.00024652283527229523
0.0001482129841837782
0.9945558060474888
0.00952481108362495
9.150184539272165e-07
0.00301999114991826
0.0005047423492503607
0.0009239853738427523
0.05977733542383942
0.009784431503874874
0.0005183281178054953
0.003129777199330483
0.0586267262693356
0.003712481533899499
1.43136728793281e-05
0.0001614937002591717
0.006355441077850305
1.8229786271733836e-05
0.0001045965357911497
0.0001581133303709194
8.509923626204261e-05
5.522517715759127e-05
0.009611973926361695
0.9966203290217147
0.018236568107135313
0.0018931534362782404
1.251890275105192e-05
3.1663832927434325e-05
0.758815571042599
0.06900607199207923
0.029497215422754595
0.002818959906134326
3.333477193387708e-05
0.00010772978754838333
0.020484864454973023
0.0019244211844279188
9.77876055360489e-06
0.00017860306225394218
0.06820322347973931
0.018087533156063172
0.0072991509866080755
0.0001445099755126672
0.0017042829464017854
0.0009421841112315547
1.0197458875942069e-05
9.429762253976724e-05
0.26895281435018753
7.09188453909405e-05
0.000522908243344599
0.0002632015512136525
0.0005002340829763139
0.0009170305732876399
