0.8224040243668843
0.808661322673442
0.8416713220248043
0.8743943847056873
0.9133505255665852
0.8663748521384083
0.8469406438717078
0.7982380893784782
0.8280283661630253
0.7994965507511489
0.7546131994918056
0.8401903728784197
0.888523179439029
0.8575426719643705
0.8286348628428818
0.9099424758213895
0.9211196475356536
0.8392052815008547
0.8012724799714827
0.8445534180312837
0.8948258767868618
0.8999733186406569
0.8317632509279037
0.9186296847178008
0.8704249862278924
0.8753745195527295
0.8761793722385884
0.8663883636899088
0.8713606047715428
0.8254695384777893
0.9495377634826347
0.8587103916767799
0.8694277294137306
0.8448679085681086
0.8435971907351929
0.9269472738374437
0.9081340642253298
0.8687833140801371
0.8841054666102395
0.84148669866509
0.8425794381124679
0.8125068153843384
0.8747402320956965
0.9007312548183158
0.8953720871976233
0.8974018182351735
0.8788067026413701
0.8591790499442535
0.8816288234649684
0.7887186808345591
0.8998559843545678
0.9044194100848071
0.8153383672545985
0.9088213106471857
0.9103971303031415
0.8727108309528918
0.9003355841625207
0.7863554472620975
0.9047594210713692
0.7614527610562377
0.8679256824451241
0.8696848131223088
0.9016030819169051
0.9091906392788105
0.9194281121640526
0.8964297854014001
0.9266234482414833
0.8880546439354217
0.8948282914025367
0.8788811178806405
0.8753580094597543
0.816312510298107
0.8298827220979786
0.8905748067685556
0.7963220465211666
0.8613044434370958
0.82906750656495
0.8611836636338976
0.9103962922777732
0.8594525417951919
0.8423000995501124
0.8829080828652757
0.8095222589801335
0.8139884991476944
0.9301334091589966
0.9179163452071019
0.7606903307504013
0.9151682564309276
0.816192016339085
0.820322216924294
0.863739683044902
0.8126711777453859
0.9020013817863871
0.9019253726310179
0.8741942792274188
0.8420389477275185
0.8866329647959793
0.9055854524163085
0.8955535763348977
0.8685738645744837
0.8726129942342616
0.9335720481878763
0.8095380918283082
0.8846919287594697
0.8903179029981282
0.827477252058688
0.9223622252259427
0.870771890516724
0.8910686331005331
0.875564916232171
0.8564676717420863
0.8748248371028197
0.8900772336357913
0.895203052368575
0.8884680295842781
0.8360804776746179
0.7589692520882385
0.9100375400351562
0.8405411108077018
0.8394327633366621
0.8322126631238705
0.902166815515036
0.8681426669097
0.9088471534345803
0.8754034109717466
0.8802136630798083
0.8239337390765311
0.8668991131407175
0.8594705560665447
0.911249511793084
0.9139746610777618
0.8276612353485886
0.8961437526245027
0.8901528254167232
0.814713946073798
0.8753131527005229
0.865049646942826
0.9092560730867353
0.7963866285598984
0.7966801004342013
0.8862984593107518
0.7948083325534201
0.8167964921849711
0.881787403077996
0.865196380762524
0.8614639280792186
0.9069635785569129
0.8968979515246202
0.9052249604341838
0.8982152013589968
0.9063766885647451
0.8435158621061398
0.9193810437276891
0.9472477592431007
0.9069344608681561
0.821331252421167
0.9203194307749337
0.8944608319972905
0.8869910923932613
0.9027893450515327
0.9019970655321096
0.8762702656817246
0.7813578919466517
0.9085243468137664
0.8896660374001346
0.8616078989200815
0.8761314182002086
0.8166003806752168
0.8564611807612533
0.9037826931399817
0.736931544286451
0.8609820537003885
0.8402093704511727
0.8051751599310369
0.7445305928321508
0.8728908112117402
0.8878440569171507
0.8863010110957349
0.8926273235969018
0.8838967123852155
0.9142139291622129
0.8597905028360147
0.8627754141469175
0.8969941415235433
0.9128459978022568
0.8909813758901594
0.8375248715658556
0.7439941801915968
0.8858966134209989
0.8651820372118341
0.8764079865861466
0.8677993882828692
0.8420334616385234
0.9436055735303523
0.9101062885324462
0.8725713290120857
0.9022776040087803
0.8812531779606076
0.8985114771694725
0.8322915807659453
0.8915152524633305
0.8604837306166699
0.8131060497015241
0.8730015403225283
0.86430857288599
0.8734713064401358
0.8961892006545413
0.8835217750535663
0.8387614235896079
0.8938879076207076
0.8283399588229214
0.7259869157959519
0.8732430269659301
0.8682748310627663
0.8349155047669319
0.8744871114800514
0.8838671687262262
0.8922067225809914
0.8292740900592838
0.8958613313220382
0.8857799541997834
0.82698354624769
0.8754439241812878
0.8393939634997889
0.9180442215301542
0.929171039767661
0.7949955924095786
0.8788911036345204
0.922663822351603
0.8886465662812159
0.8603054194034789
0.9320770303096428
0.9011858103201138
0.8734501798423645
0.8606866909569055
0.8893433682417728
0.8676572521605677
0.8710746926681654
0.8941430590217914
0.92289756455911
0.7971851782859765
0.7850876081761003
0.8341022203466749
0.9098516724483601
0.8451265454882692
0.891589164025845
0.9150496120155142
0.902949925194906
0.9098840637379457
0.9085415861521478
0.8542443162850084
0.7633098397065252
0.7935132456659649
0.8774890925931884
0.8820976941915525
0.8927478625115912
0.9171183037800417
0.8446334680178667
0.9038428413267376
0.8897200359861829
0.8279979978999883
0.8956775940033879
0.8931973952085204
0.7647544448308965
0.8931401220714043
0.9097696551771871
0.8692675036893438
0.8840068078710702
0.9051908530081455
0.8538825383185522
0.9526302182717423
0.8112625050129392
0.814717281074888
0.8469784718811295
0.8112521568924138
0.7644431718564522
0.7945593717036956
0.9235243931364474
0.8916723495276229
0.893605122952757
0.8768107814348507
0.8786128669527191
0.8995666439011046
0.8869896998654856
0.8786624959546345
0.8988661386748612
0.7765166361384209
0.8869400477185795
0.8969624907446656
0.8463965930968238
0.7960339476080387
0.8224895513060129
0.8829172048264269
0.8976542548205466
0.847432788473468
0.8933171627820581
0.8615719219512195
0.9121033488979083
0.882714753486254
0.8479696035036414
0.9167264716369143
0.8653816533693572
0.8437467806693034
0.8377557056681061
0.8514578947601869
0.8465508160848138
0.9114829740466373
0.8029263134025025
0.8751590635449455
0.7968413884576876
0.8689187245039421
0.783637219293117
0.8998460886728075
0.8005878350724999
0.8782292374976828
0.9202291327633982
0.8379636513505427
0.8946429735542758
0.8615314658670867
0.8944715305680011
0.8879296052035761
0.8981532707761473
0.8901035356425518
0.9237133115390698
0.8833848941957338
0.8700894928877034
0.8966867656814812
0.8355263828244505
0.8729107764931741
0.8870055684579672
0.8095810876676907
0.8265181696962626
0.8744839178359022
0.6687297125445997
0.8919923978255555
0.7602980981545203
0.8903100574399134
0.8990434009093515
0.875974271727212
0.8982102104557803
0.7813655585328658
0.8741496480748645
0.8007028506281105
0.8103465706683444
0.890221673232466
0.8630824586653237
0.8229493480362525
0.8642881218291959
0.8480461709957754
0.8777971409382324
0.7904435628538088
0.8530276871471338
0.8867129203715672
0.8239532011645768
0.8608836533316343
0.8399527225494787
0.8185184772636636
0.8025230068407598
0.7920535828545828
0.8641127877457706
0.8449295422580043
0.9015135230451561
0.6623226641698061
0.8845049586713714
0.8813739719516511
0.8388336159725521
0.8560374362604445
0.8180920647219027
0.8374324585160884
0.8048206923456008
0.8068916312736136
0.9262046944461834
0.8610758286108281
0.8831040761641192
0.8312845803261568
0.8434328145523813
0.8911892984685746
0.8848707952100325
0.9168932152438821
0.8574415841239992
0.9243984735042079
0.8085120913555514
0.897557953296595
0.896063882302337
0.9004167949219903
0.8769767229222339
0.9014439769693579
0.8402106132575011
0.8686451914293336
0.8843594476509582
0.8774740263688382
0.8659665567288659
0.9183316689160186
0.836865765487358
0.8849343758067247
0.8737153616759312
0.850665420606624
0.8773803567248641
0.8965464882757155
0.8907683695136649
0.8595581739604407
0.8487193461628382
0.908240359574996
0.8822327780381426
0.916402419007219
0.9281510285067864
0.8526836843102389
0.8511260371178297
0.8924808239451567
0.8973508161308177
0.8972102830873753
0.8944934064344595
0.910402630099711
0.8700927573164565
0.8384933194511737
0.8443565788665434
0.8829063543288174
0.89997723441857
0.8464141746825299
0.936535297581591
0.880551369129133
0.8071872745080314
0.8805708721678142
0.8606755507187424
0.8444533265737576
0.9261591332764444
0.8761571442025177
0.9009869821888958
0.8720024691316396
0.870440694272543
0.893258153896469
0.8762008530365213
0.8732508761111953
0.8881628652718097
0.9049831147262078
0.910574854077662
0.9398115462625612
0.9010909841207712
0.8384813497886892
0.9522657670403116
0.8780694627489078
0.7865079348544531
0.8806014117536233
0.876459335282823
0.872749013170623
0.8813226999444329
0.8810765524336094
0.8790155391882758
0.9010616451088834
0.7678060581894622
0.9145488901482507
0.8560756981811751
0.8405893375503699
0.8940254638096475
0.8591466636908345
0.8534161011731144
0.9080847287333601
0.8748963233123471
0.9433423887070677
0.8744219851989784
0.8956949124750383
0.8833197069650516
0.9071597818892292
0.902622492800747
0.8889115946616113
0.8912724542131071
0.8257421330079568
0.8687084724731816
0.8929985060087481
0.8914749822819652
0.8533678522070716
0.8240961173595617
0.8951542252015247
0.7549436768441955
0.8292841001130199
0.8506795928391692
0.9079844784996549
0.85848973559124
0.8453198802915965
0.9637340524650786
0.8301527107895482
0.8301527107895482
0.8749239257679307
0.8116141768270885
0.9145889940923253
0.9221388011584313
0.8691417994449353
0.8834570617703084
0.8060770290048502
0.8506599709258472
0.8629311131452385
0.7514158965975594
0.840687919589291
0.8693394120222088
0.878536171760233
0.7979846298981249
0.8645359101783378
0.8485939073598201
0.8322130884317286
0.8921607763805071
0.8753762910309663
0.8783966516675957
0.914524110168959
0.7858329015961054
0.8559957012776978
0.9037658206109674
0.8602586062411786
0.8976744320040586
0.8773162285186339
0.8888744321649875
0.8886112138612503
0.9005565541413163
0.8574986362185154
0.8874134771931271
0.8149420774140018
0.8267626993166856
0.8497093001457078
0.8835847574957781
0.8529692422476903
0.942795407263329
0.8898957526550221
0.9208906096717374
0.9185163222088822
0.8920115540669183
0.9081362196292082
0.9424465289650453
0.897507992389244
0.8741128241556303
0.8901937407248895
0.8176996186702714
0.8402343417835841
0.8889872095314626
0.9025020427520422
0.8564677378292082
0.9040065368817419
0.8909156744890689
0.8746624618568185
0.8753882998238155
0.8684254490041683
0.9080266329141072
0.7726394554293067
0.8256044366665304
0.8748909473811075
0.8662803570305193
0.9166391191761756
0.8314981282369402
0.8830671445539847
0.8590861020454955
0.8965429557531448
0.8805537741140627
0.8762493991862832
0.8723686241814711
0.8785383711549696
0.9037701792307568
0.8844337401518445
0.865719646432583
0.818339911802114
0.9189347228114595
0.8697087037332035
0.8744761938913784
0.8939776145791051
0.8671813797202481
0.8953053006269697
0.886393281728225
0.8931866272675159
0.8316204035254595
0.8412784744374463
0.9130918693407287
0.910348855961456
0.8385751299800954
0.8997341928420649
0.8769785916720766
0.8865137931574228
0.8931688173196684
0.8783166034451949
0.9252926223228155
0.8518224247608287
0.8967812132139802
0.9138847680142903
0.8885920964105071
0.842060869749951
0.8956451790955061
0.9078375930507533
0.8571322996649723
0.91114198400442
0.9023052382547837
0.7751061536423226
0.9006315378959283
0.8758898988423093
0.9115957153590193
0.8232926147526027
0.903179836887675
0.8805835655569951
0.8772560076564544
0.8680453160324867
0.85605949073946
0.8837411505720332
0.884779705224201
0.8733240939142408
0.8636546820085144
0.8436868904489915
0.8941638070023455
0.8685320552241252
0.8777232763471073
0.8675465791178583
0.8749376364892153
0.801210828535333
0.913786674619077
0.9087249240358951
0.8436059648961536
0.8863223184481319
0.882077860854723
0.9084745207442994
0.8962751076082548
0.9083195412513825
0.8892656677343485
0.903048587944731
0.9021937545280203
0.904921649272831
0.8966697840958047
0.8999407588581837
0.8968528519883546
0.8694888506289516
0.8822560023886369
0.8837962239963624
0.8880348334341438
0.8561076039086617
0.8103770557150124
0.8743956265987775
0.8996957033107014
0.8633185636973525
0.7701777642316825
0.8800962573780874
0.8977006559488221
0.8887454977382042
0.9013306602876364
0.8806157031406281
0.9036193328302596
0.911618365229743
0.9271588053812426
0.8796275970495914
0.9172052475078981
0.8920065375176903
0.8859482384248175
0.8702507916373996
0.8882450881595217
0.8200390063246839
0.8278550355081027
0.8699657015929924
0.883224651786065
0.7877774546051874
0.8862922657014325
0.9078488576574744
0.8815791405306334
0.9104783528943556
0.8715841325442133
0.8698826660319564
0.9003542459663987
0.8935002955946848
0.8883820366275865
0.8606664950053503
0.8903296248409047
0.88045321992253
0.8923032801161506
0.8821791815302523
0.8983018763566067
0.8793830098537497
0.8997185355764882
0.8379601544073209
0.85638001611975
0.8270083846762338
0.847778804680867
0.8840738545041872
0.8645617921005558
0.8675767145104339
0.9090457304978493
0.8610203225022258
0.9046293326158399
0.8888547931171208
0.9193561149077125
0.8907619175755119
0.9321533419957138
0.8855514586901143
0.8644284605411694
0.8773856270196183
0.8828905591387427
0.8711464871361471
0.8831098321645097
0.8758304792026447
0.9036757702352025
0.8995489040699419
0.8895140589927854
0.8816878401634418
0.8905487468292653
0.857842627643499
0.8744328971590799
0.9078983442550148
0.8691665057367332
0.8923207595348918
0.8718410453675349
0.9008305356105211
0.8730716746702818
0.8745926666020563
0.8543354917512116
0.8562987279651696
0.8901518344954917
0.696036973700385
0.9145476183382795
0.8103572232262756
0.9068946755755656
0.0688997633279654
0.8946084357485703
0.8401872524629629
0.9035046875646281
0.8448729034726139
0.8485495317417624
0.8720978990024653
0.8733703818524398
0.8859752703329798
0.9371874875498993
0.8662158293950937
0.8769795371698378
0.8458755017908792
0.8984708884254439
0.8702018138450721
0.8800059532344728
0.8044142384707703
0.7920376624135962
0.9137559481436296
0.8199190948491684
0.8979803870556984
0.9090767979559686
0.8305960811235094
0.8788311982230096
0.8895161414115493
0.868564027108874
0.8697910847398607
0.8876292066425435
0.9076200451630999
0.9013110650445393
0.8579051808303644
0.8212041040212026
0.8747293570923532
0.7787542341824296
0.8469345643863209
0.8779787761453175
0.9532433540767592
0.8622086829356049
0.855429788984762
0.78732332081277
0.9033760619744254
0.9760154237904867
0.8874819550812176
0.8130956480997059
0.8718326341739092
0.9114974571144228
0.9276810986951791
0.8971192713551543
0.868277801293684
0.9362719723697069
0.8598715742779479
0.949240660911586
0.9132932724250583
0.8677294397012615
0.8612733420789397
0.8963357348156323
0.8510745007383131
0.7713591221824894
0.919522465812777
0.8494082380668496
0.8590122123956051
0.9654560937448005
0.8550121291124164
0.8821117536055524
0.8949363798935389
0.8684323523568707
0.84693756605798
0.923995949143527
0.8238888182084105
0.9020562781193102
0.8600619100291887
0.86773200280683
0.8986898953582646
0.9531980618405826
0.8710043219481327
0.9152238258671567
0.8783773672137749
0.8498535481826017
0.884436447675863
0.9027780011031027
0.8793813516795542
0.7886726357136152
0.8779497443957863
0.883607965781136
0.8229373474598799
0.8880776548509322
0.8741100104012701
0.8595159557369605
0.8761261367491322
0.7995210055722816
0.8488719153822895
0.8951989467311801
0.8946115057180495
0.8978628515293908
0.8716736061267996
0.8675563237621807
0.8637916933980172
0.8889284646729765
0.9054766608997541
0.9015405777242312
0.8122748142155287
0.8596047452500719
0.7681566116771325
0.8892410649414613
0.8985902652325927
0.8593567301445741
0.8992102125292935
0.7738995305724378
0.8683964145473985
0.8732486118717713
0.8292385131547314
0.8402410200494274
0.8806464407154185
0.8557815865910635
0.9492494259669535
0.891462738096315
0.8748788469414098
0.8923203536503238
0.8451848557435875
0.8800564578974952
0.9144661687811532
0.9077729646641977
0.7830733177943919
0.9004996626049019
0.9048011408590362
0.8444957466932054
0.8101527517529018
0.8301116594114065
0.8676829865799457
0.8059521271278959
0.8639113408790678
0.8952114588138698
0.8401436878486794
0.8418930906878273
0.9192596626168532
0.8880550778402583
0.8806125317352196
0.8702399002839977
0.854973105417648
0.8897246424558279
0.8544910377090668
0.8991431001775128
0.8737497239541988
0.9012789898300847
0.8829912464639287
0.840902753188833
0.8969126905914901
0.894987063873004
0.9157943990972398
0.9999999999999998
0.9180672692738113
0.8884446636924735
0.8224934246640198
0.9109235963212879
0.8545426481231954
0.9281191963081615
0.9013127646650415
0.7840743618303241
0.8988041491772639
0.8626294839700341
0.915254326157611
0.8534020729227261
0.9176003050998489
0.8663441279465868
0.9050135868409326
0.8804767510791697
0.8897246424558279
0.9183336268214741
0.8931318025216305
0.837306722313922
0.9198648727202643
0.8920115540669183
0.8747118174800818
0.875852159781214
0.9020213652854607
0.916965786152854
0.8838932841003875
0.8524169497329923
0.906497995332878
0.874763934291656
0.8214466137069472
0.8960642923414851
0.8987194522080173
0.8316162701882515
0.8712076285792186
0.9316159064478227
0.8121263033373642
0.8769655693753294
0.9088331136469295
0.9086466030215682
0.8968294062183808
0.9014133945179209
0.8992899620696486
0.910893821087452
0.8554350953603621
0.8360554862427088
0.9095609850892512
0.866606277268571
0.8660764450033555
0.8812817904135843
0.8472139097581606
0.8605420138195536
0.8469490652431158
0.917448668243784
0.875219213438884
0.8792519276495773
0.9208555204531245
0.8299056617708515
0.7769073528186389
0.880908451685917
0.8769810182704878
0.824582261504348
0.8850957978142274
0.9300265724558142
0.8309477941775222
0.8798153374009001
0.8681977230407846
0.911000593226408
0.8939810473661618
0.906497995332878
0.8823247160367989
0.8910162158494472
0.916417361285881
0.8545280762327345
0.8842593622355283
0.8877392201942537
0.8928179889447906
0.8832979420372574
0.8938217475267467
0.8846511469801622
0.8407437803345699
0.8855132193254854
0.9075288973031944
0.893206124493949
0.9215845836587028
0.8824641449419603
0.9089013458252058
0.8668520398599644
0.9045995533337711
0.8733922721880704
0.841589585799497
0.8617185208670304
0.9103049252701594
0.9528360493838134
0.8440936599885867
0.8345076574014172
0.867825722251521
0.9082202795161024
0.9088572693790313
0.8087108887745293
0.8760739642249941
0.9059297920076759
0.9065354497118684
0.8856385814444165
0.8505704810222628
0.8919368831772555
0.8868377790509142
0.8834706137118553
0.8685702574381535
0.8391226832868105
0.8675300451445755
0.8796048920259192
0.8967819182004458
0.8983924130962828
0.8913610078413876
0.9231584448955936
0.844928697279995
0.8564686861783328
0.9084871204915484
0.8395605070760839
0.8413696787933954
0.872222932792988
0.7215031013762446
0.894334313663728
0.8722814524543179
0.8261947955359996
0.9008026797591654
0.8958822752236809
0.9225763682911764
0.9289663167283999
0.8384728940024184
0.9076024671995148
0.9115844777895407
0.9193809451130001
0.8780584205992112
0.9124712674273583
0.904365701003797
0.9375742430522089
0.9021914557900583
0.8910557069288741
0.9304149906250181
0.9285095089412932
0.867528432501145
0.8611698858415388
0.8895068786315481
0.8866970925660023
0.8677511102588894
0.8713454956232911
0.8759446222177408
0.8930510792616959
0.82936007480087
0.9412491890939808
0.8785200837475193
0.9129667734187081
0.8880353388079291
0.8164240326263368
0.858123991999681
0.8432140263243134
0.9100577072429125
0.905668827555751
0.9185819810930663
0.6908077075072099
0.8948619978716628
0.8716443219046242
0.896895195070375
0.847082821266665
0.9169334935342522
0.8530718916818986
0.9164231144505744
0.9208977851326938
0.8931007585436767
0.8643952073592088
0.885579362195851
0.9068495019286881
0.9068442072654191
0.8971855476494833
0.873389227756622
0.8956252198535826
0.8222516736701232
0.8758933127475682
0.8903106055223026
0.800620777418772
0.9331573724450103
0.8889554656700749
0.8715046485079533
0.8239717269582404
0.860607770027887
0.8677986273312603
0.8880373320612297
0.8620131942082854
0.789592865166926
0.7472845241883921
0.7531769190362806
0.7674536470044248
0.8765697253172949
0.7531576627789196
0.8870767097888078
0.8890879031224225
0.866085426407929
0.8253460777577039
0.8799494265200044
0.9339702003573328
0.8908016407229704
0.8373076667057917
0.8779254814949818
0.9106443710659278
0.9212222242365884
0.9012279151068731
0.8773314398301024
0.8652538104312548
0.8570354213449949
0.8866914551457749
0.8419489098499716
0.8112730568116889
0.9042792545118539
0.8938980438997929
0.8507342505416084
0.8824414149791585
0.8957456279878943
0.928008784293637
0.8552919064736462
0.9043808746326172
0.875399381384676
0.9340860670987653
0.9015507028702354
0.8704602950195068
0.8778494937124615
0.874951604799526
0.9163232873706508
0.9169071585819374
0.9167264716369143
0.8436166494670686
0.8924882670071089
0.9027099272958113
0.852464833798996
0.8978226778798138
0.9140942036494092
0.8928963211107517
0.8585699721137513
0.8547451575239606
0.9037054776462746
0.8937542761106533
0.9361669886414079
0.8827371963109173
0.9109370188260854
0.8818551487289139
0.9002568452029798
0.8420559733029231
0.8546383276032281
0.8639670396823999
0.8765723117508831
1.0
0.849620272123915
0.8806464407154185
0.8510326345547424
0.8492361691096916
0.920166043469224
0.8808983030728521
0.838165844856142
0.87796470028216
0.8785149058644642
0.9097230528408629
0.0
0.8029535004613664
0.8081998080110205
0.9079326203503356
0.8627223682734761
0.8724237743581246
0.8008799061635771
0.9310074187398517
0.8961294167906287
0.8722991802582092
0.8920315754274032
0.8708793474820019
0.87703783487931
0.8844503527313053
0.9075558688866121
0.9067663118908867
0.8876371426196393
0.8397306644473074
0.8676669189734163
0.9057413526807898
0.9006871930747874
0.8692674508233561
0.8447494434039388
0.8749238696795258
0.7966009650683139
0.8745678499502001
0.8743414744237052
0.8474565354207694
0.8709358143299454
0.8437870307137117
0.8813767600029963
0.8624832718494327
0.8807468041865151
0.8743084637208555
0.8638732301208759
0.8702487795337914
0.9097697735023993
0.8188591626434565
0.8350086233434724
0.8717914931373614
0.8438699124052657
0.8527324263019617
0.8329164816221883
0.90392424858672
0.8588755664135054
0.8971090158153007
0.8468796387664014
0.9023367555371375
0.7928089602667694
0.8935578435242217
0.8574518507737046
0.9039750964685683
0.8755432045909803
0.8634885696241876
0.8477391679545169
0.8541348553971092
0.8958005924342327
0.87199527481654
0.9061490099662329
0.8879319575947372
0.8901797408061712
0.8981264431563929
0.8936445165685688
0.8771903273903028
0.787418050410553
0.872858775553252
0.8764237842976156
0.857298560061591
0.9514292181667203
0.8688260153022271
0.8778121861622895
0.8672749298219241
0.9027099272958113
0.8632781667546007
0.8875396780150734
0.8217394899507383
0.8444142863749146
0.7660476543059295
0.859004617990126
0.8498304339653303
0.835810532572471
0.8520235291732261
0.8960795330946522
0.8630137628635853
0.9341177913786263
0.8159141756514141
0.8974664415022133
0.847185863485795
0.8790466762676664
0.8801729155470268
0.8545934106405426
0.9019726873630648
0.8798463336315363
0.9164231144505744
0.8765477515167527
0.9251795992927642
0.9003196462711063
0.894812953523596
0.8373973417158248
0.9017582807311237
0.9188924979906645
0.8305330963806283
0.7707131565039474
0.8719957379684278
0.9173748050470075
0.872608982633649
0.8842124719558143
0.9073180728701493
0.8288715392664522
0.8509176246115194
0.8624124050342263
0.8578824805683974
0.8764734838217508
0.8791596352004052
0.8940832341781945
0.8599857487215409
0.8924235938801078
0.8302674830876098
0.9011723568475395
0.885080803645322
0.8939724775923734
0.9157022339311535
0.8155830941242477
0.9091115406009281
0.8639003577353811
0.9005227772993211
0.8537496320847455
0.8729044114622807
0.952423167641091
0.8897246424558279
0.8673494904778563
0.9172766306971387
0.8719752595784623
0.8876299346022222
0.8990684467603575
0.9238513239907116
0.8931688173196684
0.8919718771414766
0.7819677950310565
0.9126867467783141
0.8160577150003748
0.8790698446214861
0.8657550022871264
0.8707899362964404
0.8897246424558279
0.8950765575552131
0.8843389641793864
0.887923398766824
0.8990152324388055
0.8872680435561042
0.8125111776541629
0.8810669320933997
0.9015824952570672
0.8706991421945114
0.9324220333918231
0.8422076704239777
0.86619592127978
0.9050348263551069
0.8395576128281291
0.8487240888783106
0.8195995100965535
0.8514509219965418
0.9112353424757544
0.9449125384487504
0.9041892488025283
0.889569389656063
0.8931398433849825
0.8554438778401549
0.8886021537881125
0.8915088498470426
0.8565735061162736
0.8160143507214245
0.8712422707438493
0.8396154360050913
0.8881888464365246
0.8861524304556652
0.8599690630976078
0.9240098105437703
0.8954910254065727
0.7997261702106598
0.8995203426490511
0.8654353200225876
0.8581897514424521
0.8939639291216
0.8506375739196368
0.8600636772587408
0.8230211977012201
0.8823648937006842
0.8790080564328112
0.8538024546212978
0.9032625031237089
0.8617307113296427
0.8813807206627875
0.8803738784252784
0.8787262498709436
0.9115803828214153
0.8661939199105769
0.864338122625989
0.8803080203749437
0.8741837843377799
0.8936324138770094
0.8343965196239702
0.8735586234194406
0.8843067245722069
0.8795164171673289
0.8266961370469792
0.8717104392009722
0.8025512190794946
0.8967537284538946
0.8666375067915869
0.8913630224220146
0.8220316630826932
0.8295669152559769
0.8795758980867832
0.891814396338806
0.8826199883501112
0.8768244212413737
0.8772233347862474
0.9159718019437323
0.8586687941962104
0.8710306875286019
0.8548208427887323
0.8803013391394228
0.887538211658553
0.914185684548436
0.8909438707502834
0.8643710388438646
0.8908683542576684
0.88884111520079
0.87643475881946
0.8779728848342757
0.8949153313139033
0.843909396617919
0.9100890973103974
0.8681944865779264
0.8563319044490418
0.8621829264183062
0.8979152855102153
0.8904630042004096
0.8687707541970155
0.9176273118883362
0.9140885861424863
0.8763063384103149
0.9036397501438116
0.8935318360966091
0.9627997810173528
0.8615860142112007
0.8468378832995819
0.883356968282205
0.8702122671152086
0.8446852682504659
0.8837984989605535
0.8950463616677647
0.843884901998323
0.8686061329801096
0.9070275860521896
0.9517910284395517
0.9072122631326547
0.8897641568631928
0.8858676176298625
0.8783251101489138
0.9298382801762642
0.9164231144505744
0.8911386266040265
0.8669582483654621
0.8633703569496997
0.9058312019556055
0.8734536116258967
0.8570031554610336
0.8518273197659941
0.7497312879779224
0.8227494681758667
0.878581351108779
0.8737059887126877
0.8659572056884468
0.9066834221524898
0.8872680435561042
0.8904044607109179
0.8781377565114785
0.8582187711560219
0.9199618596872846
0.9409461068662869
0.8660231422355297
0.8768920125970641
0.8869434626780041
0.8424692667420995
0.8489180219191949
0.8799166468979474
0.8408352259074808
0.8902930093125996
0.8875071538509681
0.898606352851263
0.8822547558864785
0.9042007643834072
0.8787116948983645
0.9104392113150037
0.8624584840839647
0.8992932133058015
0.8777956919695159
0.8475419952244845
0.8835330825251785
0.9040722053270831
0.915528817686092
0.8694070114581125
0.8680155856003126
0.8971810245718783
0.9080649631010639
0.9175026363481995
0.9159432625730742
0.8778188861680232
0.7954048100409105
0.9092996294071063
0.9174029217460573
0.8481949259920297
0.9148741967939474
0.8159597594307921
0.8892457908308941
0.8806354020793951
0.8906043292951865
0.8744836891665666
0.8994987409093582
0.8115510878002258
0.7998154626493813
0.8428662269381546
0.7963548334927554
0.8023356379307865
0.7284340751240274
0.848325682323426
0.9077436838240261
0.8690220415552904
0.8816573031493043
0.8281608864107205
0.8925693240461232
0.8681732297414978
0.8591791202567377
0.8981691449420726
0.8577314319224583
0.7851956063979783
0.8957871813846707
0.8644082912669079
0.8538655051582374
0.8980392268094767
0.9020537274185984
0.8788271799001389
0.8554038915190372
0.8760360502002479
0.8666864712658038
0.869745599387186
0.8701320529619317
0.8664465781988093
0.8592825686464359
0.881779725699215
0.8722351007074672
0.8299120399751984
0.8834097218152765
0.889424977246822
0.9247932622894702
0.9195489927499432
0.8993148596857797
0.8779685696489273
0.886202030539114
0.9053249671667842
0.9766084410261395
0.8570091257530917
0.8940776351948675
0.87207410919759
0.8455100529879706
0.7843851570482813
0.8072034011294738
0.8619857761845002
0.7872258244739815
0.8918278528953627
0.8746762664491683
0.8832893082358203
0.8993928219418136
0.9416956345287253
0.8994568655897255
0.8906431302130179
0.8837254974170307
0.9137878929245223
0.8362276324999366
0.8704893503905818
0.8951377433775078
0.8225193255825357
0.8515130185041382
0.9035761552553827
0.8835402633174165
0.8261329517887749
0.8467999481534043
0.8519840437365596
0.8796657593360427
0.9232929599962819
0.8914780169625137
0.8655194033435966
0.8376694408609617
0.9043457155201347
0.8819390485521291
0.8704159730219131
0.8925274281136244
0.9053573488738417
0.9083370719759791
0.8661174287951653
0.8494121997497808
0.8037002277579427
0.9084603768000781
0.8894075951992261
0.9194277477120798
0.9262600420874727
0.8945356128209274
0.9055618696788723
0.8888890145940037
0.898724325633057
0.8841475254993365
0.8791225380943242
0.9144040132450495
0.9523437682575188
0.8643073527421639
0.8990562970557533
0.8441687579672648
0.8550537662165343
0.9074273526435463
0.8834633415094993
0.9999999999999998
0.9001189471896396
0.8423657575802551
0.8932166001714898
0.8701443133815628
0.9135399003519915
0.9094062515659083
0.8827308660850404
0.8575425745446683
0.8918152965592216
0.9147912964765859
0.8922967787991991
0.8750263936100987
0.8547791464693304
0.8556102549086508
0.8997084490645614
0.7988662608613466
0.8958661342542873
0.8895045607540387
0.900095443361804
0.9038301690992189
0.8824846756945296
0.8902153094146189
0.8631325667360669
0.8595004373265803
0.8863515407551241
0.9235493813620976
0.9003888657159466
0.8751456135536939
0.8700169347698622
0.7910070320148749
0.8919405606488778
0.8628506865553288
0.8878560153126742
0.9278478039031767
0.8556567286305802
0.8574892210993745
0.843884901998323
0.8693894142043429
0.928008784293637
0.8186950604902037
0.8329987014299979
0.8904640497827666
0.8512984258837463
0.9014463136831086
0.7833174080179545
0.8678669053762533
0.9004437522610111
0.8733942618840991
0.882456265147366
0.9100366197821078
0.8838805979702792
0.8847658437048321
0.8313575653575113
0.9754886010786332
0.8989510540494784
0.8623899470706325
0.8481208560487424
0.8625988786991287
0.894643917226674
0.8696493963296678
0.916668900514463
0.8778205505453575
0.9010418690412058
0.8672038755861499
0.8870331762520896
0.8871221704825876
0.8158651696787615
0.9193757694538939
0.8683026270975706
0.8868625044489845
0.9121886852080038
0.8485575206686625
0.8904471986264095
0.8417180514352778
0.8505722402755229
0.793034583801932
0.862625469781443
0.8319632687581342
0.8709091813629446
0.8695319048294762
0.886583834722458
0.8431193888150186
0.8293578874731221
0.851686792905791
0.905497915442572
0.8898359014381193
0.879910744949582
0.8583667523363555
0.8256542096682257
0.9274755934697755
0.8558021356904832
0.8986880283087887
0.8555842475079533
0.8926653556923579
0.8304338439964213
0.8054719576771705
0.8980440964058143
0.8989870299666715
0.8689050141654823
0.9415528846438497
0.8938301885811326
0.8736054990746761
0.8566297522220209
0.8649006351043992
0.881552728308415
0.909802603073271
0.8473141997867926
0.8496747008975568
0.8810406262127946
0.8954011586291598
0.8620564775242635
0.853465520061044
0.8072120366342717
0.8625170753581345
0.8582840359093801
0.8229384127700294
0.8419315282145473
0.8742106402584053
0.8434323581475776
0.7951600493383814
0.8177791088073827
0.9277378625942172
0.9173378448749462
0.8777299024249264
0.8481220211813706
0.8356718481499921
0.9028809821997712
0.926324933537054
0.8497198405147621
0.8495132369786838
0.8402157154508564
0.8743722109356634
0.8612345785968561
0.8713300550317982
0.8887215386009037
0.8926406536697351
0.8923935767244953
0.9143411326463199
0.8861001074855338
0.8858830977429749
0.8870416009532806
0.9076102128609035
0.8556885963079894
0.7806878077957127
0.8372293369935928
0.864279326101722
0.8522908825277005
0.9212980423918136
0.8567018982181741
0.8968234250225853
0.9424109347862168
0.9173285318487938
0.87065514164835
0.9197683933567664
0.9249883839679945
0.8469175523306618
0.9155884124119965
0.8958148674860378
0.8886555029347804
0.8495872632133438
0.8762760021595025
0.90290434263755
0.9010760846896433
0.8907785560845397
0.9321968275531601
0.9016158564818716
0.9015252830566701
0.8880380504077596
0.8805249773206167
0.8587599261729887
0.8674259630762527
0.8817411554797255
0.9074374419461125
0.8206276308444739
0.8666920508563614
0.8927437992388947
0.8850493959143059
0.9216514920898327
0.8715310592075246
0.8932676023851931
0.8549923851829075
0.8774647024354068
0.8439803182769773
0.8890520715412707
0.8699096464846798
0.8655632922499954
0.8850835092241806
0.9236538223220253
0.8975411938956155
0.8641380555096707
0.8819117119350951
0.9195635165990937
0.8436962958283661
0.9221129990796657
0.8709247403949806
0.9053384854458023
0.7791879269978857
0.9096390752682953
0.8406464095778756
0.8837291465442696
0.9066676351205303
0.8226289984179566
0.9178675627181732
0.8364785571354902
0.9059821051281838
0.9017570370859107
0.8454044792691644
0.8559175466910747
0.8863515407551241
0.9320541319942202
0.9114323921956227
0.8974664415022133
0.8654792155208356
0.8725299716479417
0.8920115540669183
0.8905626118003906
0.8288257005989718
0.8553714742371287
0.8777567080632813
0.8420251780018372
0.9130953547371153
0.9075161113187921
0.8841692801936811
0.916216959273602
0.8616847490106389
0.8575886701548989
0.8932631089049359
0.839760643629139
0.8108661229134337
0.8798232148031601
0.8853770984090966
0.9159278905507142
0.9026720433680377
0.8808708916769359
0.8886182777994485
0.9027724545308841
0.8974265940292437
0.8805185131652606
0.8786391931552998
0.8574175255750304
0.8677926429345112
0.8474272882804605
0.8894681307755853
0.8224032575043578
0.8973986714366566
0.8830981176494709
0.7601047081229977
0.8881412194791113
0.9016741773267669
0.8639080826826104
0.8951440178638427
0.855251314228308
0.9360565738735657
0.9078488576574744
0.876028953912218
0.8722508762753864
0.8872678214988206
0.9287376931338184
0.8864939493268288
0.8852923995939234
0.9005598543484307
0.8589402287453636
0.875077300153851
0.9193140346825779
0.8502480731284574
0.7863599747719375
0.8955404358687207
0.9313595912771441
0.8827830455059213
0.9025557922922036
0.9023858337611981
0.8469061995497477
0.888169539992444
0.885382786523563
0.9097355186302947
0.8869136761881385
0.8745517071077139
0.8682093010003974
0.8787291881337455
0.9024643965003174
0.8439514294517964
0.9093430501894348
0.9188449772438263
0.9171253443919941
0.8919449477288234
0.909420856085878
0.8859497590933473
0.8988359121295639
0.9255830862647135
0.8737097020870696
0.8591422173240586
0.9184567363976023
0.8306595896094936
0.9037867380771234
0.90328877379244
0.8779960839634845
0.8484810097334154
0.8911197247418631
0.903759057532014
0.853440451510652
0.8326320642182086
0.8389456853484705
0.8935443479898354
0.8936311323201607
0.8760235012750086
0.909989843887892
0.794517549218203
0.9120447369041527
0.8814822585771231
0.8919108479684211
0.8628424337640085
0.9011871358304968
0.9194528510869652
0.8470425442735555
0.7914608233532621
0.8261144694655758
0.8348910713725418
0.8824594026942714
0.8117044005772646
0.7980821219578735
0.9042792545118539
0.8396643009363851
0.9039750964685683
0.8907064224400587
0.9115533434132866
0.8978574201600282
0.8823153802425544
0.8571373288973211
0.8732806327502016
0.8517209191558942
0.8622432591230591
0.8869831798708551
0.9139165720262259
0.9049879378967518
0.8932523229449041
0.8782141303352435
0.8520946937811664
0.8823332444729008
0.9363569121397687
0.8834874762839136
0.8892139558209777
0.8862784132456188
0.8528085696144673
0.8875726526271885
0.8781410057531418
0.9075545583345428
0.8709876286205344
0.9225208572826782
0.9586232951050401
0.8952076630440781
0.8747486845839705
0.8573489375590273
0.9161357246604495
0.9328234694663793
0.911797804434437
0.9078973565198311
0.8289780451205484
0.9029813813508014
0.7521599862900069
0.8740404906654218
0.8867733806251081
0.8679074860692753
0.7682935719942848
0.8465955579676366
0.86131897603169
0.8734902608082876
0.8598548527519954
0.9124723199696713
0.9015849133938137
0.8842946018447728
0.857829639910563
0.7728937279891744
0.8797411855663403
0.8930268710660549
0.834897103563378
0.9020636991380213
0.8822079971218564
0.8201436114172497
0.9263559423147875
0.8565255509396017
0.8344101595674118
0.8884090744933325
0.9097438525488404
0.7810760761979926
0.883790268866736
0.860040491712491
0.8618316181303081
0.8868253451511531
0.921207346739043
0.8815949059573122
0.8909365468762548
0.8917748179525546
0.8625944845547165
0.8295143839910982
0.9022755113115326
0.8280317513599981
0.8852700750929913
0.8663306480966592
0.876317313986091
0.8816491537123753
0.8832330670403244
0.7986202418236947
0.8196300841222597
0.8688814222734265
0.9210684158563708
0.8502712314472255
0.8823412125488314
0.8756635903916972
0.8918932172560384
0.8257358649915446
0.864126415102952
0.8709172256221653
0.8807835038141166
0.8918906702679683
0.8480537754523173
0.8516287395570774
0.9039838502766941
0.9030365738379735
0.8953333984486491
0.9100725834911653
0.8780880041684446
0.8728898531527629
0.8906953659365845
0.8845526322407588
0.8698570213361134
0.8699268162749477
0.892087741136372
0.9020927886596056
0.9239522695232304
0.8951601059380596
0.8727448623486121
0.8887683142975961
0.8022856448012129
0.8781410057531418
0.869861062602829
0.7895070485021991
0.8957147093239113
0.87078225887357
0.8732025796696813
0.8806647508510494
0.8897246424558279
0.8384149851472859
0.825827305044181
0.887973289595475
0.813990891442462
0.8452629477073808
0.8422362372524113
0.8263004358904011
0.8935925567652185
0.9111876807204841
0.9050135868409326
0.8629372851425442
0.8620394980139656
0.8758163289470031
0.8850391871753793
0.905333970455392
0.8974748831693468
0.888232755180562
0.9059821051281838
0.9199321780824861
0.8711978323289633
0.8643984661180294
0.8805589995610318
0.811058821360201
0.8431374346201265
0.8644484700733147
0.8934595651460328
0.9025475107961742
0.8553111070259528
0.8921351713714506
0.8380756178641409
0.9164231144505744
0.7849707558079406
0.877419449686794
0.8621669720311194
0.9136149246206607
0.8477047648334157
0.8523156047342804
0.8824770010519265
0.8698590238454482
0.8692838558251802
0.9232487001367649
0.8736683605422585
0.8935402893120702
0.8850631752566784
0.8508199204812826
0.831594401729062
0.8681415391212194
0.8465308128010434
0.8976040458015782
0.8581736872142214
0.9213962998132308
0.9016813891107768
0.8084166473675602
0.8608786492333923
0.9202848653721701
0.9077729646641977
0.762577481086513
0.7922137773911605
0.8749389326383076
0.8691220513842294
0.8730697425222723
0.8850460901240184
0.8885979266525061
0.8773634541425251
0.91881586070456
0.90955331836914
0.8980446923603776
0.8980446923603776
0.9123953905511061
0.8190282918546076
0.7670998729139163
0.8586294595423521
0.8848189286091794
0.910446258238161
0.890161043123211
0.8694448670183831
0.8929193642826595
0.8971571088207762
0.8439516107570684
0.9100026012863948
0.8875848957656391
0.8726914567622409
0.9140248706567761
0.8919076978729567
0.8392834135958337
0.8605177946236148
0.9047623079603236
0.8991614263437625
0.8227788807808927
0.8023271000341183
0.9284266813390354
0.8273810957600606
0.8971090158153007
0.8799798972588064
0.8731588038836137
0.9092905468745005
0.9048784849898378
0.8815530481085742
0.8634912683469206
0.871917795032509
0.8923514420872433
0.8879650503804698
0.9001722241742192
0.8559564882123295
0.8549355362145264
0.8655488867339057
0.9006839074176554
0.874718356118814
0.8686777150951163
0.8434505463030038
0.8912988587625694
0.8621046844027338
0.8624079099578736
0.8708647018057175
0.883296888264571
0.8605485831146149
0.875134782585616
0.9288841789747077
0.883330254838153
0.8333124870236058
0.8699268162749477
0.8478612303890881
0.8403757289795878
0.9307338743186266
0.8949363798935389
0.8729025283672074
0.8999006536899873
0.9147388249573651
0.8386444725132968
0.9029799483773978
0.9069059187083401
0.8512319458616681
0.8507764213203527
0.8883194694208834
0.9002546011248814
0.8684322651977933
0.8341038144182866
0.8965327194442092
0.8979471658670263
0.8878825950221325
0.8941330665300319
0.8709549784823943
0.8649299291789241
0.8989957717213599
0.8990756797997203
0.8702826750177602
0.9210163683578431
0.8681658139476512
0.8779685696489273
0.9346902417943656
0.8514035384738384
0.8886750834178124
0.8735653329944423
0.897553735940723
0.8912117682189967
0.8659952081120759
0.8786124027887177
0.881715260478002
0.9003518212938418
0.8506718874210536
0.8577097000139371
0.8973550851493601
0.8655433342254965
0.8648007930216638
0.9147397910414417
0.9068138928020543
0.8998829269269191
0.8249966354582576
0.9180859069399145
0.8828591318496749
0.88121325450032
0.8788949585056218
0.8594190311552127
0.7691582489358869
0.9136517635027681
0.8782715442289826
0.8715110096389734
0.9057208242527786
0.8652521228707222
0.8749285090735835
