0.6260892086864607
0.00047080264703837685
0.028346301136425518
0.018977682866376595
3.163374217899172e-05
0.11254347349765291
0.0008135657465832452
0.00022825601341483462
4.929713422975199e-05
0.005294091704174784
7.243215750698724e-05
2.1834082827655177e-05
0.002069137789960494
4.208294454631729e-05
0.03654788954303598
0.141160049745966
0.004344117474038043
0.00015816055753425915
0.033140167929904034
0.01704128038121596
0.002742035213413164
0.0028956024849329325
5.04528794613471e-05
0.008002230115218221
3.0301001982700425e-05
0.008537963926404366
0.02485755008936925
0.027250374363761046
0.9840581252573114
0.019784188468151675
0.5363019274223345
0.0003752843832208098
0.00012820247577788283
3.2243308923160115e-06
9.022488370631636e-05
6.656283922134008e-06
0.16287028287202412
0.0036717588373664264
0.5567842668713987
3.427817985103079e-05
7.467767482108752e-05
0.009636630734868076
7.4212594847664255e-06
0.000783010726793193
0.0015439540945203817
0.00252547901729613
0.0009329930521715671
0.030985236879213097
1.4711136476037835e-05
0.0003125136858968984
0.00036783703553699585
0.0010427374465799913
0.0014111820369113544
0.9857600097362207
0.0006628790867136495
3.463554592922405e-05
0.021233073203759945
0.013834427979844993
0.02905589590031685
3.118882906982347e-05
0.0007779984264320263
0.07349068764141775
6.35022730333448e-05
0.057615180999019334
7.865947852260791e-05
0.0019331345251111598
0.003727175176622204
0.00020455907237155001
0.00038242872154974316
5.896773774651026e-05
0.0020086060031767367
2.513659665901571e-05
0.00021430519902727147
0.09342756065723527
1.7069697233436935e-06
0.0004911352703539328
0.013896622694541578
8.441244334130845e-06
2.8831913397659092e-05
0.008954351575992333
0.000832653211295353
0.010680299380851624
2.621882059721835e-06
0.00017669888873342784
0.00025858034910664627
5.326337053825617e-05
0.0006710380741761767
0.44896378738865317
2.391598607715594e-05
0.001639845451885179
2.9186962011643118e-05
3.2141733411822775e-06
6.232172693281034e-05
4.2202470400524915e-05
8.422588202953913e-05
2.9586280740588045e-05
0.2660582950323533
0.03082942179110548
0.0009010644637047083
0.0005019274210433115
0.0006449652993855503
0.0023708011092397905
4.894344626194418e-05
4.14055792264976e-05
0.0015194834187547052
0.0009999834116114414
0.040122609911806904
0.9353753001084276
0.4777058576491119
0.42330578668132574
0.001086684193426651
0.004097117030737303
3.1333534154473995e-05
0.015032355425757872
0.001066210761422313
0.01569741296601916
9.190306430304508e-06
0.7798342528347862
0.9556056233212622
3.4881822887120546e-05
0.07846945376431545
0.003956658064403254
0.08444565252462519
0.1100951667580564
0.0012449688761726663
2.7594438443206048e-05
0.006021023574253347
4.408368379616975e-05
3.01888218755397e-06
0.003080563283544079
0.0009395563436499736
0.00021679804834576853
2.1919468832350287e-05
0.034468144627627484
0.0025467091723075657
1.2640717771501763e-05
4.345379920695406e-05
4.824746846662299e-05
0.0012279157157414854
4.550577095493514e-06
0.00568818838951429
0.0014142713294830996
0.0025985514505913587
0.00020260936099139734
0.04181906274939016
7.189305057389223e-05
0.6352367185476198
1.722867024455007e-05
2.187788634318527e-06
0.0019754217201937924
0.6593767505983857
0.44648984985871165
4.356639449708226e-05
1.8669758245071805e-06
9.871144491672373e-05
0.0006786275402616697
3.059428490027579e-05
0.042354098047031295
0.36422422205377714
0.00033137966360577485
0.0010135544820207311
0.0068600533637113315
4.6681371993972256e-05
0.0009206630657033795
0.006612484330384951
0.5350992472902614
0.005270374375267404
7.614036035108827e-06
0.005380192346435903
0.0005302090702916561
0.11690934334642535
0.0002575471893641096
0.13776604135074974
1.91162121001509e-05
0.0387349000611195
0.0006411826739109172
0.0001520067259645201
0.00020899261060357667
0.13821536996776915
0.004534565329383117
0.004905929124238015
0.0035102238546765407
0.00023638730772577516
0.0005210040005860095
0.002137515746557537
0.832124224282552
0.0012898506998182506
9.875597515521832e-05
2.24130686994151e-05
1.5144516835530608e-05
0.06580831273497817
0.7525601711897162
0.0002896754362859179
8.756729433393759e-05
0.8105304622363406
0.00038903977389178994
0.00597530167165096
0.00010965228440081445
0.003480082296695674
1.32374583960864e-07
0.0004969514433864855
0.0019957126073250338
1.091712923252167e-05
0.007366281962756117
0.0034043324609824097
0.871880381612668
0.3622564330266606
0.003724028140264071
0.5897151831585928
0.2837756682680816
0.0005408063357019762
0.0014489651002368173
0.0004072447540539666
0.9849113325433546
0.002665489537934281
7.348536766643217e-06
0.37815568912958947
0.022651091091489776
0.0385296078615915
1.838052271836829e-05
0.010400283927683681
0.6292893618772594
0.8259938160839366
0.09944246638145267
0.008976492592666465
0.019163839520176806
0.7861258965866185
0.00012788613645618494
0.0001773543418288641
0.0405241602023474
0.00039336310705972527
0.0008563214696261954
0.926568202906944
0.0001657950922957711
0.00021038998695037568
0.022755389408625582
0.002371730830768203
0.00046819154519765527
0.10276724183949278
0.09076124318348318
0.0003597802347851579
0.0013151062719706735
0.4424927281044059
0.12604952160941593
7.073452946436266e-06
0.46010817424364586
0.007153280502069655
0.004570567648844493
8.375664994221518e-07
0.0012535325358156045
0.00012570005100287287
0.21169822001880312
1.7185189581207393e-06
0.00018113265980330284
0.0013700099022844112
3.801114354506599e-06
0.0012563789785115336
5.619788778841027e-05
3.2920774830521954e-07
0.015557892801889609
0.0013622467391640582
0.0002588908965868667
6.6942796937482015e-06
3.398293053085309e-06
2.182087837499046e-05
0.9085333059033832
0.004752028894595124
0.016851077936963034
2.4607454458211277e-05
0.00033451881258179543
0.9885335592839977
0.09672632533356187
0.01178258914623547
1.4736745910786451e-05
0.29349757606217036
0.017156056401526964
4.876825397152693e-05
0.8885368785540693
0.31213455821288233
0.0001144110680022379
0.000161436746136392
2.321885044504168e-06
0.0002533574760163891
0.0014018526900041574
0.06354579942213848
0.01656291222775188
1.7256628976807502e-05
0.00037868838524931456
2.7995101446915988e-05
0.008619579180355106
9.333604848343983e-05
3.4592136222874584e-05
3.846769672760544e-06
0.379725783660934
0.026845361308740073
9.76496843045897e-06
7.749493274796391e-05
2.3573383373783846e-05
4.234374656983824e-06
0.00010176014366484783
0.0004163632953942247
0.0035870989957108215
1.0886536522104917e-05
1.765526920171001e-05
1.3826456337958731e-05
0.0010634307939320843
0.0006616653030102647
0.00029372410810700776
2.2618096977242008e-05
0.08338177355340592
0.0156835823978279
5.3024387953577133e-05
0.0015405165929464474
6.445631884072596e-05
0.0002724414772655028
0.8531386112539874
0.0034740003392592436
5.126991746170426e-06
0.0002959023934924005
2.425054677953193e-05
0.15392358727289385
0.040388428775686
1.908209407918666e-05
2.3761238041250155e-05
0.1078308056440523
5.583359842232034e-05
3.56172812501005e-05
0.00024643252915005194
0.0006329701337432724
3.529560847222785e-06
0.25254401377427305
0.004539440953927309
0.027011454790824715
0.09870342787461195
3.420486503353544e-05
0.9917732911836081
5.817087567721398e-05
0.8126373132027013
7.247940176165152e-05
0.90429808602807
0.00816125743428151
0.0006994502290385145
0.0008977815664620703
0.00012777846350369427
0.001583446187652644
1.6087160168172553e-06
7.256780738219226e-05
0.0031556264804425958
2.224855602624465e-05
0.0002849586944684849
0.0021011013041046037
2.89354880402099e-05
0.07168134011333806
0.001203316746321375
0.014288252230040098
0.04774626497559849
9.920645089189572e-06
0.00014990277406220915
0.011747539599249492
3.4052956527951964e-05
0.0009260142615528018
0.5696379294099583
3.618768304524866e-05
0.05518015905569759
0.7214149461052106
0.49868242430316617
1.2612417058654587e-05
0.012071440330072134
1.9000568089446023e-05
0.0008669285142261457
6.516492079892542e-06
0.9835904527432485
0.0010308312832052404
0.010091974950537128
0.0001946075390764981
0.0010607964665159911
0.006119351928957771
0.0011069653013682623
0.0716399285049841
6.16162127762473e-06
0.0044154864656348325
1.907637863762824e-05
0.00011468940382137739
2.7036700844152634e-05
0.00015616970661677828
1.9001390298097965e-05
0.00015703561602238084
0.737270987503488
1.3155816030055481e-05
0.03423724771559348
0.0006033202128791711
5.452283955993739e-06
0.09986610460163788
0.001858424892485344
0.02897686514648266
0.0011426033460159137
0.03312255421235298
1.053322236818644e-05
0.43092087331229845
0.00021242420391710945
0.013642035928466299
0.9993857551290571
0.9248564237508317
0.00012650146432448587
0.00038940745395904633
0.012567991256788608
2.0698569022225783e-05
0.016630966074064037
0.043625847198435354
0.0007100775305312702
0.012694208928966928
0.0005903883987824926
0.01461840139736073
9.684603539003482e-05
2.6745069236358963e-07
1.6884745094961247e-05
2.8725445093965406e-06
0.009224277699516104
0.00036350261346653346
0.00030824183899817677
0.0011447182121923655
8.834552573727547e-05
0.009699676704738184
0.0014841940487849395
0.9997054247304998
0.029741702086919213
0.01706642686883644
0.00034315136312311055
0.9838616622689924
0.021472676388618994
0.0001312561441588324
4.993683075142028e-05
0.0054577711234478615
0.16685181752941075
0.0003490554906528729
0.002366040506592677
0.0027754260235675838
0.07040033705448966
0.0017637251992283394
0.9955459050964383
0.0008566647308241074
4.1615653537068945e-05
0.9297701442924178
4.3463745748787735e-05
8.645821490047729e-05
1.9090678155798422e-05
0.0041405496716148335
3.342301009118281e-05
0.005316737513304114
0.03488235012090083
2.3546499697529287e-05
6.711038654064862e-05
3.5027235424220297e-07
0.3472785144269014
1.2348071960468075e-06
0.0018187655053590512
0.0009471125721326164
3.4880174817513984e-06
0.007792663478470437
6.185204933561654e-05
2.0869177317503887e-05
7.81257395791332e-06
0.47747419702893534
0.36288766574701814
3.742340807774779e-05
0.032999355050040514
0.007037340292516963
0.00024057331022028775
0.0201153472203827
0.0002550616162283731
0.009968833532011048
0.00011294269794024418
9.335228164717863e-05
0.004999756257658374
0.2312707260171083
0.0027742094458100192
0.00012211335857761611
0.0002644248992519652
0.11304881731287401
0.5438832767804345
0.00010208340991253374
1.0257781546051506e-06
0.001062790140592383
0.0033802099942189224
3.500738797301943e-05
1.6958360054995468e-05
0.000532339187347174
0.7525601711897162
1.66161029703045e-05
0.00048373987461502923
0.0057336201761576475
0.0833577819415132
0.07532404168301246
0.010965928088867292
0.27321298114094245
2.5029521703584363e-06
1.526493766021779e-05
0.00037540807832773924
0.0003965118897017208
0.06700267776181149
0.00025886272320721786
0.10514310434230886
0.0010462815878884643
0.0006636036780976766
0.449574783705936
0.0011175956297530462
0.10582375084219206
0.3780092061824432
0.1809848886532334
0.04090313826051863
0.00026898240908586617
6.363766824215321e-05
9.893806889077267e-06
1.5810816900417187e-05
9.518963421314283e-05
7.266368564242809e-05
1.2405299606852554e-05
0.0009109484885761078
0.0009831059273368314
0.6308614830292358
0.003937781900038512
0.07692894640403489
2.1419684209939e-05
1.2070675237877407e-05
0.8699598009249776
0.9961858403642152
0.00133223219422946
0.021274633828336838
0.07072861234280688
0.0006068081820567326
0.07624466390831204
0.12837995651666992
0.0018430416451024416
8.50566492772426e-06
0.0036604072937464166
0.028386205818225034
0.0004108549339971744
0.0006679137395082566
0.00019914751330994617
0.010282976494285551
0.0036948475040832944
1.2549223411379169e-05
0.0006297184367723116
0.0001100792871861176
0.439110715515136
0.0023401505677224576
0.0003197876566978938
1.776034909035811e-06
7.902951607307869e-05
2.6613932797216128e-05
9.533853658939912e-07
0.20627030409835354
0.10959537379713968
0.0047687811121073275
0.00654154841718607
0.01886270008605627
9.736326284156885e-05
0.8282089720411273
9.211551248245335e-05
0.0026944459512671082
1.627420787570587e-05
0.006749999760640315
0.0002338690790818093
0.0065399306598158185
0.005610800073862272
0.011805875725123425
0.9904130711006468
0.026959312151716566
1.5137922794903856e-05
2.336551738468032e-05
7.1511157378924685e-06
0.00011341910600649149
0.0018755012202824346
0.001081369087443721
0.0009214810832740522
0.007630537087645773
6.04455168933927e-07
2.683855583521721e-05
0.00191270544871693
0.0005087320489515202
1.06934630125536e-05
0.07684855960257198
2.6638018781199253e-05
7.490410962859598e-05
0.014155466667835867
0.0002618320751823381
0.001401568278572413
0.009576557638645544
0.007719973830597876
0.006203666239246443
0.009588229334307018
0.004223150761015436
0.0036605847161868496
0.0042385539160343716
0.029435384339051646
0.0003498981890354693
0.000486797821391442
0.025320096445363087
0.0136670948690558
3.814682072016766e-05
0.006130367953238327
0.007667832588516817
0.009993778847730561
0.0003434809450974326
0.41638016831063396
5.0121674898269415e-05
0.37589547066658296
0.0013741305501053685
0.699445245931776
8.968009407448535e-05
0.004038326405383415
0.7808272969444329
0.0003611236509606046
0.006620981514822189
0.003953468185881026
1.4347039928791061e-05
0.00781582851600156
0.16872882587351462
0.0010742011742826435
0.0004722257228626861
6.5275159515362054e-06
0.0007001322693057578
0.1048706132770478
0.4563204798890546
0.004344018285114651
3.7167761201290107e-06
0.066026487386979
0.08777544982937824
0.0069032303486313866
0.0006187358247229925
8.39806455657774e-05
0.00015566065031848438
0.0002351844965059934
8.60522857452831e-06
0.00014465313917175868
0.3454669838111557
0.07433391829133544
2.51385539521783e-05
0.008758130739035573
0.0005409628609455212
0.15259479471134982
4.208294454631729e-05
0.00018965161457936019
0.00010975340151263787
0.41325079782573004
0.0001077901637087333
0.0007512711444497224
0.000801819892067075
0.0016895421293965395
0.398176406123242
0.019042169636852218
0.0016739325636250528
3.355844531899639e-05
0.7097527576787593
0.6693257293129846
0.0048306032862465735
0.2947386427732719
0.6137385057035551
0.09944246638145267
0.00012819793543984023
0.0602426611196687
0.0005141510588242708
0.000332770927959055
0.023045116062771993
0.0021825731299407684
6.157714787474002e-05
0.0031052205788451985
0.0010014399287717182
0.25681657711505396
9.217538091420719e-05
6.944959198397381e-05
0.004738073059641456
0.00014943366400727067
0.002280590646117662
0.0005287013870142072
0.38821809899308735
0.0007362833139427595
7.526126833558057e-05
0.0009139445295895938
0.007426457507631917
5.1578319391744504e-05
0.010863420760460903
0.6516300528393157
0.508011614743329
0.668321061937949
0.0171628031110204
0.001111430898461532
0.00023536635741791068
0.0004804771178462724
2.3055413595284004e-07
0.02473613167092087
0.06579277779373707
0.05041987306805774
0.8073590989798134
0.00010486064155804433
0.9417024097213186
1.0012294068195828e-05
1.542986507580559e-05
0.01194720643636165
0.005034228832456171
0.0030947943328344823
2.5639295392622597e-05
0.31165931567469435
0.015419389673481597
0.00025579787860954806
8.493587373864585e-06
0.00018505159728577204
0.006823978864516971
0.00023093698116242306
2.8413310354267344e-07
0.0003319884181602539
0.003185889812618143
7.8077080106922e-06
0.0035972579438716457
0.00021549651387829156
0.10451347354634787
0.0005665118087868498
0.008344584642548718
0.0005251907743558948
5.307114559930801e-06
0.05535231749805574
1.0952937146932048e-05
6.038976216241063e-05
4.918975232457172e-05
0.07573597467888603
0.00017701119704987636
0.1632834303501146
0.005236141157777699
1.6617896549354976e-05
0.0001873943680586499
0.6191781342991276
0.0003730994619567394
0.00019612491422938417
2.5338396130742622e-05
0.006442752989757879
0.0011758630684617194
0.008069451333384723
0.00016829262747596594
7.751923519838415e-05
6.962125896384358e-05
0.026316973997344683
9.44810270820322e-07
5.2122890738092694e-05
0.0009059348493973132
2.4561363478514544e-05
0.19005724963316573
0.8917285676234051
0.007158406194462962
0.0027006734323587497
0.0004459165594465348
0.00331381674744111
0.12008011798887207
0.014000304457054984
0.00019477253379677646
0.3643261491502655
0.000279505020861063
0.011411994181955784
0.00335821869228127
0.00035108417772070863
0.0003404621732890027
0.004286177172506284
0.6695480615176054
0.011320954583255724
0.0050825384949049835
0.03637852142945232
8.953302967336342e-06
1.3979151580803195e-05
0.0007186078943618961
0.9424386094691124
0.0004239724653826333
4.976323558311897e-05
0.7651670628630936
0.040531346509698495
0.00039775803786602445
0.0005988593889617923
0.001964100445494066
0.00019401185254625702
0.011278980438660182
0.01970166328388963
0.016288226898608083
0.010859978485711077
0.006193241157424969
0.00014442391031007019
0.0011211448934941829
7.155990327001747e-05
0.014627182178297244
0.0004196113833785363
0.002950281892398721
1.488479167284692e-05
7.98179777893779e-05
0.00013940394085227385
0.07360534817415598
6.6697603221294e-06
0.0022681580363678195
5.209037711542716e-05
0.12345434448049354
0.0002409859279922733
0.000519476642510376
1.8873997071280487e-05
4.7129228304855864e-06
0.00014907330377987146
0.3455682254330185
0.0005921889338636883
0.0006247974670571554
0.574400487894998
0.00029509220509437833
0.00021571028812779667
0.0002860938080838625
2.9025274316429453e-05
0.00014094589495052505
5.825797886104058e-05
3.123218784289361e-05
0.023241342487837116
0.08628044457277123
0.008250894417783181
0.06272101698062027
4.019106426674548e-05
0.0003080436939892414
0.03051399356390815
0.0012165609123915985
2.2247935731664312e-05
0.00011739949812855633
4.295937895028299e-05
0.37666573552293997
0.9779964433407143
1.0
0.0001233164608447083
0.5718146987881205
0.027069399749113442
1.1084958025985241e-05
0.0001071655397996535
0.3304953238927598
0.12377206942022687
1.8042251162784416e-05
0.00032391520234010813
0.00025601080882185296
0.004109223667499473
6.679985361279369e-05
0.27258207625627534
0.0010537110943721491
1.1261436381705423e-05
0.032326040148325776
0.0015716539984046544
1.9252453165205215e-05
4.4552571927534035e-05
0.010756252949682184
7.783279136596482e-06
0.15211926904233825
0.0003870401042408033
0.013046180590785167
0.0011382229675751358
0.0005013937566949215
0.009573944266635801
0.003490027266873876
0.00011084910732218427
0.0025317686660932775
1.3961814256330483e-05
0.00010607393775718405
3.510339900937935e-06
0.9599158281599568
0.08114154561670633
1.3342299137071425e-05
0.005334707938438821
0.0007934869747318396
9.640812195447091e-06
0.9582725964663952
0.00010606402032008141
0.00024782871220287823
3.378712482888648e-05
8.26590288338813e-05
0.13563780655639782
2.3851802869025087e-05
1.3164968558445415e-05
5.420013541158101e-05
3.0227792669855105e-05
0.000525290196117135
0.09944246638145267
0.014670061596447122
1.6671687549458068e-05
0.0833715510405125
0.000673339501678609
0.0016861397863377043
7.458331181170029e-06
1.6881065165530097e-05
0.00015851924423962346
0.027135235116406635
0.00011431811476747181
0.0001775092954169329
0.000585982873854094
0.10289591734799815
0.0001233533365389388
0.00018429878886499953
0.0004870499847811918
0.0012540490865821418
0.0011463656563882793
1.3952143299918862e-05
0.01334367285284934
0.0018044348014695597
0.00013082443368328317
0.000662992536955252
2.468202441723282e-05
0.03218582705875957
0.0012083448796562286
0.06711291996353966
5.9823133068023824e-05
0.0009504665431284596
0.5850071646111479
8.053235521764356e-06
0.009334361571507405
0.0052730250013328815
3.32788279679569e-06
0.0023868748372619384
0.0050704118340878564
0.0006631265351369704
1.6492291444450903e-05
0.16034576923601807
0.0005302249614748052
7.650977398309861e-05
7.464062449847078e-05
0.00495892814095235
0.021260132687142365
0.00956806278258679
3.324486003247339e-05
0.023280865315565356
0.013040476994852286
2.4834399493824525e-06
1.3337397718459347e-05
0.0008961829600048454
3.175782292360746e-05
6.186678360570666e-05
8.340561064704516e-06
0.00013722422933506003
0.0002763539098405841
3.976068533264143e-05
0.030090400048589826
0.0016676977481411886
3.059567645601745e-06
0.20323378562196115
0.04904317924165089
0.0005418952018997277
0.01255833128013677
8.378191846222113e-05
1.6488140382186007e-05
0.013139502000398937
0.000299659872479413
0.021486132553550127
0.00035431090283243526
1.3080029129467234e-05
0.00570246740340145
1.3219015134467969e-05
0.015687108494203125
0.0
0.015357371915549747
0.43745934753580207
0.019886318599243755
0.0009667446445719861
0.007445282913345721
6.190105442650888e-05
0.04873737932515802
0.0009968709516737866
1.0399017724782235e-05
0.18570585671045153
0.0003619003398131973
0.06764758272062345
0.000666112680541902
0.0019354250674441823
0.0001443782886441615
0.03513764098862948
0.0006840645950676665
1.2013522172366223e-06
4.605062881519082e-05
0.0014056966100423653
0.0015768958768842822
0.993509568606771
0.1705264085707935
2.0449954590617463e-05
0.3499962723008111
0.985731756260352
0.20287178051158233
0.0011440508989190295
1.568597397565728e-05
0.004872169033256131
6.329295908387192e-05
0.02799780993476423
1.4675744213567651e-05
0.003724716408943757
0.28748384756611417
0.1104338806327903
0.00041867939168110235
0.0005532137407547361
0.8072902534848169
0.0521002172519416
0.3722585807296031
0.0014392960429088957
0.11455815793012748
0.00046988383978410504
0.001531435101928806
0.0016793566377210048
9.237191061056978e-05
5.511611221654766e-06
0.0001618926426434373
3.311843361422892e-06
0.004894791092924931
0.0026973000776120324
0.001100788928184331
0.006744902474464505
0.06987628425247892
0.02953966030375401
0.0012023502364129249
0.26575993475079046
8.658211008822134e-06
0.010438452570485991
3.842161303830276e-05
0.0027799568152583882
0.001025517807087249
4.276578790802154e-06
0.07860112449890184
1.6255317086213778e-05
0.00021145903282628742
0.025353237653344088
9.118373179431949e-05
0.0001233229366473652
4.630622836803798e-06
0.0008996829785410585
5.407019377280811e-07
6.356497917637527e-05
0.042128375723338746
0.01008851218605665
0.8966810919894438
1.5854630434909867e-05
0.727334585758105
0.000894480624286186
0.000748782166060454
2.3954080531998823e-05
0.000246175417956025
0.047690070957929265
0.01427186882767966
0.04611545005881303
0.0031562597993900743
0.19361937813109853
0.027159766912107502
8.046066421107513e-07
0.011598632344426355
0.4064018334001167
0.0060259425066373305
0.016392385513034884
0.0006067385053306175
0.0014251612720687804
7.379728581179146e-05
0.0028685057474947787
0.00022101325743788199
0.776000065418639
4.193173091618744e-05
0.00045146799584552756
1.1788112866076873e-05
0.009712092550162947
0.00010707590450422622
0.00010964903194712048
5.466316985391443e-05
0.0007533658119428309
0.0005941077505718397
0.12935556572823295
6.488766550713717e-05
7.791195623439967e-06
5.25744460783872e-06
0.0008211471797629706
0.00021887871646324568
0.00395261599935611
0.0002480827965048768
0.00025573224744104785
7.970605554615505e-05
0.0021137101721056374
0.0016371640912237215
0.004298509661981341
0.04385340242167001
0.006004918180283825
0.04066800928775324
5.94694305478505e-05
0.0002163869440197972
0.0008076252381396801
0.0007713102756574487
0.0004466862922684084
0.00038003564324925885
0.20845677443262892
0.01392293523410653
0.5308374429207764
0.0002854983252867387
6.0151536300738696e-05
6.61148301106185e-05
0.00012882811107636636
0.002309723550539529
4.2405523194732335e-05
9.568394896516388e-05
0.00011444920975226872
4.020839613408112e-05
0.0026308414033988374
0.006838919603569108
0.0003222217435644166
0.00027056119522125133
3.0498266559310525e-06
3.624903218019428e-05
0.00014356232295702738
0.9787656054770216
0.010044377306228534
0.0004260184697654392
0.0002333276583225964
0.023090769045371273
2.529299910276538e-06
7.0920865242889e-05
0.45367791560123855
0.20004950265890525
0.9991982927206035
0.04485615121283529
0.0026101381604381898
0.010602425365447974
0.0003100238925751608
0.0012886773134815526
0.879266996570635
6.234295155792288e-05
9.822655584838332e-07
7.686113357242304e-05
0.01658308157352629
0.0001418733463099164
0.021448554387531203
0.002852915623683628
1.6701327079933187e-05
0.01203556374304886
0.041186727308982866
6.560284878685483e-05
0.21847975460353788
0.002745467010459814
3.30912561763067e-05
0.00013423416934380322
0.005357160957829727
0.0017439935886088052
0.0008947296443649833
0.2672593955924633
0.027787089819315783
0.016748748496672773
6.130872584040048e-06
0.004658727509036311
0.653354110932198
0.0006252857862345817
0.0064397684742178865
9.198772936877252e-07
0.01364018812730189
0.0003329969844050599
1.1869103146861762e-05
0.00020508391798643435
0.008970114698324799
3.967643077436559e-05
8.473453086159846e-05
0.000845038729590369
0.0009252358846258088
3.6293951694466567e-05
1.553930977879847e-05
4.2196449359290555e-05
0.00011657213793921919
0.9996628656972293
0.020787928217199478
3.4639044394636316e-06
0.000185484501055294
3.550306608557394e-06
3.510339900937935e-06
2.8987412699434907e-05
0.06453339698883671
2.7011268766358804e-05
0.02761144067193536
0.012196937136271999
0.0030628105617975677
0.0002681104895533034
0.045549650361946734
5.266477717300224e-05
0.38787712007176484
0.002199012646222655
3.741229370858105e-05
0.0014910533353780454
0.0010280450290931068
9.23850089474988e-07
0.00021254711319630074
7.994072410765568e-07
0.02717112008559245
0.00048462588083741644
0.014868112538891818
8.225394553493303e-06
0.004325164938859047
1.7847240369573103e-05
4.5966487037747765e-05
0.08356752227529585
0.09566054640550017
0.10028722444765546
0.0008709748867734833
0.8828951839601955
0.0008437084105438913
1.2708355560567605e-06
0.0002759847745367756
0.0005726948178494587
0.07907296946720689
0.0072145564386167
0.007525673905889902
0.003954405591058434
0.11601788359595436
0.0007239583916977733
0.011749504750689463
3.882223602300752e-05
0.0033480671949315927
0.9864986533500706
0.00020263200447214816
0.012681281771627216
0.002587157530482951
0.012574205233285046
6.317713680668943e-05
0.0013365894053043285
0.0007943416642636253
0.04983121428259303
0.01676601761420829
2.1359661159301495e-05
1.551998969452351e-05
0.003247901982441632
0.00021507861359762188
0.0031101697801494657
0.01758459539274398
1.293795165631611e-05
0.0031714389643989088
0.001179320128414914
0.0006062178216922722
0.0016662985090916032
0.3304566988877748
0.0016850404424367776
0.006413703674123566
0.029893424817004452
0.0003802983425516459
0.1511000427823218
0.028231875304238416
0.003369151593449969
0.0005752959658721639
0.32989818608421007
0.00019975606413130792
0.00042596485885085944
0.025345021271351947
0.00013350732234312037
0.0026626552028064655
0.00016832203780668413
0.0004238087221657898
0.017919222497563846
0.5051387011780982
0.9494972099171524
0.005942871550458782
0.00503560723251833
1.8011280090864118e-05
0.9846291554236027
4.538065244475318e-06
0.031104202118091395
0.08331244375568488
7.43750874848071e-05
1.1749039764652695e-05
0.9917732911836081
0.14806306235563832
0.05603697253433592
0.004907791827024717
0.23984099173547954
0.08208761981288341
0.01771656043437067
0.0033240921145261033
0.0006338940925349387
0.00010504350658318258
0.0025397063411809594
0.9104460781409918
0.00014345476642346086
6.139905602549269e-05
0.26516685018350455
0.1439350596527277
0.0014469302138612698
0.0003396138285885841
0.009048547524564458
0.008946869098898151
0.00013878649853557871
4.393732154668421e-06
0.00024583952025506676
0.00010153292302960123
1.0447262454576093e-05
0.0007168157996527025
0.0018513498816257533
0.00016415019476382356
0.2952202632058015
0.013484620778664901
0.003110718346120149
0.0005919730349688172
0.014483857443725852
0.002151103232035135
0.04518234399943697
0.6798079476797382
0.0009712993603517071
0.0007299778321719249
0.11941957377746296
0.00010809619267945947
0.14717333119335338
0.001322684329001598
0.0006140194612670631
0.8540854603345237
0.0006576883161417318
0.0008048707663938445
0.023523992734096846
3.076943717168786e-05
0.8475527083339809
0.005479137721438423
5.932573321451231e-05
2.7147129636652586e-06
0.01811667271835983
0.0238507070774788
0.7951202773770882
2.613392120145665e-05
5.07524471817819e-05
0.2673163793961141
0.11812021937075998
0.00963954772743205
3.779617783484515e-05
0.010005925532602645
0.013520494571633995
0.03911110269213855
0.38210858286892774
4.654808413538459e-06
2.8071319461332797e-05
0.0009338820852859827
0.10102116659967178
0.00012890318673008976
0.012209743217930575
8.045474563327378e-06
1.4503795281615915e-05
0.00011533520869847318
0.026148893011386627
2.683614103785226e-06
0.0010815741011691825
3.960946442632883e-05
0.0009419307076083978
0.007826871549472522
0.0038093820715455707
1.4990749265251807e-05
0.003045736329541112
0.07900667214962259
0.03892061525435926
0.0875386332478881
0.00026054992446573525
0.0005760394171219063
0.0014550873386210102
3.170605150477055e-06
0.10515824439055918
0.0032339389295146653
2.7110139356754912e-05
2.5819120792412634e-05
0.008827580681086362
0.0031272610095688497
0.0011623375178517795
3.3544802007347634e-06
0.006573056034823134
0.032148043995434104
0.0003161888858092545
0.014632977046666672
0.004090891412348448
0.0003134033302106659
0.0017362439300836559
0.0004966489288120327
0.0014536301229471883
0.06429622276841153
1.5702800148291062e-05
2.6387929103536233e-05
0.0010880730711919856
0.9696233409869099
7.972335830875965e-05
0.0022778145204519307
0.027092266288522994
0.014486574195740258
3.745412448327148e-05
0.00010840453547630349
0.0016962250413195296
0.7923308128967017
0.004214014203846663
0.409893998781381
0.9709478567828557
0.033302342285325456
0.9665655280922599
0.000471989829017589
0.000346029850127917
0.03232524291153307
0.0011519734395465699
0.7056499834223918
1.7519039050929834e-05
0.00024243084691722973
0.0128728207051296
0.8601831445705821
8.1244553457595e-05
2.10503542682417e-05
1.146715498737174e-05
7.987369152077547e-05
0.006550324075689919
1.3841025288060468e-06
0.12570715683722009
0.0016268283027170848
0.9971845470903334
3.0810232895169306e-06
0.012537374942434981
0.00038989652985947973
0.0276061543214267
0.13610077015781588
9.560455852085217e-06
0.0010730641106502861
0.00024810695343164185
0.015285525606363865
1.947266865549909e-05
0.00018859745577337657
0.07211147544084327
8.373169277745942e-06
0.019025306588524204
2.0719571723764125e-05
0.014056333625527587
0.001997011376843062
0.0006690889303382793
0.10464004792610983
5.749966903501544e-07
0.003370993573668169
0.06538396668773402
2.8011162696625773e-06
0.001303499305231037
0.0008994462988682231
4.78828953294054e-05
9.04780693855327e-06
0.0001309900541552789
1.5476354184916458e-06
1.0738246098399124e-05
0.0003755090717444557
2.9480137605522763e-05
0.7279809585267129
3.915795909557951e-05
0.01005089397192781
0.004294760041271711
0.006166380051889333
0.0001276762622406395
0.02860303932421944
1.6482052036261113e-05
0.00011751179873328273
0.0037907359509749875
0.006741341918087724
0.001458583748170574
0.0013173397690308534
0.006943777197216619
0.00018170044944883996
0.00013557150263046212
0.003536238594633469
0.1309443319923114
0.07531992883525941
8.060334712800389e-05
0.003283200433087483
1.4425884858353848e-06
1.8674835215804275e-05
0.05185985780975115
0.08785587388489689
0.00033688424138778966
0.0008381215245824891
0.06584923258979644
2.2208988144392755e-05
4.824746846662299e-05
0.00012644711123926454
0.0002589996027573094
0.027998219729377306
0.09237470143570213
0.0009676322224498496
0.0022015179814707693
1.178112591158105e-05
0.12345434448049354
0.017941221017474796
0.00032350974433195895
0.0002908389852235237
0.020061857847159765
0.021711759879400553
0.4196912789810308
0.30992947575236224
3.3723505055946853e-06
0.00012770784087382032
0.0004471412865287914
0.0003524964847945323
0.014628728221610206
0.28094546275234433
0.06604474932509982
0.032480458209343366
0.99942670478712
0.6894969228885581
0.00118256833281815
0.03637135374912909
2.4185890619521643e-05
0.0005841646430964245
1.6110601272035936e-07
4.0986827632444915e-05
2.8150115063492534e-05
0.011963288080870643
0.003438356590084308
8.517982581403741e-07
0.06524242362837811
0.002985621322505879
0.043310491616646705
0.00035258446839647295
0.12605575048753465
0.0509499312238528
5.931866256970344e-06
4.8187972015501486e-06
1.40415921289516e-06
3.642757879086415e-05
6.941633255257532e-05
0.0001370116047224311
5.4208743135786746e-05
0.0001303484549118187
5.986735041644842e-06
0.013084942504425042
0.003168860750904265
0.3947795515181677
7.828929544848193e-05
0.021815078414870553
2.4449043759597103e-06
0.0009521763296582657
0.0013360599320372084
0.0005748474619668033
3.8026132481552734e-06
0.0035616097707775914
0.9973717710728304
0.005660857417200708
0.000265919368981521
0.007392950744229025
1.06612004181933e-05
0.00526657073617696
0.090327710286095
3.81581933938224e-05
0.022828472552461832
0.0032004659275997826
0.000448821066080893
0.009913733852229009
0.0019298864371268482
0.005441682028127723
0.00046909518888705405
0.9999073715158229
0.32796386610076494
0.0022866926276090493
0.0003020200915385507
3.331009101092176e-05
0.25362846443506865
0.006395733248988858
0.9898661219559819
0.07669323254259447
0.0001748549730506136
0.001104404783550092
0.004806798410308219
0.12141089246618114
0.2615068031254804
0.009704024253042346
0.0776693037044486
7.719896673799559e-05
0.2909160488192689
0.0016664992153168701
0.4961338594487782
0.0005333495289805736
0.009345046966043321
0.10024022473094141
0.23192864754299372
6.608354342005967e-06
0.0008854314395200016
0.0005781164471480032
0.00036083216707921684
0.2621214652418475
0.1522281402948154
0.0017861530721316246
0.0004234261404762399
9.272562766889732e-06
1.8416554375398558e-05
3.500659621917151e-06
0.9683774461501853
0.001675698871542543
0.00016702318097446304
0.03184442716660726
0.0014303408664239777
6.856862815623967e-05
0.00025773447830836624
0.0008640271800074711
5.653657226736581e-05
0.9692840012440397
0.00033716972969458276
0.6798079476797382
0.029946079699378944
0.006639914025946228
0.0001404894891106865
5.1794196458067404e-05
0.00018568110351348417
0.00039436311651360487
0.0001486692136940813
0.0009133250062846292
5.970283592423228e-06
0.02818740513790869
0.10308244095424735
0.0022769076170326553
0.005699447962184206
3.4288733954124976e-05
0.0007065755328733462
0.13400609381686918
1.6110539239735645e-05
0.0025139144270448907
0.0004002956502608644
0.0013855508973095625
0.00029268358486751744
0.00012691444590560945
1.725800781344063e-05
0.0019518573657527705
0.5882066621305655
0.00016965672256281816
0.0028295817787124607
0.00024497991202373484
0.001098784892823688
0.00042825933032257274
1.4879431854720928e-05
0.00017321039567070752
0.07907719407712714
0.005621137608652771
0.004667157636173228
1.7556559127884764e-06
6.894264212637778e-06
0.09644630149823138
1.4105465644553706e-06
5.3007903761533095e-05
0.06897808151792008
0.00010469478824820024
0.8754167750088998
0.0010298671016752737
1.173573570502515e-06
0.982904203233383
0.0001830243654544884
0.004023057830640819
0.0005604615755072555
9.960330057896476e-07
0.002420679865948551
0.002258620998099905
0.00022135750819664936
0.7357274774663153
0.6304324951266472
0.0006134261904294985
0.00039983282682783106
0.00010804024611021356
0.009681748190416178
6.231445802623254e-05
0.001930794271897517
3.425219296430147e-05
0.743008767757911
7.313978810899945e-05
4.813526972845524e-05
0.0003229020666525285
0.9007616926318384
0.00017147517160597046
0.005508092504906312
0.001725843994749802
0.004672962283732288
0.005207222231338454
0.01694597891853993
0.0038798585956696823
0.0012036005756584987
0.14191365458859873
4.145915829356649e-06
0.001776044766202814
0.0007383492841710604
0.00019740300483600664
2.5780806233041246e-05
1.7913740118179051e-06
0.002365967395508299
0.00027928461073288026
0.0003615762004235801
0.0014027308379491632
2.490089925664177e-06
0.00016577690183886972
0.8303424075016597
1.2589795406452021e-05
3.037426434630794e-07
0.7579930642520119
0.0007610681461753057
1.0874335273138311e-05
0.9917732911836081
0.0033884787647269405
6.683359327225438e-05
0.0020718631569752875
0.015260574702535992
0.07595514773958052
0.007144213330579686
0.0003768937584285203
0.0002516351744522348
0.8045957421416852
0.09705533080137146
0.03445124246254095
0.23639490217034712
3.5892676112909173e-06
0.007529888736620512
1.7610999086749105e-05
0.022113982605647047
0.00036889723357467076
0.3464207770476809
0.006482243220187355
0.008864401658422495
0.00728157043109818
7.533408653939121e-06
0.12263556739275967
0.0013256370621752933
9.71680555772117e-06
0.14068118611356065
0.003379723363115896
5.42826109431719e-05
0.06591795142100346
0.03424128605523505
0.00011794097709723129
0.000586729468414789
7.67783542459906e-06
1.5846219608188793e-06
0.0001988698541758034
6.576493301981766e-06
0.0013330700612267034
0.015577769703326506
3.9872381999987415e-06
4.536233678634765e-07
0.00020172840443984593
0.8163957407711079
5.1794196458067404e-05
0.000947905734262979
9.583508983346611e-05
0.02397536287337047
0.0003135761832083256
9.307778037635394e-05
0.0067100978728949785
8.937143112559987e-05
8.490202129835237e-06
0.00881670994762317
0.010636618069152068
0.1128161284807592
0.0007260344321630148
2.19040633344005e-05
5.953928097861768e-06
0.003321027037090585
0.0012426505097167674
0.00013711382053785136
0.001861393342213802
0.06571547562808894
0.006282585230913433
0.0008377860634524965
0.012156208208489366
3.618768304524866e-05
0.0037166471804717643
0.2502658239547804
0.11220031148866438
0.0011216017213526214
0.6504991389202086
0.0022855307667458435
4.831032740949142e-05
0.15767690358485376
1.0106432411229039e-05
0.04224860201200364
0.08453661202710543
0.0006876078632342083
4.648228470515805e-06
2.1470286422947276e-05
1.6955416839068822e-05
0.04344287390369762
8.98488142003371e-05
0.10057519084766844
8.657611088974656e-05
0.06275426995076848
0.00386366355912855
0.998770735373755
0.0003331685567945538
0.00010942899290425854
0.016852026052681466
0.22067261773377722
0.00015393441961563935
0.8258728149109125
2.9859663284102e-06
0.0005793664953462665
0.00013723182566986205
0.00021071712412729023
0.00013800657905784037
1.5525996183392346e-05
0.008219422191499065
0.00016654873020137832
0.0009098062443016249
0.000664635964698282
0.00018340102433127127
1.20740531915127e-06
0.00036141411617640596
0.0012136951441542574
0.07428256730091164
2.849714349081744e-06
0.09053173584772804
1.7307021999561415e-05
0.0005113738853882223
0.0023778588900986043
0.00012600292938646373
0.02450132308303479
7.560177186022624e-05
0.00019218714598593067
0.04733033834495023
0.0009079318996225061
0.00044629736574749117
0.09413402421774215
2.1585695776758126e-05
0.9967619370820865
5.418789687217776e-05
0.0012257301832780633
2.790764900631688e-05
0.0027996390642540743
0.18497275650009481
0.023152500878425363
0.003309198641557179
0.00022021789790032577
0.2762990177082165
0.004520513565235934
1.912805226854801e-05
0.00044296263297886694
0.00027511171991970217
0.007195053474764233
3.958793327780621e-06
4.282446760762817e-05
0.00038603971642542015
0.0014069658091536545
0.007658372386738855
0.0028898928352159943
0.0738812070060554
0.9838424093729891
0.00042046904159288834
0.00031120828050019284
0.00034990435923845024
0.0003638439537521966
0.07318697767745157
0.0033827332579813582
1.3493176243748597e-05
0.003784972515715083
5.1794196458067404e-05
0.00016304933741688267
0.00022824536108327317
0.0018516646783967058
0.3625997664043055
0.0033645928612173644
0.021646351071045514
0.0001033171376328651
9.762211304327557e-05
0.2916213127991812
0.0004681183467990841
0.0001338905734414843
3.99257573481503e-06
0.14655533111359254
0.13327025170801043
2.2435146442745017e-06
0.0005083673666715612
0.4225937275616476
0.001114988893621981
0.0031569424799614007
0.18402040872093212
0.0022978353156791003
0.07134691045501358
0.0013273378262384763
0.9719417353833507
0.0032765608290042836
6.5585036691457e-05
0.04163703943307365
0.008631175436553718
0.0007149558327107185
0.0017869780166282854
0.6071885870341301
6.952845852891547e-05
0.004537583839248968
4.6348599413509677e-05
3.2271510512228475e-05
0.4961724844537633
0.0003130880968687476
0.009933932069896612
0.003963726555803091
0.002714347999191626
0.0021938841597751676
5.9004416983806214e-05
7.720892783219478e-05
0.0416350984967699
0.024504081745861897
0.0003092461559522506
0.7206456051494358
0.0001224245463619195
0.08407318647539626
0.009091070235130685
0.00010452769798728686
0.16746732903824857
5.4266665188652145e-05
0.37612313765198485
0.025032351706981724
0.06970859629680887
0.002854843986743561
1.3807026201419515e-05
0.0002210096775559638
0.037020647235706514
0.005140824327803675
4.9588581730226e-05
0.03916873844176468
0.00010786246713682494
8.808150944580874e-05
0.008231165601217828
0.04317401138346505
0.0014210231614091976
0.00014145349601226687
0.002406717045859433
1.0933077715609959e-05
0.004987494550889211
0.41768340458994446
0.015885333599358377
0.09723834507557051
0.1108772411500811
0.000531202414762127
3.960024186467982e-05
0.8000703578770708
0.147132202715823
0.0009554033458173028
0.7692009320179755
6.718354067103758e-07
0.0005490487373236704
0.00022670851486531986
0.0002046723334324008
0.004898806148781666
0.1589253615006129
0.0006199663727514575
0.08464034967070243
0.0004013541893288699
4.9591808717280304e-05
0.0017709445695538997
0.026815828156056914
0.012310142898133812
0.0036682036362601575
0.015715924506313407
0.029110776712521453
0.014925381336068971
0.003032753756793496
4.696532866429428e-05
1.636985147904767e-05
0.006806964937263235
0.27354072742166824
0.38666347234568355
0.010328378012008624
0.0030653247448839188
0.08587196130245864
4.930461595046423e-06
2.638935485165235e-07
0.0034292852275130694
9.265629293758329e-05
0.0003175727284561189
5.318549355416995e-05
0.007595540627689216
0.0037071138676094237
1.610575333052489e-05
5.41522326623769e-05
2.2653790291773908e-05
0.020956208512355707
0.5266823937734029
7.006167175397443e-05
9.803897282981051e-05
8.165338973202791e-07
0.0011713966564359806
0.0005874044653371201
0.00017090144459530073
0.0006781842169984346
0.013164257320434206
0.0011905427962858694
0.0050539073560462834
0.001384233733601516
4.7748860766773225e-05
0.04772779068935998
0.02859439638328914
0.034761445808421575
0.0003754258031089439
9.646343913390803e-06
1.164354078493114e-06
0.58622796511593
0.00016456064423334645
2.8307530715691614e-06
2.597491296054456e-05
0.01899932933546086
0.002201453951062476
2.061444543523963e-05
3.087032872184571e-05
0.00011511873498516392
0.9628829199780833
0.017725847870465168
0.0012618946743008063
0.0004886502502080861
0.03918285772888789
0.5763042595527411
9.981367746220634e-05
0.07887804879679525
4.199692915181339e-05
8.794869728188034e-05
0.00045796455017565427
0.005058830013835841
0.001617820388459518
0.021389724645418794
0.0009911559466863366
0.9965621957368628
2.525193325099895e-05
0.0005732501361177442
1.8651822454567037e-06
0.00010033244018830284
0.00813194687458136
3.6942950815794235e-05
0.003360250901021562
8.523190161037894e-05
1.118949676275182e-05
0.005061266894756543
0.00012306588366280032
0.0007939545131313017
9.401207862372295e-05
0.0001448586476776478
0.010978047764548969
0.00012785340818612798
0.9198295700927925
6.399060402035683e-06
0.10798811461979486
0.005049785194779313
0.019493120667998836
9.64727253621562e-06
3.4309187303864895e-05
0.9417905081123185
0.0026893151364411377
5.169677117052859e-07
1.564791953981958e-05
0.00015239105393793258
0.0005468382330010139
0.005576081156620934
0.0022893346386741375
1.20412639976364e-05
0.02021537808543417
0.1848485812815221
0.00010161695566430287
7.953212565923546e-06
0.0024181500827263613
2.4118000196274287e-05
0.00048603277443126625
0.00010058157668602423
0.002824302879014947
0.06843909729037115
0.014139224830887219
0.9656412102646316
4.7874077491211166e-06
0.003697857864624453
0.011208346748988442
5.067080113502571e-05
0.9550962262647772
0.00014786644700247483
0.00015324702407788424
0.19027813638042398
0.15796940752885513
0.010704218347335663
0.004871820242159321
0.0006278795416556021
0.0034709492320946257
5.864409313732079e-05
0.00021921650597172168
0.0012302399031435928
0.001541289148927232
0.2049488580366003
0.0006470839491770374
0.0013299265174362954
0.1358831468658399
9.380919681981042e-05
0.0025962943204895722
0.007641797125991387
1.5605098280539577e-06
1.5128427376401333e-05
0.1795301922849306
0.21709087870090601
6.349922279215962e-07
0.004744607886692903
0.01312998917726725
0.0026392382347234416
1.0256648294797844e-05
6.137787686231111e-06
0.04270742296242407
5.040258284801477e-05
0.00039769604478890453
6.506003100055194e-05
0.07585135048949435
8.143120937395151e-05
5.294893756223027e-06
0.000975581772267797
0.04912447876747929
0.008937136476837634
0.49426319919577144
3.6974205644630903e-06
0.00023106085089773874
1.9400170589518613e-05
5.707473329670195e-05
1.2269365960519872e-05
3.87291227122207e-05
0.000635323425876422
4.662876790697069e-06
0.01977179963191732
0.0003343391781818028
1.29490244006014e-06
0.00018653943113665025
0.0001657950922957711
0.35144113359840007
3.31951637042188e-05
0.0007276195922344982
8.895504429094437e-05
0.022842236063352773
4.6211807177611245e-05
0.00014733911293308638
0.00012468396118509245
0.3811205159011273
0.0010195742717516553
0.0001167982671470517
0.0012185222220070715
0.0024050105772689657
0.012010324120289047
0.009039424006315192
0.38405136697383563
0.004298905486323516
0.0005218181763321845
1.0627351615991201e-05
0.01129684003297908
0.0022866926276090493
0.004174317213407864
2.7863371615173218e-05
0.7496158490504544
6.256062946526771e-06
2.5937067714961225e-05
0.0006679369650836283
0.7823162670440109
7.992073204232245e-05
0.0005179374679139393
0.003239223417320539
0.0009229132106697155
0.0030006475130483555
0.022063387872554647
0.7525601711897162
2.44612973061273e-06
0.0010392147263535653
0.043554442349809916
0.3247279788197063
7.19678297942246e-07
0.006225066831562862
4.2750414257582626e-05
0.892713862889459
0.0023376065813915194
0.031050137169707368
2.5978380061629965e-05
0.0008851690312649249
1.1091291943078303e-05
0.005971111056056577
0.0019237823600948259
3.2914706877804605e-05
0.05341728223674055
0.0005473476240037148
0.0006064282488977075
0.0011310708873877452
0.00045366796425554677
0.0007327342830394714
2.3734220196164654e-06
0.0016734441862381643
0.0017686336539091475
0.02374440076673893
3.078260706248447e-05
0.12895393720417542
0.023025568859728344
0.00027392998052519496
0.15319761003799348
