0.10512668530041877
0.8099285528879715
0.8059417647762898
0.7966217892244173
0.8428962898307442
0.1018965414905187
0.8006164127251078
0.7225947874018235
0.8410236732262961
0.08610452042463486
0.018588863968549172
0.8224945125587312
0.8536246721056171
0.07943182491617172
0.8679202107119417
0.8405122852158927
0.7903107639511752
0.8828071859133345
0.8778845444196823
0.8904874329574405
0.9351861726837457
0.8921900653506757
0.8452147543837302
0.06103355598181803
0.8540627544541073
0.858451048103802
0.9028181467667249
0.0707143543643921
0.09310002615823612
0.8527046482752879
0.8309246735861888
0.8510723577029804
0.8645652404183731
0.8589924249489136
0.8705043560709658
0.8704286660021344
0.9010453604425579
0.921827616834368
0.05505041032650242
0.8595558359071409
0.8269233801143163
0.8519046200320458
0.8152642538447563
0.898281238673118
0.8017898070663512
0.8070772158795069
0.8787117628725846
0.8715248183745421
0.8756047110329801
0.8249226574290075
0.8899628546150651
0.9189713412207398
0.06475773078316462
0.8805233215814956
0.08562731057120138
0.8624973851317089
0.7221268028459918
0.06514949636521178
0.06907825635612674
0.8650312553077396
0.0824887624327363
0.8688504433313412
0.8030617077603492
0.8454662189479619
0.8974958955132523
0.8988264722336748
0.7142937104936877
0.8430609746004478
0.9999999999999996
0.9510854260775673
0.8723997819832154
0.8639450568114992
0.6610916552108116
0.3219392724688215
0.8369334255479687
0.848871131446367
0.06989318097473565
0.887296303698902
0.8424102640196586
0.8300167135419293
1.0
0.9299108420789465
0.8175509385514446
0.8304018016451861
0.32239370536970524
0.8984070730826663
0.8303184955975172
0.89053312121112
0.7135555825181342
0.7918648778066989
0.798163552829882
0.8167879057524825
0.8541107809378676
0.9157046596265811
0.04909696710763872
0.07820921372922027
0.8865387351151971
0.6698962178568109
0.14055588390431875
0.8307951185964629
0.8809922692709166
0.8373069889526092
0.9330886729484672
0.9446759476678332
0.9070941148308355
0.8332458537467732
0.03831542921323028
0.08490615047236542
0.9093798857637774
0.8889309852910231
0.8624341428111385
0.058733684214371626
0.7681159227831768
0.09031936634284239
0.8785123711465123
0.6822869453027328
0.09798582337925589
0.0987333071026847
0.0
0.8569890856477619
0.7959517380525476
0.8732621675555101
0.9056148851798534
0.8076068301791082
0.8598722400443173
0.8662472651067147
0.07333553277080214
0.7661678011853535
0.8559528829034627
0.8256523823804927
0.9274833977764259
0.9166316593308212
0.8844659693200614
0.7936989660811131
0.900616318170072
0.8747337204399139
0.9027424178623068
0.851210771183644
0.7552256024384049
0.057897623381957725
0.8134025948649438
0.824735852835493
0.6225195262608989
0.04662732345400238
0.8458676950641708
0.8754449151767844
0.906118124378125
0.8733878922485947
0.9069314030947472
0.8821744708015373
0.7790786596337342
0.8094821732862431
0.8794431387822232
0.032176144747880886
0.8849018607005092
0.8369889660111411
0.07919889454136027
0.8829742145400811
0.9068195899293359
0.89319297884002
0.8785045763326269
0.8975034602065085
0.866876089078248
0.8182128983110849
0.8570070649701654
0.9083831075169708
0.6907716330527173
0.8574541603147796
0.8897129472439074
0.8650279716434116
0.05513186370195976
0.8535491006953914
0.8847130956674435
0.8426469550364234
0.7585856875034506
0.903610479925921
0.8673311676108528
0.8439580364000561
0.8427817373078114
0.06742164642434176
0.8238288849669533
0.8858526841644677
0.8854715657662554
0.9110205664021475
0.9123676148076292
0.901898242109646
0.07135827714150325
0.8020658159203314
0.07056722250969523
0.8487885036772581
0.8765629979607066
0.07056722250969523
0.06719110513984228
0.07443424817710706
0.9012302712120605
0.8864733803629137
0.899198911735963
0.8456743606682936
0.88625515580601
0.8917269993210543
0.07568538157067534
0.9137544697735113
0.829462206131311
0.8074785347708328
0.8269863613230626
0.8444158458034612
0.891692855861262
0.9299754996456179
0.8410150611390071
0.8091518195473852
0.8418394780278842
0.8594219461733704
0.9014812893046197
0.8705470451701608
0.7513483598767587
0.06853312189693737
0.06649942227691541
0.8958080326563815
0.7974290584544569
0.05074849915873657
0.6855094947576141
0.9358546447044711
0.8442856441922947
0.08343717328211872
0.09145493117854256
0.8645667232264971
0.07476397561285492
0.8627781649673736
0.8704149419993142
0.8935864629143796
0.10146921854262386
0.06889998998781721
0.8910539399829401
0.8281911956257904
0.7121580196934172
0.8588833501648064
0.07022475133538278
0.8909460836373604
0.8583405801661508
0.8304822474025677
0.83873207207478
0.8655612947132958
0.8088730372581692
0.86936680576164
0.858026980245502
0.8920337737545527
0.8649544213483062
0.08540765606272208
0.8906769482951813
0.8693656458172792
0.7957214069534804
0.07532316458437714
0.8139257645436339
0.8902032827035761
0.9105650797317157
0.896182067021361
0.8998054346566187
0.850205168227112
0.8378828632302322
0.8958511608451087
0.8039440392198445
0.0877704038909367
0.9115301925687622
0.6817420783082698
0.851071350598153
0.8985307833192355
0.8318178304867744
0.8923088844701274
0.8924259281113706
0.9185470030727849
0.8535016999653057
0.8676157605193712
0.7144988569866026
0.8623892714250061
0.022165043078322944
0.022165043078322944
0.8420154663670729
0.9142908089109502
0.08075064821625766
0.8816207615230018
0.8870001421734041
0.9059027284649794
0.030750494512116134
0.8772656775490691
0.06225488716550565
0.8745166525466754
0.8970645475146195
0.8697989916816888
0.8742908423728097
0.8310957421160214
0.8647372366802469
0.909427749852654
0.8947269898193038
0.09468310011165522
0.09874220878185108
0.7339695373667561
0.8677781598176189
0.9020195259863347
0.7745324606596733
0.8756960171897875
0.8942682808931404
0.8163706489783694
0.8787948492769807
0.7824607060409967
1.0
0.8626301355560869
0.9112157413548465
0.8206628703515267
0.8902305239199101
0.8705024508982572
0.10563778589768431
0.7780814842075912
0.8347302435945372
0.3170968385071143
0.08931348354307778
0.8613324563927252
0.7293818527933473
0.09829339446955565
0.8656752975439591
0.8989270712143933
0.8764133534973108
0.8862803106207938
0.8592896843999244
0.9138776721857879
0.07926012727461199
0.8411117443161232
0.9210129535303795
0.8918752075456506
0.9021701579432526
0.06031717665361986
0.057414439543177945
0.8277673690528183
0.8963557747067308
0.1101272230063203
0.9074795804453076
0.07466995933882178
0.8640354326261035
0.06284247633591489
0.016588403079486214
0.9125972837834428
0.9999999999999998
0.8992887218279537
0.8292877805726098
0.8714678808418119
0.8981470357206672
0.8567126791270652
0.806014439479971
0.054328801212300576
0.8197637368467631
0.8615796822376895
0.8341929884239665
0.8383133452406399
0.8216118795590442
0.0928313202416052
0.8980953578542801
0.8076605542515922
0.7366666021556183
0.8150010351521901
0.6326418253000187
0.8516148574585342
0.8306644214856057
0.8237656405995607
0.21918787186248187
0.8153673770974983
0.11440764109087019
0.8659116496844254
0.8704590770371643
0.8098030794879199
0.9999999999999998
0.8719291990585522
0.7873950972192194
0.8927890173230134
0.8464499720759401
0.0862795665604362
0.870194899053885
0.8657928847557772
0.10934577034279405
0.8641449961347824
0.8811556944626876
0.740354998095837
0.8656663571164696
0.8478911767754393
0.8951599456749297
0.9039341025048918
0.8625669806192928
0.8755596581712985
0.901254898842223
0.9076336779282825
0.07016969626356648
0.091483243577576
0.8172649031039788
0.8205922575599249
0.8921223595729211
0.9999999999999996
0.9338536074999114
0.8814684401924202
0.7296622819409316
0.9208929691958216
0.8890024031384266
0.895068259451708
0.8410833815969835
0.8255629316232529
0.8511262458263947
0.8764926572548828
0.8825423974156209
0.712083703653831
0.09369937772425849
0.921708379028665
0.9050463324769742
0.05935142524007906
0.8849354900940074
0.8860668468076063
0.1244449049779421
0.8897479508716405
0.8980006993043342
0.08430843107333492
0.8206904165205484
0.7022480438266127
0.8823790351500386
0.9200196374558482
0.7021774006231251
0.8678022419559082
0.8972995644149202
0.07185442940589588
0.8190798806624073
0.893110650089837
0.06640061477268731
0.7085591734361948
0.8908274937718283
0.8523521089612196
0.9226304553016383
0.8824646035895221
0.8752702854604407
0.8466147653706488
0.8954751540947318
0.9004523709221973
0.909052775279391
0.06391297181349233
0.07425600933786741
0.9131364571911618
0.8699577854739508
0.8964865586894407
0.14003730573155246
0.9069456899389265
0.8902734097594981
0.9008545321015718
0.06859458031903316
0.8340287293651092
0.8691097566131077
0.9999999999999998
0.8766261470776098
0.7987509792614036
0.8574252950954229
0.07449597415864573
0.8754908119272421
0.7930974266798413
0.8175316435489365
0.8841794825756503
0.8744379977639082
0.8927108613919544
0.8537014209662401
0.08850471292065082
0.7441481133953589
0.6809939272623615
0.717841721823518
0.9043924709923531
0.8336831188111317
0.8335648992064367
0.8853340258856117
0.8752550654166819
0.8349455939550303
0.8093377217249711
0.12858505962758174
0.740364828696179
0.8688637491878926
0.10014776345638217
0.8991753621966913
0.8702850702585361
0.8560214328400563
0.8602329577568728
0.7762752598317603
0.8498401684757063
0.629888107447774
0.8469850809409176
0.9120575270404321
0.06997200203443424
0.8544253309976099
0.06303796123540498
0.035619751514341956
0.08144714615176615
0.870086812401143
0.851358580542912
0.7783556739932491
0.826469805058585
0.8888903769412991
0.8776492681291255
0.881852332286132
0.8790899274489751
0.8682287580297159
0.7084955959272695
0.8910837365349815
0.08391593207648965
0.8756215046076246
0.8407448385696102
0.07697861845128885
0.8953152103190961
0.07618643303387113
0.8930374666879175
0.8946561551814585
0.8769666977282156
0.7381883763044501
0.8053407079669398
0.8465906743735918
0.7234782265802402
0.7670286885530145
0.8359401520489346
0.8744711405646647
0.8607352283440189
0.6689254016235241
0.0598804621060362
0.10211472511244671
0.6921971934153834
0.9182681944351789
0.06997200203443424
0.8920159167506704
0.9073966876581195
0.8755713169209786
0.06737353259855795
0.8901405743689733
0.09849095200650072
0.817125510050504
0.8229664163856937
0.8761892816741153
0.04100903363317231
0.8145768590931812
0.7958740419613296
0.8891633839454108
0.09556998570525972
0.9113200440395051
0.8430111379803288
0.07818253719778641
0.8523130935992901
0.8724168471131183
0.8890133704564979
0.8983202906472639
0.8956077916196534
0.7547260854020741
0.06420765282862252
0.866732239654845
0.884136404437029
0.9073915650149195
0.9124846920561103
0.8735249575507361
0.7797570870678235
0.8946701256360089
0.8287298963682203
0.8891040817412973
0.9039850443011694
0.08627839823750481
0.8988144866048269
0.8920691082742142
0.889666450940224
0.7874716063111766
0.8632849923794771
0.8742747002638552
0.09122022776658562
0.09587691077333475
0.9224215596955463
0.880095191499713
0.881011166197925
0.857632724815946
0.8629478984782493
0.8278341876931565
0.8974431812967477
0.8580942670525755
0.9078261700279779
0.8916258732351566
0.8047881209071093
0.8834155610799878
0.10419677879103886
0.9999999999999998
0.08236241741815997
0.7823014003424871
0.8912479999902235
0.8896167019892811
0.8623113147586245
0.8814331249897691
0.8858020008115589
0.886533617545349
0.9139833561025282
0.8740571661492291
0.9110738961971783
0.8553259218400346
0.03279010038900195
0.8918014413069405
0.8151549873240762
0.8681349714769426
0.04979816376991107
0.8740984125191118
0.792718590070792
0.920090438149103
0.899988707795268
0.8280687159820453
0.8768067439409036
0.8444234684259191
0.8699831186877207
0.13193184815510162
0.8779788174383996
0.9060209772061948
0.7866681948955802
0.8301062650022947
0.8698642602149909
0.9144462984412488
0.08515061499984913
0.8753562957416908
0.9247485737155348
0.8958393810444567
0.06260763103282255
0.8732636631735311
0.09813209387057271
0.7144960154546904
0.9119359490340468
0.9080497694539089
0.9123644296622373
0.08711058502417211
0.8228007303308038
0.8213445901194194
0.8139925536665358
0.8849045234360182
0.9517449429152475
0.08340710008281053
0.7955647376933598
0.9099602327718943
0.8942768092405537
0.9035338074836048
0.10553852740226762
0.7783589217745497
0.9144501454253313
0.8990712851459647
0.05660813803344148
0.6792794276528886
0.05853785772267623
0.8687283609656908
0.929579567663568
0.8693031001205772
0.07396010514743674
0.07740129289308482
0.7900267986874664
0.749078598651537
0.09707500089291517
0.055106988499858615
0.8671108175388614
0.9139475687158825
0.8821362113298707
0.9042046732378833
0.8451987217066316
0.8212519089047189
0.8280296358380088
0.07062752306697659
0.7702703600606905
0.8750152968436496
0.9001004641591653
0.026908866889188077
0.02609718083822821
0.8616289604213112
0.9076039287108608
0.900338229693937
0.892399045670608
0.8685277301794905
0.8910914781635444
0.8879927744084088
0.08161303613080045
0.8377798509473257
0.882362979801249
0.8955157811317547
0.9371549594291076
0.8028218888941571
0.8761429383476531
0.8896306583377435
0.8440061141722814
0.28750384236687826
0.09573661831092015
0.0982510722274114
0.8315757193076577
0.8753620930502275
0.06081129691307093
0.7621680092451925
0.8834401169344873
0.8958543460805851
0.8763249055144925
0.866155545749275
0.8545129694013974
0.8579893046291547
0.8388274466154941
0.08402425631928738
0.8534412741080056
0.9210214155031111
0.06480134343237084
0.875736338803529
0.0655630307455748
0.8277737807628806
0.8547438930633839
0.08493998524388417
0.07188268900760109
0.8368481677802312
0.8517138931147779
0.07959178660756518
0.8760816154490138
0.8116993751100471
0.8619505276421972
0.09297399581860251
0.8749996366168524
0.792419002836551
0.8604964814667992
0.8623170447683312
0.0862183311903495
0.8809137629244276
0.07207439793950905
0.7025511269949509
0.8259301258424351
0.6809450285678782
0.8547526623988273
0.8506190959478348
0.858042199480995
0.8345871552725842
0.8518192054585488
0.83299777941821
0.819472594729839
0.8848982070349531
0.4361045534754747
0.8770734626407276
0.9075959837658455
0.7920801664954794
0.8544066058596975
0.8678507271960032
0.8772783698818548
0.8292354479051912
0.9258986749608652
0.9439051686315888
0.9221026782052842
0.8323310190396407
0.8571561854223362
0.7193860679059956
0.6179630596949263
0.9135039977369375
0.06992802338996351
0.921216856649708
0.06432347011182779
0.8542015577455876
0.9157034440055101
0.8517407217919798
0.8929567700910083
0.9071794242751255
0.8644410643212526
0.09028625818566381
0.8927402170426978
0.09028625818566381
0.09028625818566381
0.9038978275229307
0.05211903899115231
0.810124396052084
0.04156869512428904
0.8444383071603858
0.879797074130266
0.7659356976579832
0.8490801946577117
0.9256915301243884
0.8868261766692576
0.8859070311661895
0.8567090859814228
0.719383153958528
0.8840732123100952
0.8172182745683702
0.8809976528874066
0.8804169576880636
0.8955312830727661
0.8700888983870839
0.8166637650399684
0.8815960015246538
0.8774434568271164
0.8972423480401256
0.8999553530575668
0.8348662107562042
0.8602602742359292
0.8581030906456992
0.9332285135150958
0.8974719575516386
0.8965058131384817
0.7634613583315103
0.9172595493151405
0.8212453121997927
0.8794260977561618
0.8725275251158213
0.9064072751451018
0.8849436238449373
0.11429998023431985
0.9224919237953809
0.8879358733530821
0.09669998117071782
0.09039168111254779
0.8420536068559945
0.10675923687894766
0.8746309396653642
0.882220580084062
0.05232067851238339
0.8455981310260123
0.8250084441393897
0.9283098132887241
0.07937840937890092
0.900407434787333
0.8480423828862472
0.8744047360026665
0.8041884949911681
0.05855812548126132
0.1206837999660919
0.10332939312854503
0.7565641882552578
0.9195433647518665
0.8905193403677304
0.9013030421215963
0.8111620502904534
0.8961773806750719
0.8573675609769911
0.8242835693952968
0.8889660649242741
0.9151462019841269
0.8594802397989695
0.06279005152929848
0.8722585272665607
0.917524431136201
0.8554607277696008
0.8210077906456938
0.08820280021362763
0.8933891370252399
0.8681905479082105
0.8515243603563781
0.8580779670326437
0.04787717435027116
0.8282299839104625
0.8230585838635427
0.84110107762587
0.05508102153663846
0.8988987345827459
0.8286854769629901
0.05415948489646674
0.8807519679397328
0.9008312360396185
0.8728117647513061
0.022179011500920734
0.09364957464041666
0.8107389694617331
0.8706452133146475
0.8741939709604578
0.8288850655716126
0.904577260311458
0.9064346157417084
0.9087794456333936
0.9999999999999998
0.888497536007437
0.8080318800531578
0.9011519584736213
0.8719242869120548
0.8936271473070337
0.8967658776607266
0.8349487770402336
0.08564290173828361
0.9240059096398668
0.8815859028375701
0.9105204399244426
0.9077388621261686
0.7784219003684382
0.8021354960485505
0.8847817076581478
0.8040561738112592
0.8689398975571737
0.8639000922298213
0.09364957464041666
0.866472152978424
0.8993603384592679
0.04348512014386572
0.838683346743904
0.06997200203443424
0.8993603384592679
0.7053464940721086
0.9144684203201279
0.9151419909146349
0.8710384119472163
0.8888965824649677
0.9005481759866766
0.8949623290335076
0.8543464616902631
0.8857739039482603
0.07852794213306773
0.8286065882542871
0.8740618945721462
0.815561888014613
0.8205117144753826
0.08402425631928738
0.9128133082421209
0.8989860430037078
0.9171939228490616
0.7204465279885854
0.07244796635032164
0.9117893468516113
0.0729907156114842
0.07904609277930733
0.8527053082999453
0.8499517854298737
0.816548667472259
0.8860019977105706
0.8401595212152667
0.6848486669161159
0.8600402579462851
0.8904272881694281
0.8330384324087112
0.8376932119579027
0.8929148597078084
0.8279900543889664
0.0511347507759771
0.8885396913877155
0.8568566152316653
0.7953333103048049
0.8498900676805491
0.8028814190638358
0.8685353064604986
0.8963167433996556
0.8690898423407307
0.9101701904626752
0.9005150746980558
0.9198850218705358
0.8679267422130763
0.8914559036139117
0.8470881810932551
0.8771261858677615
0.8494332043964139
0.9215380555015642
0.8914082921942326
0.09838267954374692
0.8949068875145653
0.9099782418089161
0.9145462090404594
0.0786969297336638
0.08393972948180257
0.9128040910336119
0.0786969297336638
0.8984835678503992
0.8899928669306036
0.8681473394898532
0.9457485373435339
0.8278780114137043
0.8595789671548034
0.8735020845063857
0.916270082217619
0.8217085429598696
0.8654511058149857
0.8363046080984662
0.09364957464041666
0.8998366433807368
0.10617661721607456
0.8742553225143098
0.8704620990812456
0.08455512619919016
0.9025159853859388
0.004793439735440133
0.004793439735440133
0.8991146804224724
0.8722146483859858
0.9020105379736459
0.8754619259844615
0.08587518566009286
0.855134410240666
0.9016385537963144
0.8667258219052195
0.8858995691351802
0.8272902305242005
0.055831625644830324
0.8774685191279934
0.8676302641076428
0.898336255966039
0.8525215806773683
0.9059396526958308
0.8861598536135331
0.8387889019152315
0.843496107089687
0.8728533851985063
0.7155510555703678
0.9006758006507676
0.8101380327015987
0.8140269175870786
0.8860396688093951
0.8423995621685701
0.08333036436307158
0.9223724281049342
0.8682084766265803
0.8841307864361383
0.7936146482837446
0.0955291323359419
0.8892981929002282
0.892581097331955
0.8570041961093919
0.8542263869870059
0.8760599642074696
0.8832248633808006
0.8695689758788455
0.8944346415955257
0.8823645518491966
0.8348360892704231
0.8055668505704814
0.09610116001374294
0.8298032578034774
0.9013633212794804
0.8988543409055155
0.07780524044736042
0.9315788628012918
0.9081894534318955
0.8082502048395744
0.8571155168885352
0.7640885799841383
0.904503169060254
0.0786969297336638
0.07207439793950905
0.724631441956646
0.8731546045122023
0.9074806186095778
0.8975795826181603
0.9049596274080249
0.8495983751296672
0.9230189704377069
0.07780524044736042
0.0786969297336638
0.07025430941419762
0.9386607771661256
0.8749475586799808
0.9097944915307848
0.8727156015001654
0.09425566998179742
0.8397872869784209
0.9028231232148026
0.8288019581895799
0.8696137254207762
0.8989238266467287
0.8961967506549295
0.9321550943803331
0.8830329784744952
0.7295672451418471
0.8875846737649202
0.8410061759651821
0.8236497281760927
0.044409653058453326
0.026130168695359883
0.0943322510376452
0.7982514245169577
0.7893089657810616
0.8389524562537659
0.8972110575310266
0.06286692236712234
0.9123829087128574
0.9098339383852095
0.8353171504792207
0.9426766139153843
0.8551853626349515
0.0960336925425406
0.9068896519414141
0.8767152684301468
0.9151885145699008
0.8608637831370002
0.07604514547685304
0.11612579269626187
0.9164524135160886
0.8364106211492954
0.8925965641704533
0.8561976031117485
0.8936053598794582
0.8387659886909693
0.8957056497760862
0.08169714251341785
0.8066672045188047
0.9003459220257345
0.030470120834199282
0.004793439735440133
0.8621864367749144
0.8946346444195784
0.8059651323957204
0.8712793835318943
0.9040472566746611
0.8068571713129753
0.8861861084410358
0.7564383267928528
0.906277598561816
0.8677599385266077
0.07188550468075741
0.6587439737559528
0.8693614488064167
0.8061737746094823
0.06783891446724596
0.8608919281576368
0.8782173798748021
0.8898855564782032
0.07133797467738176
0.8061952637455174
0.7924467874290134
0.8460008404844481
0.06552068424416864
0.9374132668136439
0.8720734040320048
0.8620139899743788
0.815814485070774
0.8745263789611989
0.8854272609600677
0.8314388415525643
0.07536203704392574
0.826300938140542
0.7943674171783441
0.8642219608931797
0.8128538403449999
0.8431215311222824
0.9034161584845243
0.0524175430632901
0.868622319101683
0.8692733615526489
0.9117773809424623
0.10343315506509708
0.07361601918711805
0.7769778611598133
0.06230021773787549
0.07470453923354646
0.8337067821150623
0.05415948489646674
0.8031494124758846
0.8582668139493078
0.9008182710297628
0.8348017492072083
0.8959746617645196
0.8724582021065777
0.8838777497765182
0.8639495016096214
0.8962469851294906
0.9314479782919676
0.6104448047968615
0.09340473326537353
0.08180422658440936
0.8916139184747669
0.08949909103499173
0.873483101861548
0.8890780572448984
0.8608979626956524
0.8427099890560997
0.8584832566465522
0.8906462704865448
0.3500979661750212
0.8440069190934206
0.8802079753613401
0.827443702831431
0.1144746798226596
0.920613319999185
0.9019178283674747
0.8783653591629589
0.8552756824529588
0.8886463691585476
0.9999999999999996
0.6393698709496812
0.8980628335323082
0.8631567556512278
0.8790735815789273
0.8870271050983648
0.863975479616412
0.6691074048891168
0.8109925927286807
0.8736386705350543
0.8942496299009286
0.8520510576392147
0.08402425631928738
0.8794170965973466
0.8740618945721462
0.0524175430632901
0.7858495176460407
0.8847142416860632
0.8700378596584574
0.8684383247472925
0.8734684994520932
0.9154901797769559
0.8841940321434215
0.9306664645385797
0.9999999999999996
0.860613565655952
0.9002541125690554
0.9047153009571607
0.9099922368159676
0.84499306821096
0.7084423490004358
0.8285757989551099
0.8703884525488761
0.8946258748016506
0.08798351410536089
0.8325735833186062
0.8386623556427055
0.8590519642377151
0.08692147610853253
0.8749069295250529
0.04584605058461608
0.773001050470135
0.10211472511244671
0.04584605058461608
0.07475228602518756
0.8509283629379388
0.9999999999999998
0.9082746943547632
0.8889641969037245
0.8376565775976419
0.06981784392870272
0.8544253309976099
0.8838867163761982
0.8389780636350285
0.07456345281654049
0.9063626836432731
0.8569548196265593
0.8709829197289556
0.8717467042415046
0.901798857571422
0.8770662833639341
0.86470942410012
0.9103926589264932
0.6642452418808044
0.8756008538368584
0.9087755033977293
0.9107422346268775
0.8679853089718189
0.8999533400481142
0.8382619734729418
0.8674457311902638
1.0
0.8980423555551917
0.8720365010481166
0.8161817824858429
0.6630678636298567
0.7791187283386393
0.11301038574358128
0.5882249844904327
0.10963177481196983
0.9116514117896571
0.8456541494436783
0.8120538608439308
0.06636860252158928
0.07761798822491033
0.8570089852733479
0.08246797462324437
0.09624822255647571
0.833877636131457
0.8921525196103015
0.04579906247751962
0.8233966562648011
0.09364957464041666
0.07584671426262476
0.8372689221382053
0.9031641330239977
0.050518332973169086
0.05329054738109376
0.06948088077372369
0.7787567892864503
0.8933720723343794
0.08850471292065082
0.8757274685787123
0.9137605868191884
0.07032533276650307
0.8840581723095917
0.8662925619073553
0.8714066352578396
0.8547575695714544
0.8929782042568228
0.8719982086926947
0.026908866889188077
0.9050946054255289
0.8471666584153328
0.026908866889188077
0.8794092316667768
0.8276757442859141
0.9148996629504041
0.913970996658204
0.8166637650399684
0.07230545425159465
0.9141039066617206
0.8535104732784601
0.09829896740831597
0.9005071648897145
0.9020374053994594
0.8849467813505749
0.8848149569164347
0.9186074413284734
0.8781003718601383
0.874243643668592
0.8990023378530926
0.07615170704504572
0.8379966841696519
0.082039899873357
0.8910940788459815
0.8805518650256663
0.8805850152220779
0.8763619204237544
0.887400263833888
0.08692147610853253
0.889194366496688
0.8560822138693119
0.07082200900396564
0.8127464986848708
0.9381797708118704
0.8315021576126485
0.07990188559618958
0.826750302956121
0.82854620741933
0.08869522314962522
0.8179557948502477
0.879904005157971
0.08357165122657069
0.8598743158114331
0.7647662070630394
0.8986903205469059
0.8903716768683916
0.022179011500920734
0.8359639860860388
0.0644974026900357
0.7886201458843701
0.8616040438143652
0.07747197256644876
0.80090204490502
0.8831965357618284
0.9153415964934335
0.8985081049178911
0.8106127622832934
0.7072509822799248
0.8943125308431639
0.7935766554223233
0.8448043976025553
0.8405654247569858
0.8542842870561062
0.8751776547659684
0.7041078286531772
0.9061936453517426
0.8406340258029164
0.8951544576093537
0.8849070316161725
0.8336601893688338
0.8010054481383502
0.8718636606364745
0.8731741407121674
0.8714392766519864
0.822121977825271
0.783453290367412
0.8987862382373087
0.6656932500896189
0.8392169752844376
0.9452718525863201
0.8838358373865457
0.8675112369490731
0.9114162667222729
0.8590849567940777
0.8016670546265524
0.06029425136877821
0.08564290173828361
0.8947582230546809
0.911051384423973
0.08601371549627705
0.8959333886717556
0.05274682525943125
0.8882024899123848
0.026908866889188077
0.8096612709263928
0.772996257875606
0.8839514791306484
0.8896904417196426
0.8071277655218273
0.06666263527842431
0.8099637565460513
0.8833701629316569
0.030470120834199282
0.8905303161842034
0.9131645174180851
0.04549887479758662
0.8276757442859141
0.8739031366806184
0.8428853647355814
0.9026359692129614
0.901813529017205
0.09560677225387312
0.8974864689934166
0.9040997802209476
0.8346017548030643
0.924817583384391
0.8541014304434422
0.889794244057343
0.059083884172299324
0.8654187635514233
0.8531496068631061
0.8319069610563771
0.8693738232851381
0.8651577888568186
0.8114842094443464
0.8741937933478848
0.8659252422168738
0.9087977800926252
0.8773603653723971
0.8627720271727074
0.8988041015510805
0.9005378024210017
0.06398548197749873
0.9052894531184283
0.9079837146410248
0.8283575645658273
0.9206283763062124
0.8673618984162006
0.8574025206273037
0.08402425631928738
0.9104025357908837
0.8653595546464827
0.7868475987773121
0.8447515485887291
0.8071189659347514
0.8768729201568544
0.9214542881397613
0.7465061708247324
0.8745406452785534
0.0571984709543009
0.8721527863782664
0.9124383052092658
0.06116390586755934
0.8493314922154873
0.8237003497631004
0.04742923677176626
0.8008051773359269
0.9224988019981574
0.8711791637493769
0.9112695050047431
0.07372099053170231
0.9081018776626193
0.8415250983080391
0.7351370536417335
0.8600455726993498
0.8230618284566225
0.04797244916202871
0.8537326717250673
0.8099681630983705
0.894106033197891
0.869963561128231
0.9101265246998324
0.7089153178928562
0.7363933203721252
0.8063813167416869
0.0763759290295832
0.8158462731719242
0.07607654991379391
0.0071899186244981155
0.8803642753798241
0.30177798720365673
0.8699666755338492
0.9325224550736442
0.839786575558996
0.7782547705933411
0.8675625379324309
0.8987289766005319
0.8781941438512407
0.11168740381374716
0.844213000319735
0.8784446799140495
0.9248780741678777
0.9542693937321197
0.8882699538168604
0.8480695095208826
0.9058554566211904
0.1086433849221895
0.06729556930065811
0.8442935064593714
0.8378372791629016
0.8890219458487547
0.8008619223983767
0.8702508176319154
0.7969852288179309
0.8406340258029164
0.8956510971412543
0.09364957464041666
0.8544715221361475
0.8587671642694992
0.9089360858952571
0.8228230268690647
0.8860396688093951
0.8336601893688338
0.9177471968546964
0.7779157168510833
0.8993221975577237
0.05593108405372263
0.8082236672898693
0.799404080184037
0.8337066965023967
0.057873978269299874
0.8481824917435634
0.8050993981450185
0.8651711284831044
0.9042352516215009
0.9064313789359173
0.6716397763223392
0.8999353516555159
0.7363103229537967
0.8685204994150095
0.906907738659357
0.8979356965201937
0.07816352291562854
0.9196140268398447
0.05781491579816745
0.8442114601530822
0.9280852770830612
0.8192612262785847
0.8911680416010425
0.34818498521011604
0.09377294690954274
0.758721461401287
0.9081731633754386
0.8997220308808955
0.8930837302625731
0.05342327935344248
0.740812162862472
0.90523552948837
0.9013433318025506
0.8846460904699525
0.9206161723743527
0.905394415623869
0.06395495392419609
0.8439189682062067
0.06488759986527605
0.8995999284863315
0.10102187757569728
0.9002980817994136
0.09863913218217499
0.8680027038476871
0.07307974284499835
0.8990859253805381
0.8002689665912953
0.8782663426022894
0.8870422261730861
0.8337791256277064
0.8379552008381992
0.7842317651970384
0.9055669573741613
0.868977527903991
0.9000243625654274
0.0786969297336638
0.8805903177327729
0.08393972948180257
0.8258800577455316
0.05539659869453978
0.08402425631928738
0.8564788995857815
0.9043912124815799
0.7926064791449106
0.05356177954272841
0.8242874209405724
0.8952433810916817
0.085519871436126
0.054127734681108555
0.8274003668636717
0.8343511845511857
0.8351007156544394
0.8887111855567063
0.8122201951417612
0.11961979859808208
0.8952459451559363
0.9029170723782556
0.8828350755473446
0.8862420085573527
0.8921584566032346
0.8940004518106608
0.8747836939586872
0.06031717665361986
0.9206382804551838
0.8698399342039825
0.9236936183075878
0.8909229758573689
0.1200420547568404
0.7679391718983082
0.9058375711696116
0.8046850903676396
0.8799152504518498
0.8831561074805021
0.8654822488771532
0.004793439735440133
0.92816372424026
0.004793439735440133
0.11396271590130554
0.09379472394323361
0.8813413562921986
0.08173106083651986
0.07487106373865057
0.8586670163312728
0.9041279698431013
0.8681246643648933
0.7068092092906941
0.8793432464643385
0.9064297016845517
0.09364957464041666
0.09364957464041666
0.09364957464041666
0.8902038766842527
0.8406236932991853
0.88967873655228
0.8457422007647056
0.9040251904926013
0.8816481531855115
0.8812746217737515
0.877483059976191
0.8982405902169139
0.9057243243303883
0.8692676176438743
0.887735845793049
0.8067725458824828
0.9999999999999998
0.9050380719689826
0.8865070150895655
0.8688775768782707
0.8261648910996774
0.04979816376991107
0.09799763720526716
0.9158543567533195
0.8409607591546208
0.8225955942937296
0.11777604568941874
0.8596973252089762
0.8626527289617919
0.09121781172839026
0.8791020839508003
0.6462251641239914
0.07739793934928296
0.927409476478731
0.8726862440337947
0.8166637650399684
0.8799458162004885
0.8993414294018727
0.8694680685555188
0.10351124319209734
0.8658895578403512
0.8736676869900333
0.8680348271998389
0.08557964909541416
0.7316142416815348
0.7846021201626276
0.8545482761393266
0.1105459003267874
0.8645894418502753
0.8921790147632443
0.8403345450663106
0.8580909371920121
0.8377659493804018
0.8699535794147552
0.8585830764129747
0.6357077594269319
0.895842757833512
0.8883434904272717
0.08713226268461757
0.8554683145459665
0.777079819412963
0.888216711076824
0.0732692850320778
0.10197779126937993
0.04522458771994643
0.8175337961035476
0.848343181735705
0.8539749395657822
0.8774917287113753
0.8817042282887424
0.8728117647513061
0.8923471356230328
0.8575921517338801
0.9999999999999998
0.8805614214990893
0.09529880682824571
0.8804664976636052
0.813393479119067
0.8950935487455456
0.8606958361607595
0.856308537386011
0.10522139262084144
0.8824579387927026
0.07640727279190053
0.6986106809454632
0.9107207150353956
0.10077524065662023
0.09372761755762982
0.09603571188648401
0.9416645770818853
0.9033205900921177
0.6339571260711652
0.8336830040493342
0.7832694810490072
0.051954282758040975
0.09448666559503706
0.0786969297336638
0.07708229341909321
0.8400042234707176
0.8822633737343833
0.877223687746181
0.7947637110389939
0.9290687216705501
0.9012574469754279
0.8682462089159391
0.8576334145920184
0.9227325150556476
0.8161768696301092
0.0543224167681791
0.8809300854219542
0.8958733261783072
0.04993175342490867
0.9278119503712815
0.6963551948881533
0.845387952833391
0.6556661914859768
0.8307578351916342
0.9132558159573965
0.8544335089815401
0.9136372066870129
0.040163323309017215
0.8956066643410259
0.9209102020301091
0.9023590396196671
0.8626857660972295
0.9132621394649919
0.09104564853961372
0.8390079181691029
0.12376623484239616
0.10244488447159575
0.08244307914055453
0.8868410581317521
0.8124396376691924
0.8881285922933116
0.8841886086558046
0.0983168341269486
0.07365246207945488
0.8764109667469049
0.07242192536901852
0.8732253156478532
0.8157920812874802
0.8775877870050951
0.9147771881506528
0.8695994816900948
0.8930653198663322
0.9235744133310055
0.8932848092224085
0.9185527132318804
0.8034571251062023
0.032666688367453525
0.8148069996424755
0.9043255981806442
0.9240224448469831
0.913538969670414
0.8512218674092742
0.9146832771041281
0.8835664517140006
0.7374464543293948
0.851275436877447
0.8726450666735514
0.8588733055194446
0.07666380344675358
0.8485966978025922
0.8731143198508382
0.8805979975597507
0.8371814361218589
0.8290277833220858
0.8729803833264799
0.6950159071020185
0.1270454639580288
0.9134656348050108
0.9382293229964364
0.0721658218119763
0.9017583394382364
0.91746408246371
0.893802582021716
0.8742159195656272
0.8409323317044404
0.84110107762587
0.916547297907089
0.8813817816863386
0.9144111074626937
0.8563688804319914
0.851821529222606
0.8704909510531685
0.902072395744263
0.8950100952470444
0.8286480841080881
0.9109690666006655
0.8697598541110892
0.9092626321812998
0.8223955432399083
0.6832174855090891
0.09731509642818267
0.07666380344675358
0.9050813706005322
0.8445488587518544
0.8765585493097654
0.9086379178726615
0.8739625305300754
0.8407805884860542
0.8565665482660779
0.07561365004737808
0.8954719932884939
0.9044630814843799
0.06116390586755934
0.8496168678425192
0.8309846039476999
0.8901425121561086
0.8786774560398563
0.8217091268383875
0.8909859796707
0.05847555388922597
0.887019976509032
0.8084035123329814
0.887585605048648
0.8524703226009863
0.9200843316178511
0.9060720016467394
0.8832449457592112
0.9060171700354146
0.06625027729489937
0.8874732403002463
0.05635490999721777
0.9014724346809707
0.719264307561416
0.8444374405443902
0.8417497994568481
0.12058137120483407
0.8907262297768272
0.8940640276881887
0.8504498708759546
0.8619267803631596
0.9151864831945555
0.09917749680364273
0.8202986960331142
0.6985276434887512
0.8637846114138084
0.05274682525943125
0.892207610751522
0.8993309693916948
0.8825159876424327
0.8870400747967253
0.8424066887754543
0.916313992376365
0.9062371276354095
0.9074967111899127
0.9004412341551988
0.8773780289531935
0.8502869807648233
0.8375483615648847
0.6313047765839266
0.878698858564436
0.9199918928138281
0.04905409096099424
0.878640760098291
0.8477225586228067
0.4030468070903962
0.8223932711194663
0.07942583560223083
0.8567113566140377
0.8817548945052277
0.84967834879103
0.8638955850670944
0.1270454639580288
0.07832842675490137
0.06443993204028922
0.893382591094227
0.8403568725226461
0.09556067836673732
0.8559411458676788
0.8686974018561339
0.8528028023560232
0.08402425631928738
0.8708250418065066
0.8898712771751957
0.792605191874324
0.8715480211316398
0.6897392862416825
0.8657648001949125
0.6096674143621997
0.7664023187181542
0.8840122843571406
0.8954616670556879
0.8910281117097649
0.8722007706385386
0.12957694524995142
0.8978641295560001
0.8680809880587826
0.8784075230916238
0.8571479696290057
0.8981272885140346
0.7655788549527559
0.8209616058581934
0.07207439793950905
0.07844276978311959
0.8549204689146415
0.7847920247533077
0.8737172431870524
0.8939407434696954
0.8313088739402076
0.8738357453005289
0.9130571057651439
0.8371194368236696
0.9130571057651439
0.8611603493512209
0.8927255806541066
0.05012226854722944
0.10726317554417283
0.9068373899226677
0.0652731301702354
0.8718876364880738
0.07388595477724912
0.8604274783042483
0.8692474553967015
0.8747639697567681
0.7931760727480898
0.9047189151168028
0.07776994950782444
0.884256297531535
0.07557614450857263
0.9012212650259774
0.9049419312637303
0.8985670400485078
0.9012947376763297
0.08601371549627705
0.8908721071386169
0.8977350762109
0.09918543912866455
0.8393179971649781
0.8497443353711615
0.8826889791635351
0.9248606583985302
0.7384630907248066
0.8332543510022125
0.8479615298585926
0.7908824409428307
0.8884818496120196
0.9256183950032069
0.8796420531496857
0.8962526686764084
0.832357831746242
0.8589101720248221
0.8526186761378833
0.9016818832918739
0.8499949422104175
0.9021785377040389
0.022179011500920734
0.0524175430632901
0.8396866026891625
0.8724346511713338
0.10337874895856423
0.09599986195386033
0.06187158705617488
0.8807778000478906
0.8296208739104052
0.8744868627208566
0.8035745355941856
0.30814884529233105
0.8895672198348471
0.0916171534456439
0.07682042014569286
0.9008445908304
0.8690306890581315
0.8773710826909588
0.8035015457323826
0.9175848130463541
0.825014762859198
0.0786969297336638
0.8130225286523227
0.8731622828310639
0.9032992496919621
0.07425600933786741
0.8704947675759193
0.9015924168876513
0.9178329019240177
0.10836769601514955
0.7625213198617253
0.8349310215275216
0.05962784145904198
0.8050509009354939
0.9047356081834866
0.6336736703814692
0.882208486612956
0.8481966330161324
0.8616080933150222
0.6835475400203471
0.09870685234589159
0.8524096131214811
0.08616725948985368
0.9063273729445858
0.8166789423123848
0.09364957464041666
0.8752448003311677
0.09783938097931061
0.8014629831972503
0.8673315041630741
0.8137590166040346
0.09364957464041666
0.6434891687965396
0.8336601893688338
0.8945531709563651
0.8949307927282188
0.04161726597225534
0.8430289830034321
0.9140862968625887
0.6622950966320471
0.9052556561839717
0.7834936391343214
0.06981784392870272
0.7930266573877187
0.8959336589616176
0.785750078572387
0.9117617194490558
0.8382180745700922
0.9040490336428642
0.9055594285671159
0.7824776398078204
0.9159747696820579
0.9251240354200752
0.8761665981793105
0.8825722594229284
0.8554562753417433
0.12091770843994158
0.842410684930144
0.9086148487765826
0.8907590095223149
0.8078222618084818
0.6266389783953306
0.8715916452731239
0.9053881284274666
0.8819338038954047
0.84110107762587
0.8334405715469296
0.9035573232951295
0.10059465487537574
0.8183578139137576
0.8779980435921386
0.8744820262827472
0.9070341125980652
0.9043939890787692
0.6771490302053607
0.8072371755068384
0.888744324093008
0.8408842911833591
0.09560677225387312
0.8652200244594546
0.8817428968392975
0.8128909302168984
0.10070650093414407
0.9213749190614472
0.10634382219355706
0.07062137472060259
0.8463035153646882
0.8094027700532916
0.9129096137015263
0.8558786610408744
0.9101210769910916
0.8506914768017703
0.924548177720986
0.846175448503776
0.8673784785979722
0.6301024545813311
0.7575657798757842
0.05972234037788978
0.8662935417284892
0.8748021824696623
0.6887159159583239
0.8815373402987418
0.8156203513407088
0.07204832775124034
0.8092532929479617
0.8707254495685971
0.9284305613653359
0.8404469652752719
0.7702310559620831
0.8350432913505925
0.030470120834199282
0.8876359011624764
0.7930943689411346
0.04584605058461608
0.6342314888007043
0.8089677033530305
0.8012803514054953
0.8255762764728475
0.8697051954445577
0.7896849799332495
0.6750377680442751
0.8635058593333174
0.9006618799233836
0.8969340287840292
0.11596502344383473
0.9308721513034195
0.8818421739285989
0.06797276170159236
0.8883500028346729
0.9189365263826201
0.05330659625803545
0.09733271871587179
0.8612484633696132
0.8376687446865398
0.09125363104382926
0.8790321763748462
0.9122516939291461
0.85977812068612
0.8248867615428376
0.8574359397127241
0.37004374805452256
0.8789426557205902
0.8893543959715489
0.877705112456646
0.9013718332343665
0.8409024571505748
0.8741697384281426
0.9164439551942302
0.8845893532234287
0.030470120834199282
0.879797074130266
0.925828423723188
0.8409863048814715
0.05551423672447229
0.8984825772171208
0.8856207175550924
0.8301395020315863
0.8644097781198743
0.8546024531924314
0.07833838179782934
0.03835507040170828
0.0990362526736882
0.8893653560366304
0.8727870149886223
0.9099379329735605
0.09444334180293026
0.05764570219028676
0.907244333281224
0.9088218698353179
0.8100772949363302
0.8859816713189363
0.8913176941485519
0.09364957464041666
0.8741628763962538
0.8980272451650463
0.8067516710524488
0.8479672094292828
0.93262120009929
0.9048933032484584
0.9999999999999998
0.8919413863289476
0.9127681640152169
0.6631073499617615
0.9171737645141078
0.8895981730122827
0.8554607277696008
0.7022968832708301
0.8901969981086617
0.9065547888651483
0.06877403851862193
0.8672511515735027
0.9012403762209323
0.8672162488688228
0.9110117004721454
0.8946890107003167
0.8630380270882636
0.07806022983769048
0.9017121414354811
0.9129953988697163
0.08692147610853253
0.9098385505986848
0.07754852456915809
0.8458530047353776
0.8921975382719688
