-0.04805263131856918
0.09049775451421738
0.07836240530014038
0.2198178917169571
0.12931731343269348
0.0026049227453768253
0.08911935985088348
0.6115412712097168
0.18337582051753998
0.053101081401109695
0.07104382663965225
0.2242303043603897
0.04756738618016243
-0.13853873312473297
0.05048097297549248
0.21382544934749603
0.300407350063324
0.02155841886997223
0.11599604785442352
0.1480359584093094
0.270579993724823
0.05003104358911514
0.13945376873016357
-0.10965678840875626
0.10356509685516357
0.1656128317117691
0.1218804344534874
-0.06313759088516235
-0.0267340075224638
0.2415514886379242
0.1649714857339859
0.2826210558414459
0.13161887228488922
0.03947891667485237
0.1844017505645752
0.1774529367685318
0.17453688383102417
0.28371724486351013
-0.07863468676805496
0.12913508713245392
0.23626288771629333
0.1986384242773056
0.07170353084802628
0.19894108176231384
0.28094175457954407
0.13612380623817444
0.28267860412597656
0.2558774948120117
0.12520121037960052
0.26180604100227356
0.17097347974777222
0.10798563063144684
-0.06559064984321594
0.21004414558410645
-0.08540797978639603
0.17157809436321259
0.09597635269165039
-0.01993599347770214
0.03410696983337402
0.2734755575656891
0.007884341292083263
0.05206525698304176
0.032928116619586945
0.18631024658679962
0.1752181351184845
0.14442770183086395
0.14820866286754608
0.18875977396965027
0.9999992847442627
0.3983585834503174
0.23883284628391266
0.13360293209552765
0.06294052302837372
-0.08273984491825104
0.10448472946882248
0.1780126988887787
-0.018458716571331024
0.14174579083919525
0.0471050962805748
0.20427347719669342
1.0
0.08110222965478897
0.07000058889389038
0.2622714936733246
-0.17451250553131104
0.19592083990573883
0.124642513692379
0.055331651121377945
0.17659229040145874
-0.027592191472649574
0.16915680468082428
0.1702265441417694
0.20883914828300476
0.22582341730594635
-0.0668228343129158
-0.05664258822798729
0.2400374710559845
0.11639194190502167
-0.1262829452753067
0.061699867248535156
0.11072475463151932
0.2238287627696991
0.11884111911058426
0.13742274045944214
0.15447375178337097
0.09743597358465195
-0.15565189719200134
-0.09831075370311737
0.15987500548362732
0.06941927969455719
0.07341707497835159
-0.03668328747153282
0.07055646181106567
-0.04218590259552002
0.19326329231262207
0.09090036153793335
-0.03392120823264122
-0.12287281453609467
0.0373518206179142
0.044076379388570786
0.18895895779132843
0.35489457845687866
0.1962185502052307
0.21125301718711853
0.18633919954299927
0.22902552783489227
0.020380623638629913
0.11075335741043091
0.06516862660646439
0.2092858999967575
0.22995047271251678
0.2599519193172455
0.09503871202468872
0.3006259500980377
0.12904679775238037
0.2369091659784317
0.06301186233758926
0.04862121865153313
0.16370680928230286
-0.03028222545981407
0.11074700206518173
0.24542708694934845
0.16549523174762726
-0.11209890246391296
0.10773806273937225
0.034073419868946075
0.13745911419391632
0.1109468936920166
0.08626899123191833
0.11897461861371994
0.10836280137300491
0.14866776764392853
0.3031559884548187
-0.0645541250705719
0.12364553660154343
0.15754307806491852
-0.05074513703584671
0.19420306384563446
0.18434207141399384
0.14258384704589844
0.20821864902973175
0.28341495990753174
0.010746718384325504
0.05122402310371399
0.24818244576454163
0.27856284379959106
0.2051701545715332
0.255778968334198
0.037555597722530365
0.13978786766529083
-0.11307927966117859
0.21088607609272003
0.18908751010894775
0.19044223427772522
0.03332294896245003
0.20678693056106567
0.2524426579475403
0.18325433135032654
0.10831371694803238
-0.08546166121959686
0.22006122767925262
0.15422476828098297
0.06265587359666824
0.1266498863697052
0.04836588352918625
0.19998714327812195
-0.05681917071342468
0.20495790243148804
-0.1084207221865654
0.09586546570062637
0.023421701043844223
-0.1084207221865654
-0.11822061240673065
-0.09350387006998062
0.1635330617427826
0.17317897081375122
0.08930794894695282
0.14067429304122925
0.036299753934144974
0.13497638702392578
0.11522085964679718
0.1941250115633011
0.139481320977211
0.15535347163677216
0.25899696350097656
0.158329576253891
0.15326346457004547
0.052585817873477936
0.17627938091754913
0.031200800091028214
0.20700553059577942
0.13740719854831696
0.16700322926044464
0.09024947881698608
0.30782055854797363
-0.08362557739019394
-0.04802967235445976
0.14256583154201508
0.23277682065963745
-0.04397325590252876
0.13221995532512665
0.1292509287595749
-0.04903795197606087
-0.0930638313293457
-0.054148558527231216
0.1808687150478363
0.010938485153019428
0.04674769565463066
0.24845439195632935
0.131726935505867
-0.12255355715751648
-0.11615108698606491
0.0030552041716873646
0.062399834394454956
-0.01107445266097784
0.2329166680574417
0.015209626406431198
0.055148713290691376
0.3479980230331421
0.19538332521915436
0.18097184598445892
0.2426575869321823
0.10794924944639206
0.15528567135334015
0.0182206854224205
0.281612753868103
0.24311034381389618
0.026627352461218834
0.13578864932060242
0.03684573993086815
0.31556716561317444
-0.0006010816432535648
0.09121114015579224
0.31024041771888733
0.21895724534988403
0.18435655534267426
0.16263426840305328
0.1401095986366272
0.06142793223261833
0.1912340223789215
0.10913905501365662
0.005014900118112564
0.16519786417484283
0.28775036334991455
0.08911406248807907
0.40750017762184143
0.3074285387992859
0.20100213587284088
0.1160440742969513
0.17899660766124725
0.07304166257381439
0.15009525418281555
0.16183434426784515
0.20067334175109863
-0.2277156561613083
-0.2277156561613083
0.08364711701869965
0.08673445880413055
-0.16663417220115662
-0.005515330471098423
-0.051282647997140884
0.14613912999629974
-0.09261072427034378
0.16327913105487823
-0.022020354866981506
0.15736155211925507
0.18057100474834442
0.15285839140415192
0.06871330738067627
0.16928288340568542
0.29412952065467834
0.18629929423332214
0.06427936255931854
0.009821434505283833
0.026953674852848053
0.19398728013038635
0.17173807322978973
0.24934081733226776
0.10360077023506165
0.03184426203370094
0.002614811295643449
0.22304826974868774
0.14237548410892487
0.27787983417510986
0.9999996423721313
0.2963752746582031
0.17287737131118774
0.05831269174814224
0.22513121366500854
0.22855229675769806
-0.0011513079516589642
0.06825278699398041
0.09808897227048874
-0.14668546617031097
-0.4619874060153961
0.09102078527212143
0.12984493374824524
0.12733042240142822
0.23084501922130585
0.07010264694690704
0.25679606199264526
0.14129586517810822
0.1660984307527542
0.08800019323825836
-0.005525925196707249
0.07469340413808823
0.08379791676998138
0.23469378054141998
0.20001645386219025
-0.06350734829902649
-0.04808971285820007
0.05417080596089363
0.1771862953901291
-0.17983360588550568
0.1281176209449768
-0.062280818819999695
0.07498723268508911
-0.049904610961675644
-0.08017447590827942
0.16383960843086243
1.0
0.21885623037815094
0.32231080532073975
0.1567622423171997
0.1293618083000183
0.16900919377803802
0.0447099506855011
-0.03027692809700966
0.22602754831314087
0.11653991788625717
0.18097220361232758
0.13173259794712067
-0.009549146518111229
0.08062899857759476
0.15354740619659424
0.31219446659088135
0.06110832095146179
0.2514859437942505
0.33813562989234924
0.0549442321062088
0.03036309964954853
0.09408411383628845
0.2659069299697876
0.07814238220453262
0.036353081464767456
-0.07192143052816391
0.14019010961055756
0.263506144285202
0.9999996423721313
0.09547839313745499
0.2335350662469864
0.20613428950309753
0.3068331182003021
-0.05617606267333031
0.03015967831015587
0.1538645476102829
-0.07512002438306808
0.07088807970285416
0.18553999066352844
-0.04013756290078163
-0.04398490861058235
0.02758583426475525
-0.07116495817899704
0.05311908945441246
0.0825381875038147
-0.023332703858613968
0.06495849043130875
0.21148398518562317
-0.0848238542675972
0.047445543110370636
0.08705371618270874
0.04636239632964134
0.12944374978542328
1.0000007152557373
0.160286083817482
0.09806248545646667
0.27626094222068787
0.02003028802573681
0.23427528142929077
0.22292466461658478
0.08689938485622406
0.12049073725938797
0.005146982613950968
0.030073154717683792
0.13165807723999023
-0.01635669730603695
-0.09960615634918213
0.29118379950523376
0.28128892183303833
-0.01374612282961607
0.15711469948291779
0.10583239793777466
0.012648142874240875
0.08353128284215927
0.060481104999780655
-0.3700152039527893
0.04108474403619766
0.3154732286930084
0.17671306431293488
0.08857408165931702
0.01851486973464489
0.02931986004114151
0.10750038176774979
-0.15499889850616455
0.11301253736019135
0.025636732578277588
-0.04105260595679283
-0.07825610041618347
0.13413763046264648
0.08664899319410324
0.14116661250591278
0.315170556306839
0.14312876760959625
-0.05732842907309532
0.1380252242088318
0.21400979161262512
0.1380266398191452
0.03755488991737366
0.04371297359466553
0.10667857527732849
0.09420136362314224
0.1423691213130951
-0.19569234549999237
0.19275438785552979
0.11072192341089249
0.1842753291130066
-0.017360735684633255
0.26479941606521606
0.23099829256534576
0.9999992847442627
0.17695392668247223
0.19679562747478485
0.03273211047053337
-0.25093889236450195
-0.11642266809940338
0.04308152198791504
-0.09689104557037354
0.07101133465766907
-0.026376960799098015
0.02407928928732872
0.06282257288694382
-0.1615525335073471
0.12412336468696594
0.1462249457836151
0.18439045548439026
0.14639729261398315
0.11684399098157883
0.2436637431383133
0.43147775530815125
0.1015520766377449
0.24948067963123322
0.3906875550746918
0.055619124323129654
0.19015122950077057
0.3300153911113739
-0.12737633287906647
0.19901913404464722
-0.01090281642973423
0.27143004536628723
0.10119573771953583
0.1533803641796112
0.37462183833122253
0.13317066431045532
0.15385323762893677
0.26564913988113403
-0.11534164100885391
0.15111801028251648
0.03936484456062317
0.09919330477714539
-0.16053824126720428
0.23176854848861694
0.23615799844264984
0.0946364551782608
-0.04019053652882576
0.20119459927082062
0.3275817334651947
0.1629725992679596
0.0823570191860199
0.14485326409339905
0.225346639752388
0.14942248165607452
0.11673274636268616
0.03611999377608299
0.22189943492412567
-0.04662797600030899
0.2028636485338211
-0.07432787865400314
0.22478264570236206
0.05761413648724556
0.1548675298690796
0.14693020284175873
0.28970086574554443
0.19966118037700653
0.14791271090507507
0.15598705410957336
0.15777193009853363
0.19183899462223053
0.3274923861026764
0.10490605235099792
-0.05064625293016434
-0.07117767632007599
0.12043917924165726
0.2407197803258896
-0.11534164100885391
0.13390100002288818
0.2953934967517853
0.13940538465976715
-0.06338869035243988
0.23154570162296295
-0.11194951832294464
0.24179445207118988
0.22894535958766937
0.08221045136451721
0.07654573768377304
0.08199961483478546
0.22409221529960632
0.16897952556610107
0.10397724062204361
0.06998186558485031
0.2459956705570221
-0.03490864858031273
0.23092342913150787
0.2394307404756546
0.26683327555656433
0.160784050822258
-0.0004308575880713761
-0.0032635696697980165
-0.1682601273059845
0.01612219773232937
-0.030164623633027077
0.2956838011741638
0.25870704650878906
0.24245275557041168
0.18314167857170105
0.1013709008693695
0.3093010187149048
0.13259465992450714
0.18597367405891418
-0.11391062289476395
0.06715692579746246
-0.028146302327513695
0.10608737915754318
-0.0037777735851705074
0.22102995216846466
0.24829263985157013
0.05077444761991501
0.043427973985672
0.23627948760986328
0.37305980920791626
0.2145179957151413
0.05019102618098259
0.02682017907500267
0.0021715930197387934
-0.007405806332826614
0.18778787553310394
0.23986653983592987
0.15855418145656586
0.2065192312002182
0.15983827412128448
0.03930480778217316
0.9999996423721313
-0.04117833077907562
0.23323239386081696
0.1735815852880478
0.10348422825336456
0.1484968364238739
0.1672433763742447
0.11915013939142227
0.20530293881893158
0.2873099744319916
0.21429938077926636
0.17886841297149658
0.15769988298416138
0.26713454723358154
0.07349618524312973
-0.1067008227109909
0.1115204244852066
-0.09469049423933029
0.31183531880378723
-0.06480345129966736
0.33043670654296875
0.2705754041671753
0.10847651958465576
0.026092665269970894
0.13746759295463562
0.2224842756986618
-0.13893815875053406
0.2913992404937744
0.09282685816287994
0.13757282495498657
0.11268409341573715
0.0021730056032538414
0.1897902935743332
-0.2023024708032608
0.10444376617670059
0.2315199226140976
0.08629406988620758
-0.10647550970315933
0.037143807858228683
0.058570146560668945
0.2822258472442627
0.17911244928836823
0.1916041374206543
0.09409576654434204
0.042563434690237045
0.15036506950855255
0.05185406655073166
0.21444736421108246
0.1577005833387375
0.19240935146808624
0.06597630679607391
0.1350357085466385
0.21532602608203888
0.37421855330467224
0.15130023658275604
0.034810468554496765
-0.11466532945632935
0.17879566550254822
0.29870545864105225
-0.07514968514442444
0.32934826612472534
-0.047812480479478836
0.309701144695282
0.23560352623462677
0.1353023499250412
0.024626336991786957
0.10578083992004395
0.03723563253879547
0.3475664556026459
-0.019183404743671417
0.1454518735408783
0.18889185786247253
0.2770601511001587
0.18435584008693695
0.1145392507314682
0.10377876460552216
0.03646185249090195
0.18475809693336487
-0.014473283663392067
0.4397032558917999
0.15017294883728027
0.16115310788154602
-0.10821059346199036
0.04662126302719116
0.036323413252830505
0.1967822015285492
0.1219736635684967
0.11224758625030518
0.1674923598766327
0.14828352630138397
0.083895742893219
-0.07591216266155243
-0.12278099358081818
0.25688648223876953
0.023511052131652832
0.17790675163269043
0.23138853907585144
-0.12958359718322754
-0.13576923310756683
0.0557452030479908
-0.26458436250686646
-0.20238088071346283
0.02818550355732441
0.08902930468320847
0.18247808516025543
-0.40875354409217834
0.12254296243190765
0.06294582039117813
0.0005346871912479401
0.15904155373573303
0.13841159641742706
0.14907990396022797
0.07950487732887268
0.15097461640834808
-0.011298357509076595
0.2055579274892807
0.13034501671791077
-0.034592919051647186
-0.02336590178310871
-0.028077436611056328
0.0011184639297425747
0.08287440240383148
-0.01889946311712265
-0.46266794204711914
0.2383098155260086
0.2360266149044037
-0.03314248472452164
0.14444465935230255
0.16925710439682007
0.07868519425392151
0.2373693436384201
0.14525622129440308
0.3156106173992157
0.32864686846733093
0.17878223955631256
0.030144846066832542
0.07001329958438873
-0.1684243530035019
0.01569628342986107
0.03094334527850151
0.03398371487855911
0.0597846694290638
0.14077883958816528
-0.20138955116271973
0.14959411323070526
0.15600082278251648
0.11477763950824738
0.15591534972190857
0.2027990221977234
-0.014934159815311432
0.13584904372692108
0.027669886127114296
0.22549957036972046
0.11103906482458115
0.10016697645187378
0.18687601387500763
0.2234526425600052
0.17904534935951233
0.16512759029865265
0.18299828469753265
0.22473390400409698
0.17863956093788147
0.2331695407629013
0.2703225314617157
0.13146136701107025
-0.11031967401504517
0.40563228726387024
-0.43792155385017395
0.19289742410182953
0.18297462165355682
-0.08342745155096054
0.1396300047636032
0.19682280719280243
0.16456004977226257
-0.10434558987617493
0.056842830032110214
-0.10434558987617493
-0.10434558987617493
0.16073989868164062
-0.09643581509590149
0.076605424284935
0.0006000222056172788
0.20891155302524567
0.20982800424098969
0.02125752530992031
0.10083374381065369
0.28646978735923767
0.2009982466697693
0.0020977819804102182
0.26147016882896423
0.21454201638698578
0.16345253586769104
0.09341804683208466
0.06035008281469345
0.11382728070020676
-0.02394014410674572
0.07510589808225632
0.15068396925926208
-0.032223910093307495
0.126540407538414
0.11385906487703323
0.07606755197048187
0.1621917486190796
0.13968367874622345
0.16242095828056335
0.16329820454120636
0.12993429601192474
0.16760820150375366
0.136817067861557
0.15835747122764587
0.09630903601646423
0.23667891323566437
0.1935391128063202
0.1344713568687439
0.1461271196603775
-0.004593930672854185
0.12379315495491028
0.11283665895462036
-0.11721833795309067
-0.025914672762155533
0.013854190707206726
-0.001688820542767644
0.16669774055480957
0.2072114199399948
-0.04839272424578667
0.2381162792444229
0.12490773946046829
0.14784455299377441
0.060083091259002686
0.12365860491991043
0.08789141476154327
0.23693282902240753
0.17088060081005096
0.07622859627008438
-0.030568640679121017
-0.08711764216423035
0.07810106128454208
0.09397569298744202
0.14602893590927124
0.0771542340517044
0.16418500244617462
0.08503680676221848
0.22198842465877533
0.06368710845708847
0.17560449242591858
0.2419431358575821
0.10652635991573334
-0.07260338962078094
0.17176243662834167
0.17618297040462494
0.040407028049230576
-0.04944832623004913
-0.1397211104631424
0.008744643069803715
0.08684252947568893
-0.033750277012586594
0.10108943283557892
-0.058776747435331345
0.303099125623703
0.12773585319519043
0.11207842081785202
0.05842111259698868
0.30385279655456543
0.17695003747940063
-0.4278023838996887
0.2589094042778015
0.10264264047145844
0.16426517069339752
-0.08106903731822968
-0.07741204649209976
0.05836743116378784
0.20172257721424103
0.16839715838432312
0.12891753017902374
0.1520351618528366
0.2051909863948822
0.06634359061717987
0.9999982118606567
0.18601852655410767
0.13765829801559448
0.06868011504411697
0.10945266485214233
0.13972464203834534
0.08017412573099136
0.15452955663204193
-0.06736882030963898
0.12147147208452225
0.23450060188770294
0.4334985315799713
0.1947423368692398
0.31309184432029724
0.3079982101917267
0.1375502347946167
0.19019466638565063
0.28280115127563477
0.09185989946126938
-0.07741204649209976
-0.0031247769948095083
0.19869068264961243
-0.06153811886906624
0.2500429153442383
-0.11534164100885391
0.19869068264961243
0.19474728405475616
0.20310238003730774
0.25266125798225403
0.15607215464115143
0.2713417410850525
0.18029165267944336
0.15585285425186157
0.25062137842178345
0.22546884417533875
-0.09464669972658157
0.12862759828567505
0.14812071621418
0.23893137276172638
0.11940370500087738
-0.011298357509076595
0.23412801325321198
0.1596747636795044
0.22939176857471466
0.29689761996269226
-0.05681387335062027
0.27881041169166565
-0.057057201862335205
-0.37848684191703796
0.1530388593673706
0.10471922904253006
0.2055416703224182
0.17225687205791473
0.13971546292304993
0.18093052506446838
0.12404390424489975
0.10624700784683228
0.40202897787094116
0.07758226990699768
-0.075563944876194
0.35786890983581543
-0.10138185322284698
0.2357673943042755
0.08955340087413788
0.11752559244632721
0.1931004822254181
0.04973827302455902
-0.008193710818886757
0.31400126218795776
0.15242470800876617
0.18653273582458496
0.28161558508872986
0.14135059714317322
0.06999529153108597
0.2312116026878357
0.19676382839679718
0.10886570811271667
0.09436381608247757
0.1175587922334671
0.3303593695163727
-0.04741693660616875
0.06698105484247208
0.15544529259204865
0.11304749548435211
-0.1279117316007614
-0.1596108376979828
0.025512419641017914
-0.1279117316007614
0.09611409157514572
0.07075070589780807
0.16762691736221313
0.26281076669692993
0.21035386621952057
0.00887072179466486
0.020090678706765175
0.17302288115024567
0.3426303267478943
0.32545676827430725
0.2771470248699188
-0.07741204649209976
0.19898168742656708
-0.015259422361850739
0.17932434380054474
0.02680923044681549
-0.1374361515045166
0.22007852792739868
-0.13436894118785858
-0.1988658607006073
0.10027433931827545
0.09999710321426392
0.19654522836208344
0.0786173865199089
-0.08184175193309784
0.24507074058055878
0.2968997359275818
0.15950454771518707
0.04986611753702164
0.23895962536334991
-0.4761287271976471
0.16277623176574707
0.2092428207397461
0.148626446723938
0.19785404205322266
0.19167301058769226
0.143292635679245
0.1638336032629013
0.20929861068725586
0.1765919327735901
0.183024063706398
0.12337960302829742
0.12350744754076004
0.1447865217924118
0.2583937644958496
0.18133136630058289
-0.12888610363006592
0.15034280717372894
0.09643581509590149
0.10507133603096008
0.11105424910783768
-0.14343567192554474
0.15348313748836517
0.2388526201248169
0.026619935408234596
0.10129391402006149
0.23811663687229156
0.140882670879364
0.2145271748304367
0.2517454922199249
0.25025197863578796
0.1903984397649765
0.2863617241382599
-0.1461518406867981
0.1851787120103836
0.18967269361019135
0.08136215806007385
-0.14497333765029907
0.040344517678022385
0.07119815796613693
-0.09119242429733276
0.3301132023334503
0.12447087466716766
0.16341827809810638
-0.1279117316007614
-0.026355771347880363
0.28303706645965576
0.22313091158866882
0.19581100344657898
0.1053810566663742
0.21681919693946838
0.002364772604778409
0.21169516444206238
-0.14497333765029907
-0.1279117316007614
-0.18449993431568146
0.3178090453147888
0.1743440479040146
0.14333854615688324
0.13787902891635895
-0.07183244079351425
0.049913085997104645
0.24072085320949554
0.11005197465419769
0.1391104906797409
0.07820948213338852
0.0793173536658287
0.16787059605121613
0.1632554680109024
0.27694466710090637
0.07364945858716965
0.23750530183315277
0.14038188755512238
-0.01696307584643364
-0.07954549789428711
-0.4468448758125305
0.2621588408946991
-0.11976640671491623
-0.0406874381005764
0.2522575855255127
0.026966387405991554
0.18520872294902802
0.2185450941324234
0.1334729790687561
0.3653043806552887
0.23355765640735626
-0.4264512062072754
0.05977337062358856
0.21465395390987396
0.177022784948349
-0.04340607672929764
-0.06281621009111404
-0.08902294933795929
0.15191367268562317
0.3055684566497803
0.15570098161697388
0.07894264906644821
0.15825505554676056
0.13848257064819336
0.3177090883255005
-0.09588523954153061
0.22255772352218628
0.20528775453567505
-0.10709954798221588
-0.13436894118785858
0.12193870544433594
0.06362777948379517
0.18353721499443054
0.17362608015537262
0.2003159373998642
0.268405556678772
0.02639673836529255
-0.08131837099790573
-0.058646075427532196
0.06982965767383575
-0.14553874731063843
0.04333862289786339
0.22963227331638336
0.10304736346006393
-0.07613959908485413
0.231596902012825
0.18391720950603485
0.13690218329429626
-0.08966605365276337
0.12506701052188873
-0.009662157855927944
0.23336483538150787
0.09735933691263199
0.21177251636981964
0.19849149882793427
0.21969500184059143
0.13150374591350555
0.17540600895881653
0.19150525331497192
0.14275406301021576
-0.07663685083389282
0.11191808432340622
0.07781676948070526
0.07696493715047836
0.0886613130569458
0.14487728476524353
-0.014902022667229176
-0.07137756794691086
0.21504844725131989
-0.0704197883605957
0.19108746945858002
0.020115045830607414
-0.08790307492017746
0.1875152289867401
0.03549666330218315
0.2671087682247162
0.08279988169670105
-0.045765552669763565
0.19215966761112213
0.2263679951429367
0.18257766962051392
0.11246725171804428
0.13995808362960815
0.09141738712787628
0.23086656630039215
0.3312380313873291
0.18133489787578583
0.23905709385871887
0.12768429517745972
-0.02263450436294079
-0.08946581184864044
0.2539149820804596
-0.014573934487998486
0.19817683100700378
0.16565167903900146
0.2529882788658142
0.161391481757164
0.2289905697107315
0.2613723576068878
-0.12315429002046585
0.17768779397010803
0.3020453155040741
0.045807577669620514
-0.0545811802148819
0.11046941578388214
0.32891175150871277
0.17542791366577148
0.14462123811244965
0.19875884056091309
0.9999996423721313
0.1130174770951271
0.05608847737312317
0.16574174165725708
0.06763510406017303
0.13740049302577972
0.0176259595900774
0.13799309730529785
0.1565510481595993
0.25980043411254883
0.3071516752243042
0.04944868013262749
-0.011298357509076595
0.18437068164348602
0.14812071621418
-0.07517970353364944
0.2825150787830353
0.10678523033857346
0.05115162581205368
0.01790354587137699
0.3091798722743988
0.15405136346817017
0.062042079865932465
0.1986299455165863
1.0
0.14684157073497772
0.1624121218919754
0.14501148462295532
0.12155304849147797
0.09435110539197922
0.24631492793560028
0.08320072293281555
0.10804495960474014
0.289844274520874
-0.09996143728494644
0.1639000028371811
0.05078751593828201
0.13378940522670746
-0.09952104091644287
0.10105235129594803
-0.05206384137272835
-0.02244238369166851
-0.07117767632007599
-0.05206384137272835
-0.0943959578871727
0.08074730634689331
1.0
0.130048006772995
0.011861651204526424
0.0479947105050087
-0.04480035975575447
0.15111801028251648
0.20470185577869415
0.16290831565856934
-0.13813082873821259
0.08366406708955765
0.05105909705162048
0.09063124656677246
0.17594388127326965
0.13013100624084473
0.1924729198217392
0.15300141274929047
0.11617828160524368
0.03974767401814461
-0.030820798128843307
0.2961866855621338
0.2290608435869217
0.21499016880989075
0.1259922981262207
0.20813706517219543
0.06879135966300964
1.0
0.1440148651599884
0.17338627576828003
-0.02606194093823433
-0.1858309954404831
0.04926185682415962
-0.19832481443881989
0.0033900015987455845
-0.11453395336866379
0.128685861825943
0.06244221329689026
0.11855859309434891
-0.04997100681066513
-0.05331474170088768
0.12060445547103882
-0.11101610958576202
-0.12110842019319534
0.12986472249031067
0.27308037877082825
-0.06340352445840836
0.11176269501447678
-0.07741204649209976
-0.5354323983192444
0.15849484503269196
0.033997491002082825
-0.1053217276930809
-0.047608353197574615
-0.16277800500392914
0.09034377336502075
0.06599820405244827
-0.1615525335073471
0.1801910102367401
0.17431898415088654
-0.013935064896941185
-0.009848627261817455
0.10886676609516144
0.2314853072166443
0.18159906566143036
0.09263014793395996
0.2508731782436371
-0.10821059346199036
0.13678456842899323
0.3559720814228058
-0.10821059346199036
0.2043984979391098
0.2029593586921692
0.10615483671426773
0.14979788661003113
0.16520987451076508
-0.009792475029826164
0.19886867702007294
0.10547181963920593
-0.058570850640535355
-0.09376344084739685
0.2244538515806198
0.18298768997192383
0.25392061471939087
0.20586659014225006
0.08208367228507996
-0.020575569942593575
-0.046869538724422455
-0.18081998825073242
0.1289231926202774
-0.5102607607841492
0.0919252336025238
0.12525348365306854
0.19719645380973816
0.2560427784919739
0.2901352643966675
-0.09952104091644287
0.2119663953781128
0.15735307335853577
0.04935191199183464
0.15359190106391907
0.23662416636943817
0.2264227271080017
-0.06551295518875122
0.2548794746398926
-0.00014656221901532263
-0.5049654841423035
0.07154849171638489
0.06149856373667717
-0.1298089176416397
0.29984015226364136
-0.11778022348880768
0.172944113612175
0.03273140266537666
-0.08106903731822968
0.17694614827632904
-0.06284376233816147
0.11579827964305878
0.16512475907802582
-0.09004535526037216
-0.024965371936559677
0.2767278254032135
0.0958506315946579
0.2206449955701828
0.03156067058444023
0.16653528809547424
0.19778941571712494
0.03620722517371178
0.06665226072072983
0.056514035910367966
0.04220850393176079
0.12573836743831635
0.14750269055366516
0.011352390982210636
0.06436941772699356
0.2600165605545044
0.15978848934173584
0.19802603125572205
0.021365946158766747
0.33467286825180054
0.1827867478132248
0.1059708371758461
0.09562177956104279
0.08796346187591553
0.020649733021855354
0.2438209056854248
0.13286730647087097
0.12375219166278839
0.18519531190395355
0.22045570611953735
0.2856370508670807
0.19101470708847046
0.23190133273601532
-0.07266519218683243
-0.06736882030963898
0.125259131193161
0.018741246312856674
-0.11832868307828903
0.15372434258460999
-0.07432752847671509
0.1159561425447464
-0.0850258618593216
0.2762446999549866
0.17418548464775085
0.12343505024909973
0.17941299080848694
0.04627057537436485
-0.11211762577295303
0.11913071572780609
0.19408828020095825
-0.10709954798221588
0.2856123149394989
0.3020477890968323
0.04427520930767059
0.2029593586921692
0.11611824482679367
0.38376450538635254
0.12065425515174866
0.022766586393117905
-0.14150458574295044
0.12145345658063889
0.11482001841068268
0.10161176323890686
0.14400285482406616
0.2035720944404602
0.10649952292442322
-0.09928513318300247
0.20696139335632324
0.06141874939203262
0.20238547027111053
0.1251814365386963
0.02582496777176857
0.24996767938137054
0.1568996161222458
0.136757031083107
0.3422796428203583
0.1709621697664261
0.16170014441013336
0.2035244107246399
0.21685239672660828
-0.10718712955713272
0.11696159094572067
0.1895141303539276
0.1621161699295044
0.13142110407352448
0.08920376747846603
0.07010477036237717
-0.011298357509076595
0.2689480185508728
0.2102256566286087
-0.06994514167308807
0.15204328298568726
0.09903191030025482
0.2843995690345764
0.07499182224273682
0.18161778151988983
0.25661808252334595
-0.05032416805624962
0.12170737981796265
0.3202592730522156
-0.03637709468603134
0.27875781059265137
0.21784478425979614
-0.0716293677687645
0.11572834849357605
0.15045583248138428
0.1421169638633728
0.1706436276435852
0.022011879831552505
0.08583319187164307
0.11101363599300385
0.0952223539352417
0.07532873749732971
0.2536536455154419
-0.08117816597223282
0.23501339554786682
0.08445656299591064
0.1718609780073166
0.22270040214061737
0.2677038311958313
0.11264100670814514
0.1012691929936409
0.2276824563741684
0.028429538011550903
-0.038738690316677094
-0.10403162986040115
0.02248617634177208
0.0924818143248558
-0.20987920463085175
0.14542539417743683
0.3373791575431824
0.09828603267669678
-0.1265358179807663
0.23445221781730652
0.2506740093231201
0.10762858390808105
-0.12377938628196716
0.1836463361978531
0.059610914438962936
0.2420663982629776
0.24687999486923218
0.21254700422286987
0.0994228646159172
0.16088682413101196
-0.16261625289916992
-0.1948218047618866
0.08699262142181396
0.23791003227233887
0.10777125507593155
0.015123807825148106
0.0604175366461277
0.2344377487897873
0.06436941772699356
0.21781934797763824
-0.07741204649209976
0.06068982556462288
0.2314874231815338
0.17305360734462738
0.21471859514713287
0.2583937644958496
0.19802603125572205
0.3057973086833954
0.17178045213222504
0.11957075446844101
-0.04623384401202202
-0.0935773253440857
0.04709096997976303
0.009596822783350945
-0.020781463012099266
0.09543813765048981
-0.0009365855366922915
0.11210384964942932
0.1723596304655075
0.13673125207424164
0.22431153059005737
0.08405431360006332
0.21322189271450043
0.10405635088682175
0.11119339615106583
0.21753434836864471
-0.03731968253850937
0.1367206573486328
-0.05858992412686348
-0.0023407575208693743
0.09144105017185211
0.07553498446941376
0.22580823302268982
-0.17700371146202087
0.06288754940032959
0.3856973648071289
0.08389750868082047
0.1883031278848648
0.12078280746936798
-0.05434385687112808
0.2414850890636444
0.05176294967532158
-0.029360473155975342
0.08605603873729706
0.14268556237220764
-0.0384017713367939
-0.14517994225025177
0.09526261687278748
-0.0441448912024498
0.11229420453310013
-0.024930056184530258
0.1921684890985489
-0.00953572615981102
0.15739475190639496
-0.1757408082485199
0.11656145751476288
0.08889122307300568
0.13757354021072388
0.08667265623807907
0.2018345296382904
0.2527633011341095
0.312875360250473
0.2203550487756729
0.20093078911304474
0.11284054815769196
-0.1279117316007614
0.044738203287124634
-0.4843570291996002
0.0016090059652924538
0.05057702958583832
-0.011298357509076595
0.14172743260860443
0.1670381873846054
0.15908285975456238
0.04745013639330864
0.1423196792602539
0.13025319576263428
-0.06254180520772934
0.04199625551700592
0.20727817714214325
0.19124355912208557
0.09368998557329178
0.17139868438243866
0.07120027393102646
-0.12799648940563202
0.012648848816752434
0.03309657424688339
0.1228509247303009
0.12117410451173782
-0.054239675402641296
0.17153429985046387
0.15522563457489014
-0.06350734829902649
0.23914292454719543
0.17625218629837036
0.15575820207595825
0.10908855497837067
0.0029372479766607285
0.18858177959918976
0.038240376859903336
-0.008707208558917046
0.15988101065158844
0.14712657034397125
0.12061717361211777
-0.13436894118785858
0.2641792893409729
-0.13436894118785858
-0.03827004134654999
0.11397913843393326
-0.026359302923083305
-0.19380363821983337
-0.060102514922618866
0.0411260649561882
0.2152734100818634
0.2020704448223114
0.2727229595184326
0.22921094298362732
0.1701873391866684
-0.07741204649209976
-0.07741204649209976
-0.07741204649209976
0.09326937049627304
0.11603030562400818
0.17360100150108337
0.2992662787437439
0.22402581572532654
0.17784671485424042
0.21946120262145996
0.20914039015769958
0.016394484788179398
0.19954781234264374
0.17834007740020752
0.03501565381884575
0.0349443182349205
1.0
0.2443213313817978
0.2098633199930191
0.1923471987247467
0.13127030432224274
-0.09469049423933029
-0.04793820530176163
0.1794889122247696
0.14058494567871094
0.20673677325248718
-0.06944223493337631
0.11195304989814758
0.11099280416965485
-0.08722323924303055
0.16574950516223907
0.1444827914237976
-0.07799158245325089
0.2453758716583252
0.12768112123012543
0.16520987451076508
0.14452341198921204
0.028916900977492332
0.11809170991182327
-0.1287529617547989
0.12799754738807678
0.07789940387010574
0.15135815739631653
-0.012417880818247795
0.0384943000972271
0.3025054633617401
0.19145086407661438
-0.012396338395774364
0.3050856590270996
0.3047879636287689
0.08711022138595581
0.16825659573078156
0.14546246826648712
0.34458473324775696
-0.04561227932572365
-0.031509462743997574
0.11203286051750183
-0.19490762054920197
-0.21039129793643951
0.008198302239179611
0.22697578370571136
0.28575676679611206
-0.022026006132364273
-0.12628506124019623
-0.36011359095573425
0.1637905091047287
0.085237056016922
0.31948232650756836
0.29910171031951904
0.11065942049026489
0.16426517069339752
0.17018486559391022
0.026273485273122787
1.0
0.19280347228050232
0.013242867775261402
0.3158504068851471
0.17224839329719543
0.08484009653329849
0.28669336438179016
0.17292998731136322
-0.10072885453701019
0.10797997564077377
-0.024960074573755264
0.17214103043079376
0.19220346212387085
-0.05309472233057022
-0.10086658596992493
-0.06948567926883698
0.12783297896385193
0.14549072086811066
-0.027617618441581726
0.022737625986337662
0.12709911167621613
0.016762832179665565
-0.12918700277805328
-0.1279117316007614
-0.1370769888162613
0.07588603347539902
-0.044600117951631546
0.05838226526975632
0.14665615558624268
0.1864006519317627
0.20979444682598114
0.11142542213201523
0.032293129712343216
0.17376522719860077
0.08379121124744415
-0.06151022017002106
0.048021551221609116
0.07468068599700928
-0.053139928728342056
0.18909598886966705
0.19235637784004211
0.06217522174119949
-0.09319131821393967
0.06321705132722855
0.1303856372833252
0.12280218303203583
0.13740967214107513
-0.09615717083215714
0.30108118057250977
0.27996349334716797
0.16915751993656158
0.32317498326301575
0.2087000012397766
-0.2762266993522644
0.05231776833534241
-0.04668695107102394
-0.16753368079662323
-0.46755358576774597
0.11200107634067535
0.07458922266960144
0.2319808006286621
0.1100572794675827
-0.07402168959379196
-0.2537775933742523
0.01876879297196865
-0.2470756471157074
-0.019745992496609688
-0.04623031243681908
0.20969486236572266
0.23797042667865753
0.21495521068572998
0.3049747943878174
0.1546478569507599
0.062087640166282654
0.03236411511898041
0.1382802128791809
0.11959265172481537
0.12034346908330917
0.10710060596466064
0.08878562599420547
0.2523984909057617
0.11458198726177216
0.13502299785614014
0.21763217449188232
0.23035377264022827
0.1915455162525177
0.24409601092338562
0.07120239734649658
-0.04745437204837799
0.2792416214942932
0.16523176431655884
0.09598518162965775
0.0847228467464447
0.16955235600471497
0.2679997682571411
0.012003974989056587
-0.11854446679353714
0.15534253418445587
0.20424027740955353
-0.16013917326927185
0.14824432134628296
0.22212228178977966
0.12145698815584183
0.07993786036968231
0.010692684911191463
0.11207842081785202
0.23132073879241943
0.3247793912887573
0.1520083248615265
0.23972316086292267
0.1042248085141182
0.2571350932121277
0.13883821666240692
0.2151476889848709
0.151073157787323
0.17851100862026215
0.2375589907169342
0.14509694278240204
0.18613189458847046
0.04555683583021164
-0.13814212381839752
-0.04745437204837799
0.058853380382061005
0.17218518257141113
0.15778358280658722
0.13768725097179413
0.21479840576648712
0.14295785129070282
0.29203352332115173
-0.4191393256187439
0.22940801084041595
0.5129843354225159
-0.03637709468603134
0.3755958676338196
0.08583319187164307
-0.0033472690265625715
0.045881036669015884
0.18266278505325317
0.1372510939836502
-0.009034588932991028
0.18406589329242706
0.19162710011005402
0.19269610941410065
0.1304997056722641
0.2534745931625366
0.3093207776546478
0.1312212198972702
0.2722098231315613
-0.0369764119386673
-0.1508789211511612
-0.1461603194475174
0.24276776611804962
0.0880877748131752
0.2900165915489197
0.13706675171852112
-0.07353397458791733
0.06934724003076553
0.13660481572151184
0.06593427807092667
0.10973943024873734
0.2473030835390091
-0.024732286110520363
0.21158604323863983
0.12908634543418884
0.15799088776111603
-0.07432752847671509
0.11506440490484238
0.12633663415908813
0.17611657083034515
0.2571983337402344
0.19928400218486786
0.10630210489034653
0.14031796157360077
0.2587677836418152
0.18474538624286652
0.24094228446483612
0.21400344371795654
0.2731955051422119
-0.012430948205292225
0.16219210624694824
0.33407142758369446
-0.023141996935009956
0.1628892421722412
0.11789288371801376
-0.01575702801346779
0.22291582822799683
-0.05906315892934799
0.1726912558078766
-0.022793427109718323
0.12264114618301392
0.3289562463760376
-0.11854446679353714
-0.004077254794538021
-0.3005976974964142
0.1404419243335724
0.26658183336257935
-0.049276337027549744
0.19002903997898102
0.2053636759519577
0.09476536512374878
-0.011298357509076595
0.24224120378494263
0.24716675281524658
0.28133729100227356
0.21447031199932098
0.2051747441291809
0.12452208250761032
-0.051591310650110245
0.17973436415195465
0.1383388340473175
0.12156540900468826
0.10168027132749557
0.23545625805854797
-0.06280490756034851
0.2059612274169922
0.18878696858882904
0.12359008938074112
0.2095850259065628
0.16172628104686737
0.16418147087097168
0.06660175323486328
-0.1684243530035019
-0.17792724072933197
0.04324362426996231
0.12077079713344574
0.34086874127388
0.149522066116333
0.03352919593453407
-0.1157827377319336
0.13789668679237366
0.07652842998504639
0.13789668679237366
-0.018890634179115295
0.12215518951416016
-0.05729770287871361
-0.007643837481737137
0.07799652963876724
-0.12346542626619339
-0.01907992921769619
-0.010934247635304928
0.14618679881095886
0.046622324734926224
0.10326702892780304
0.1927512139081955
0.19714561104774475
-0.05918252840638161
0.15820491313934326
-0.0711868554353714
-0.013621103949844837
0.15274713933467865
0.14755283296108246
0.056933946907520294
-0.11832868307828903
0.13686826825141907
0.17064857482910156
-0.02498338371515274
0.061202261596918106
0.08572936058044434
0.23887380957603455
0.20491021871566772
0.13920585811138153
0.030466929078102112
0.2875257432460785
0.12333475053310394
0.19695736467838287
0.2709197402000427
0.179160475730896
0.13683295249938965
0.18415242433547974
0.11737231910228729
0.44519490003585815
0.23767022788524628
0.07269486039876938
0.4892762303352356
-0.08106903731822968
-0.07517970353364944
0.14568354189395905
0.030066443607211113
0.06980741024017334
-0.01618470624089241
0.04873282089829445
0.22556030750274658
0.141302227973938
0.178566113114357
0.08571311831474304
-0.16517138481140137
0.20587612688541412
-0.12377867847681046
-0.12835989892482758
0.2756178379058838
0.14697012305259705
0.0959862470626831
0.232561394572258
0.06123863905668259
-0.0025505356024950743
-0.1279117316007614
0.17267465591430664
0.12206902354955673
0.2079954445362091
0.04371297359466553
0.18680714070796967
0.12236179411411285
0.19309377670288086
-0.09398028254508972
-0.058794405311346054
0.21540866792201996
-0.26027223467826843
0.18369366228580475
0.1630697101354599
0.10327232629060745
0.04486498981714249
0.03103763982653618
0.05385508015751839
0.09502775967121124
-0.054203297942876816
0.1792713701725006
-0.1098753958940506
0.33902737498283386
0.2033432424068451
-0.07741204649209976
0.07008640468120575
0.03658263385295868
0.16936835646629333
0.13366755843162537
0.09378357231616974
-0.07741204649209976
-0.051005769520998
0.19802603125572205
0.20426711440086365
0.22393576800823212
0.18338324129581451
0.2523169219493866
0.08686018735170364
0.037418924272060394
0.10652106255292892
0.06503406912088394
-0.04480035975575447
0.09034872055053711
0.14126619696617126
0.17102468013763428
0.1900230348110199
0.08872488141059875
0.28860360383987427
0.004830549471080303
0.13345496356487274
0.16988573968410492
0.12062564492225647
-0.019174575805664062
0.06490445882081985
-0.0042792633175849915
-0.1277492791414261
0.0431542731821537
0.086046501994133
0.1331431269645691
-0.011602076701819897
0.1605311781167984
0.1765340119600296
0.16438452899456024
0.0235251784324646
0.11207842081785202
0.31885015964508057
0.24855998158454895
-0.09465058147907257
0.27860134840011597
0.20807631313800812
0.24792605638504028
0.1669703871011734
0.2523423433303833
0.09536326676607132
0.1307642161846161
0.04053522273898125
0.005179473198950291
-0.14150458574295044
0.06368463486433029
0.2203575223684311
0.05343305319547653
-0.44695189595222473
0.047689225524663925
-0.09374967217445374
0.03969293087720871
0.18714794516563416
0.1917891949415207
0.16149461269378662
0.047169726341962814
0.19620583951473236
0.06283916532993317
0.11628033965826035
0.1612703502178192
0.03604229912161827
0.11044787615537643
0.19105002284049988
-0.0729876309633255
0.15583448112010956
0.2899021804332733
0.18459105491638184
0.1896444410085678
0.1608380824327469
-0.0892426148056984
0.026082424446940422
0.24002017080783844
0.09591913968324661
0.11187959462404251
0.1510901004076004
0.026666907593607903
-0.10709954798221588
0.1550123244524002
0.02507520653307438
-0.05206384137272835
0.16963393986225128
0.07836487144231796
0.28033432364463806
-0.008472002111375332
0.1230398640036583
0.25559109449386597
0.10288278758525848
0.1976138949394226
0.16389505565166473
0.35484373569488525
0.021228564903140068
0.19256332516670227
0.17779549956321716
0.005649178754538298
0.30952316522598267
0.24754251539707184
-0.13176508247852325
-0.0712670236825943
0.1341259628534317
-0.05833105370402336
-0.15894125401973724
-0.0839296504855156
0.20458954572677612
0.18730615079402924
0.15683181583881378
0.16102313995361328
-0.039696816354990005
0.15073376893997192
0.14555040001869202
0.21596667170524597
0.28858065605163574
0.11813974380493164
0.16224366426467896
0.20887093245983124
0.048810869455337524
-0.10709954798221588
0.20982800424098969
0.11587738245725632
0.06241713836789131
-0.026705754920840263
0.07790470123291016
0.09775664657354355
0.023402631282806396
0.08254949003458023
0.07802937179803848
0.10319957882165909
0.06063614413142204
-0.045142222195863724
0.10121763497591019
0.17420491576194763
0.23813287913799286
-0.006269331090152264
-0.07627663016319275
0.15145915746688843
0.06591238081455231
0.08269958198070526
-0.018483437597751617
0.21392926573753357
-0.07741204649209976
0.08224470913410187
0.3026149570941925
0.08650702238082886
0.10585394501686096
0.16644346714019775
0.18258191645145416
1.0000007152557373
0.1569186896085739
0.24911373853683472
0.027803735807538033
0.038347385823726654
0.02579388953745365
0.040407028049230576
0.19310860335826874
0.08235277980566025
0.10115794837474823
0.011181460693478584
0.01305675134062767
0.27140673995018005
-0.011948175728321075
0.15495581924915314
0.045552242547273636
0.06805077940225601
-0.502382755279541
0.15052928030490875
0.13611285388469696
-0.09952104091644287
0.03586077317595482
0.020567093044519424
0.23946358263492584
0.09256904572248459
