0.059530614726874216
0.06092968084946933
0.0004586644833767631
0.00020136650585524384
0.01701211897965976
0.2078315416521638
0.0019304688059298399
0.0014666871668246677
0.45754971385014814
0.1773586101663593
0.002156836643254103
0.00023713498960438703
0.0011611431973701735
0.30533630358642666
0.0003602979800024942
0.05513285270983761
0.015584071961853714
0.0001148308540395411
0.00017250587378196322
7.147095826988032e-05
3.400715845372965e-05
0.002828332845098634
0.00015680174918517774
0.042776055550227
0.0006635142391597212
0.0009536039655495484
0.03627220361557821
0.027658387696102224
0.042776055550227
0.3821308281820355
5.509459706442361e-07
0.0300177449910481
2.239676745612803e-05
0.0015639333417669136
0.11729001358141293
4.6633997374135204e-05
0.002909617844462839
0.0003748264023731086
0.09225999544966303
0.0003657978218136837
0.013221158620135856
0.017534959509769393
0.040579278512733505
0.0002782032700473344
0.008339538291458545
0.004584386940557871
4.801065547088474e-05
0.007870258559188315
6.736515206789955e-06
0.03717103570524512
4.126935140996066e-05
0.00011241552928508573
0.3443180818628392
0.006196641004858744
0.03200476096694694
1.3039716471541355e-05
2.6861682162223054e-05
0.2724753799092465
0.12133315202830733
0.0026139437000772866
0.002768428425401634
3.7700929323590055e-05
9.401406941979665e-07
0.38816594223156187
6.196617765283356e-05
0.14099937954613767
0.002508255294767439
0.0001139085524958271
0.9132258484149808
0.00016338754395986524
0.08798609913104431
5.831925228421983e-05
7.641203478196305e-05
0.0018827072181192514
0.0006515791464336714
1.9031831312706666e-05
0.5090427483646857
0.06697086806358502
0.0024734395171466124
0.0040721595266992585
0.8221048628491495
0.0006097278076812156
0.00011138151839770367
0.04545361981044955
0.015447250427674903
2.5405870505450426e-05
3.3424629668461168e-06
0.0004247870875580301
0.003965811998374436
0.808180573702052
2.712425595084228e-05
0.0009298580505491578
7.897755366701936e-05
6.813555420950244e-05
0.007226048931030202
0.008876475240912132
0.00047889022799496014
0.0003996019785036304
0.0666879511087599
0.007150630989164695
0.005850539170194887
0.004295340398161588
0.0006079837080301663
9.220462630092551e-05
0.0002831606818286908
0.03224400560122699
0.30533630358642666
0.10952694244930726
0.7359150481813747
0.0014997420577915874
0.044109954527729284
0.014090703918095313
0.0013434234689814666
0.0006686185372160808
0.0032931691509736107
0.0016027382475181631
0.8132019915274702
0.07760058479520998
0.016620922125958667
2.5878376889652986e-06
0.002427662292965471
0.00020019431549338584
0.08462431901702042
0.0014861272155921087
0.002868457978678781
0.001161677583627804
0.009618956916409339
1.9724533797915296e-05
0.0007734442188131024
0.030849399225724362
0.001773181350586742
0.09020442321931668
0.055217216725309264
0.00023372260868411785
0.00021165178010080685
0.001488989865884948
0.7643636014185871
0.000785409679693627
3.3411777233242544e-05
0.0012453598602611873
0.024167399886306663
0.00033413733041571744
0.32806333890927125
0.00026617549907634216
0.003982578483784002
0.00019882793797868143
0.00011273519636988178
0.04071772652096695
0.00011684176066005175
0.023053737060182128
0.014451264491581465
0.0008164515875227556
1.6274354798620947e-05
0.30533630358642666
0.00026952380668796163
1.503297759046576e-06
0.002283862728112742
0.047640720073406966
0.0006416125629454813
0.01241440603897616
0.000937944081699877
0.2220154250114498
0.009021688411297154
6.6171687422201035e-06
1.413847098192332e-05
4.101811832010346e-05
0.1922254634107901
1.6332125695173527e-05
8.210854828071007e-05
4.434711067800105e-05
0.15684277378168532
0.0031065592315419866
0.0026173251153889863
0.0004486479177533289
0.0009935594804549894
0.2707325159681297
6.4360795864220235e-06
0.12918150859581926
1.1717523237252996e-05
0.1124375550745329
0.009779270928475954
0.06443418033134264
0.003298984448546831
0.00016336896459472346
0.0018145339171744348
0.008078303616046431
0.14053844575212143
0.1354223044652459
0.0030828781330248514
0.03954225954598871
0.07173625052142063
0.059530614726874216
0.0004074553814307236
0.01583170916495125
0.00023434037621809442
3.280041536800638e-06
0.0009043666952690175
0.0005671769521881596
0.02192756791692875
0.42270437245206693
0.18272404963700398
0.023732325537581134
0.0002038198418049716
0.002990829167536725
8.172219949011894e-05
0.15004738010318772
0.08614831028443598
0.04414308461047984
0.22838529428062523
0.005619184893563493
0.002748625590850217
0.0018686261868612506
2.8426042849083265e-05
0.006225291755680152
0.06511085322519335
0.009170120955785737
0.022412840999865832
0.04242117830981939
0.07052069991406375
0.001977065562264372
0.001661336195402496
0.11264093894026425
0.4494909974846063
0.3864871822586903
0.08809130514317483
0.7588404536517638
0.1607173334154396
4.523384947255848e-06
0.002832676482088013
8.152908338302773e-05
0.00032286625691380885
0.01975675291196565
0.009695570932228443
2.5237508670151054e-05
0.12275838349268965
0.0008482777048534288
0.2832096311728876
1.0432614417188835e-05
0.00035715359367385034
0.007732369651411149
0.046925198324498915
0.00011795598340266744
0.4205395205635633
1.2017163770083241e-05
0.0011430782839201429
5.371439613775243e-07
0.002277319294290578
0.09163901063995826
0.00014665473456037167
0.09797520891184663
0.004636944248670904
0.19093904180781393
2.2501804963434994e-06
0.019518315919045296
0.00015124205996015517
0.02766789846583227
0.0014782646031287257
0.04071987525733271
6.796036172525388e-05
2.9476106672249095e-05
3.963668423360866e-05
0.006440336060118577
0.006381212236054451
7.489731378714632e-05
0.0001180243336083125
3.4106099037628726e-05
0.002022300706144906
1.619424676925136e-05
0.7113822685351541
0.0007134593613940769
4.7335034503347475e-06
0.000601830572024439
0.12048193160918937
4.4093618920224654e-05
0.3864871822586903
0.10583736812615252
3.322660653700903e-05
0.000168620440367108
0.0762799177064045
0.00012608495838795352
0.0030153318965826076
0.0005695161744057891
0.037259760611014645
0.024381273763601413
0.10463390416085304
0.0015258273115860163
0.0060872032690912365
0.0002065535440177014
0.0023107650659559783
0.07034066863452972
4.346802619481192e-05
0.0003516662546824974
0.0005619360848689697
0.14705272801121236
0.2792132202810584
0.00029725503194138916
0.12537091863428731
0.00017530684058253177
0.0003081752687412168
3.382652911445e-06
0.010108926629701441
9.109078243163822e-05
0.1450085336383583
0.002503631174938649
0.9969732063932201
0.2404397799014427
0.002360139371804974
0.00010191675263295439
0.0011191614679045502
4.412155798208903e-07
0.05346803341022791
0.001965635245388134
0.015519854215033605
0.0007002285218849635
0.03578524250624268
0.8881254442454719
0.007397288950428878
0.00018876188566974017
0.000940406525181537
0.0021984005628708286
0.007488128085947177
0.0013870291078207358
0.0802542891287044
0.004321562629236278
0.044124189906152446
0.003393087257204009
2.7221268811763744e-06
0.0007186247454886124
0.38052211104597555
0.1012092287427897
0.05849730382253839
0.05206564346106702
0.04851940029875471
0.4318270117542665
2.352290273666693e-06
0.059530614726874216
0.28589725271304434
0.17881252875340256
0.042776055550227
0.07328562373715673
0.9813273019201783
0.0010153058768927973
0.0011036449147494155
0.8168405184401578
0.0002482676431929767
0.009156975799937041
0.00018937978435217657
0.024369895906109103
0.0002207901027770025
0.0013397607547954952
0.007004811621454264
0.005885994719146839
4.0736682263631825e-06
0.00947144112879903
9.730829047306258e-05
0.45781105391063376
5.9226613832552176e-05
0.00034814969816897453
1.8830629538766028e-05
0.0010214461894935641
0.006260354208981857
0.0022854453694376967
0.059530614726874216
0.01624763140863891
0.084408676908758
0.006232957820318412
0.00033322546974661057
0.02356173787976573
0.9844296594224874
0.013131630736062983
0.0004157908278079263
0.2724204379141164
0.07219684857537972
0.006896266394672014
0.005146349114521281
4.7952323550365134e-05
0.09418112990023632
0.004625212465201684
6.590604496454138e-05
0.10491959656681726
0.07380722202905492
0.004662156461740334
7.84380848373499e-06
0.0021766998643852438
0.3449198474194946
0.00022894578833193945
1.6370867314506887e-05
0.00010268809501338514
0.056257981058913824
0.12454810182400426
0.003725787001614324
2.3396456040202706e-06
0.005746944244033061
0.9907633582961726
0.003274259991171538
0.013280466168620145
2.0083499882998955e-05
1.5143179296066598e-05
0.06871259794939763
0.0035256397632950284
0.0012993397502899847
0.0003122888421879618
0.0014587396867357272
0.11263226192500947
0.007093488497743389
1.7497409701723156e-06
0.009001239043982905
0.00016221401296930682
7.386144075101656e-06
0.022652818666604
0.005511079859300617
0.0024606447899825678
0.1274019818404617
0.00021381558396739596
0.0029731615464876552
0.00023371325342731706
5.596203358349215e-05
0.017858562563853483
8.874855837148377e-05
0.0027616443778718455
0.35127831644850727
0.0007425850445046624
0.0031357229185618187
0.0008285241821229056
0.00021578896027032025
6.009022063444321e-07
0.1120641822874214
0.00022772785630170497
0.0013959109478256684
0.00016367920356246326
9.794203626106105e-05
3.26818595510524e-05
0.001937032407470715
0.00014004983582670312
0.0005075134959280099
0.025705352344432053
0.0006883472291715439
0.41382078007055817
0.12120788368253956
0.04807224303841687
6.784830265235961e-05
0.0017573191483797148
0.06225642856375431
0.07446049757136734
0.0646699369994734
0.00044674944179301534
0.2850217023311183
0.0008560862841513643
0.004980285087670336
0.7675075011573009
0.0013501885145566317
0.08918736959463708
0.023567163812133782
0.053290792503613314
2.1092627171635756e-05
0.5195422501803676
0.0035996077277887194
8.288646994220866e-05
0.0002541138918027152
1.1208827391852789e-07
0.0021089883225954174
0.006953576756121895
0.0001497580131328862
0.0015823360936494514
4.104665768216632e-05
3.0375275084855197e-05
5.7406677584609466e-05
0.00023927023225083662
0.001099605075881194
0.5846418592954765
0.0018082294649901726
0.0042680018313968745
0.09928434892535663
0.055981625956983444
4.9890854436116686e-05
0.11029906251096067
0.0024209498233506445
0.0005344101215272182
8.089312264326334e-05
0.0037258613773630956
1.695394243784715e-05
0.00427861821178734
0.008242743500370912
0.0026727101008722385
0.01759569675133038
0.11056611015241782
3.5376490451792895e-05
0.059530614726874216
0.010149366519585167
0.0008529620946855333
0.0036643339809037194
0.08499099938565939
0.0010208174929212687
6.711373284285848e-05
0.0004957593880765177
2.2638301024477398e-05
0.02990849890689655
0.00012286336933262643
0.0009483770291112022
0.011951336565151937
0.05256355342671072
0.28184992870677084
0.00039172951533370946
0.0017083002840009446
0.08362859607730508
6.620603249433826e-05
0.059530614726874216
0.0023487414631703646
0.0020256329262121203
0.004266942384994312
0.0004530617628848671
0.015584071961853714
0.011051420781189447
0.00013893044000594994
0.34375278513728036
7.390307002719318e-05
0.0009778329731877271
0.871556000945002
0.009802891174107731
0.3148450887196898
0.05603469526868363
0.16830097013922393
0.0028116276788800612
0.007652200055125698
0.01483861618901692
0.0005514131404701029
2.0184822997251503e-05
0.12219366871656324
0.00013894769331444237
0.029681822142089143
0.00652906749416699
0.004220247471323627
0.007048528241034646
0.042776055550227
8.112271202501602e-06
0.01136591688622334
2.607994626635124e-05
0.001990521510818748
0.0007801450890752602
0.00018123565443375523
0.006323313396893288
4.4919052185086604e-06
0.0042332331506451755
2.9201674877054093e-05
0.025297236057073135
0.36835271279493087
0.0006702790515820688
0.0009838384068835903
0.03661741527278498
0.00041043006165235486
0.000137088867905149
0.00016844496372786315
5.082038223719816e-06
0.0049531526279962615
0.0005922857036948393
0.0011498465936347524
0.02978854831058953
0.030309107673533082
0.1694671221928388
0.2541597301888686
2.4086945053619355e-05
0.0002122737006693445
1.8241451799810413e-06
0.0014897579878420874
0.2162145829129126
0.17508018860785707
0.0056729508658822664
0.0009821577247988915
0.023977591110219416
0.00010218964343374646
0.00015556273139701377
0.00011530102855403655
0.01483969615286742
0.032701623029567604
0.6544882657910353
0.22235632800458982
8.887313483626572e-05
5.6432361104524074e-05
0.0006992075456972829
0.004426198815880905
0.9087884690712005
0.14314625068935835
7.446039269324184e-05
0.9541789729327359
0.0002940435850336218
0.36016769848077934
0.0006904565044229483
0.014120683639976274
0.16886617733410084
3.909756205937338e-05
0.006974246686001465
8.874855837148377e-05
0.00021616984454175204
0.034876550850230795
2.0993393325208463e-05
0.0002871947793087824
0.000848626210027335
0.2953248932049394
9.488022245992764e-05
5.1721705150326986e-05
2.0085230314066082e-05
0.004145575618474008
4.642068440423107e-05
0.02363311435069329
0.00041933862679898956
0.0003843490046086404
0.19159539123687183
0.0016524412988397853
0.0001908808221910183
1.3793195338840203e-05
0.10275343902253585
0.011096466838135017
0.0001290546403960604
7.305384731970348e-05
2.5340946553318268e-05
0.40545082521114806
0.03103020643783491
0.0014792919910188865
0.010690489961029162
0.004316661290707522
0.0036770293849675236
0.0011178862385694236
8.138220439405013e-05
3.5019053407476508e-06
0.059530614726874216
0.06192663856650596
0.0026292975125658305
6.873257968103576e-06
0.002689131986417591
0.05446974744474084
0.09874068878125862
0.996242934464468
0.0007490889589242662
0.0004698608022565719
0.0005931377606662663
0.1354622500711566
0.0553858664169059
1.750910297581511e-05
9.216010139881518e-05
0.014279218229739994
0.004800419812942349
0.30533630358642666
3.589481466610771e-05
0.07926667617659178
0.0009862975862258057
0.0025567224030036777
0.30533630358642666
3.6416749106080476e-05
0.07569294709493411
0.24869125582512963
0.029060854119387244
0.0008941504634015264
0.048561147709638784
0.374115564040779
3.033595969101011e-05
0.0008357937121068613
5.672543726987e-07
0.14436882199435475
0.3864871822586903
0.0012210605570485427
0.0011435711689762645
0.018367484803371706
0.09928434892535663
0.012625524982579739
0.0032931691509736107
0.0010628158928133408
0.0023392663658213914
5.669828282188159e-05
0.3234961997638475
0.00591284226607797
0.0830666865958784
0.39215674253399163
2.3145778168260924e-05
0.002338516546360423
0.0009254161979354217
3.332730305306464e-05
0.0004275615186535609
0.003756796326337212
0.011039788320820467
0.49285082610625564
0.01674950310695698
0.41382078007055817
0.07536004217604443
0.232946330417899
4.3654063928085386e-05
0.1887573879946725
0.12581739322317562
0.08609363688135163
0.03143056712987366
0.03582216645163903
0.0011846118936705977
3.71461713385335e-05
0.004448491023064399
0.005764529562137565
0.21917254234708655
0.008340417743886025
0.06516187079209984
0.34765127930666434
0.022175207917860096
0.002735350568882194
0.00048357592931166286
4.6633997374135204e-05
0.0722571400287537
0.2391738906681838
0.0004671796614321294
3.3813025946074814e-05
0.3730989431477286
0.05153590533800549
0.058633543407284806
0.00012567864588736692
0.0004550810120046277
0.0014225129848400094
0.0017669044104349405
0.0026717812200474566
3.205534878642089e-05
0.18968801466775154
0.001757104064905603
0.13835583694503967
5.9296078800105746e-05
2.109548818894812e-06
0.004101781125852593
0.0059695058616122025
3.290785384841898e-05
0.003439660698256794
0.006421885745061277
9.99151843064663e-06
0.0006426794702382026
0.0008192211515532219
0.0008975684837055681
0.1626842180444672
0.030083462376790146
0.008392180467197136
0.0001543401217383789
0.028486673338871747
0.005828563118231876
0.0034976196908448635
0.6151038381945277
0.0025170917865493746
0.000168620440367108
0.0020888241011769292
8.650037834452919e-07
4.0583944057829755e-05
0.00016848617348835015
0.026876943386972753
0.02726286166088643
0.059530614726874216
0.006274167580805408
0.02579902195515438
0.024348516725358805
0.0036153534701634225
0.00012008687629186619
0.0009207322744089521
0.039943349540040494
2.7582044221909894e-05
0.2078315416521638
0.0012354427051702998
0.3864871822586903
0.1709161016705969
0.005662703799554665
0.00036854940393310287
0.0014295482545306165
0.10190541932529606
0.0006654995354004385
0.5140858923022467
1.029719873712189e-06
3.2658846639366014e-05
0.0416474056609958
1.798515549141963e-05
0.006933594627053847
0.0013497301361174948
2.0474382402985953e-05
0.0005473054541319989
0.17300355428459216
6.547668676515345e-05
6.396118923939535e-06
0.007892690658062288
0.012365030800515896
0.00027151580607218096
0.004946519896645008
0.005206011987899387
6.23703480619097e-05
6.371595311778307e-05
0.003052173772187208
2.8843169974618652e-06
0.0002457693233215292
0.00022331012043252534
0.0018698220276620304
7.857834993663831e-06
0.005810133786928147
0.0002825643352098189
2.0154245255698053e-07
0.0008492992056349487
0.06530171771723808
0.026422448341163633
0.028421938925408136
0.059530614726874216
0.08190329507162233
0.00015306377035531827
0.06209209499711459
0.014475816415871832
2.3109856240813784e-05
0.3158505779646231
0.00010522764650339624
2.3638446465122627e-05
0.41382078007055817
4.261660435989303e-06
0.42049842598056814
0.009071190484890121
0.01943532657258542
4.2688687401344676e-05
0.0012426789525895622
0.0020622579696964777
0.028614146377681466
0.16902109525736003
0.1320626656266976
0.31608440226220275
0.0025577722901407238
0.0015047226682782817
0.35993626166805054
0.9924485047910202
0.0001379966921161035
0.0003595411076687974
5.2103835332127104e-05
0.00025299038666355423
3.126720483108156e-05
0.00015306377035531827
0.0007246867770309151
0.3148450887196898
0.0004985741254653677
0.00051974935578859
0.01729545187911124
0.015412956446059565
0.06593058122695063
0.5263237218378286
0.0029663924207381843
7.819076980772996e-06
7.935286355968786e-06
0.04973047810246134
0.012385127640770136
0.0009595987907922168
0.007877098330241477
0.03352323117564492
8.461252939400661e-05
0.00071729577442906
0.0005438459909146529
0.012074693057816489
0.0003751176102421228
0.0010117340923056373
0.16628518683609497
0.273104243418959
0.0006747628134147444
0.0075555521503130685
0.019608932160470098
0.01662399228225905
0.013391090652228552
0.06826779459990491
0.0002655608791054014
0.9783678950733135
0.000168620440367108
0.0005038007121744878
0.036264276419784386
0.004199582204500406
6.69027659731801e-05
0.00047225630173551716
0.00010712428638527227
0.14419286436084747
0.01927214571347525
0.004368694937592527
0.003582036865158898
2.0037641638213747e-05
0.08962089953909971
0.00020795346639401865
0.00033400825118714823
0.04991754127097012
1.1809335355908704e-05
0.0001068843502780238
0.3864871822586903
0.006829711990315268
0.0020209094832830906
0.0034769593202308093
8.7824857910865e-05
0.15804884159765026
0.0015044839197931972
0.0013122757680614132
0.8936543219759372
0.004805662487195874
0.00010099593743845175
0.007167714096100379
0.004464949746754911
0.001069106472404964
0.00040403115343291693
0.0003240409973846079
0.23990732601436332
0.5607819325673453
0.0055523306546834865
0.0001377870440170489
6.423965202822356e-06
0.003999559469785636
7.023410659434226e-06
0.0001917171704913686
0.09542592719701605
0.0013545622282594635
0.022588559884888015
0.05698616766886659
0.25867258389749626
0.1371170307430575
6.674044789607095e-05
0.0001815774856082616
0.5671175414289111
0.010199060711099725
1.1032251587347879e-05
0.00034840572910665367
0.0032270104069481035
1.5136995281884607e-05
0.029763770694371854
0.0007076580529899048
0.000333992309363254
0.0002563677509450503
0.001478710974197763
0.0016454560404285242
6.277315723649441e-06
0.15647993577147817
0.00010232518536697482
1.2943409785877086e-05
0.0005589686906728842
1.879887703943747e-05
1.1067801927492182e-05
0.7918025469994986
0.003307850783889402
8.869101334172312e-05
0.0007144388363802488
0.0033293325518793868
0.0005510012760180505
0.0010460748210608783
0.0036615025730884205
0.00047884499634837183
0.004239081089612841
0.015700449724385893
0.004834672759661814
2.428499015699228e-05
0.005262893814470767
0.6374560085522291
0.17670081332461057
0.012340016301035676
0.05846208469054335
0.00250498789118348
3.202592781526699e-05
0.001974015223953473
0.6166589264521256
0.5835560311853122
0.052286974498075574
0.00031076288614175347
0.0007281981167501472
4.0101853248554156e-05
0.07440790575663733
0.0016006494314264913
0.09858074221803233
8.182808126563601e-06
0.03149821129049924
4.128330779189363e-05
0.048117060605601315
0.26312834687462805
0.00021843021739092507
0.02343538957014746
0.03664676268422498
0.23411858547966385
0.0009306715207292944
0.22667096078347607
0.014798406654116851
0.0003929471267788199
9.277728605074807e-05
0.0643957119816834
0.0024466794025220302
5.4244451422416725e-05
0.0007291995081011608
0.0026900848819825718
0.0029087962139340913
9.291931254671218e-05
0.00022621147409306378
0.012936866996298962
0.00046195488165734467
8.846337604559596e-05
6.391918951435738e-05
8.701498805194545e-07
0.0003142661238005787
0.0003471290425664179
0.012506300890451943
0.0038167790853808805
0.0056015464166166064
5.9053625371031224e-05
0.004143052438683399
0.33324373338219515
0.0013728133142342403
0.00013710641265466327
4.6633997374135204e-05
1.3793195338840203e-05
0.01577692571373706
0.02015625933208121
0.0003602304531177358
0.012858180718238224
0.00015809531016057753
0.004889043530389092
0.0022971696920167576
0.000766573146994195
3.1364404054875184e-05
0.0041897063174582095
0.0002541138918027152
0.0024790666603961378
2.226041859557048e-05
0.000785409679693627
0.0006537404147633706
4.394118558905402e-06
6.893226653088362e-05
0.21109790444194565
0.0008074182564746749
5.16077727719584e-07
0.20321234041521133
0.00038316036240109997
0.00039715366991152927
0.05984491964659779
0.28973391102479146
0.0006373850360592001
3.2202635792829064e-05
0.00124716527910323
0.006452155509047164
0.0014586312706756058
0.008573960392862148
0.04138485693630445
0.09453363457757341
0.29344910604475183
0.11453463223683316
0.00040854032892269625
0.0007303516327486656
0.004443509479966435
0.0014423193166836882
0.16755511987182
0.00018845730065782392
0.5746153779158683
8.303946190661918e-05
0.0003167092447424912
0.0004629720982558437
0.00015013666788050097
0.02279425476134608
7.894293775965131e-05
0.05016165786652393
0.049043270431706275
0.00022134308297182587
0.00042408034308008834
0.019105922676402792
0.0001894468886474533
0.14316381362479236
0.04272328840457825
0.030841175459546726
0.0010800791103005168
0.0003233577139089236
0.11081090941942118
0.004555796809469003
5.849935190667347e-05
0.00013513080682792195
0.006222822667343195
0.01289224061442483
0.052820077482598767
0.009680208026780018
3.3143990179501153e-06
5.4871457636785337e-05
0.00621502463821025
0.0046908272637040446
0.0768674255019663
0.0020273465994204904
0.00644418448052366
0.010301276771499062
0.005786618926369865
0.005557361626178753
0.0026048696255743537
0.00022846652814358838
0.0028183371175082607
0.18247813869736695
0.00028746074838530595
0.00458912880255948
0.002111427800524557
0.056337260477742186
0.0003750628484741206
0.00047742853469406567
5.060461535665904e-05
0.21066177064681754
0.015768679564888945
0.00044943346788357396
0.002204144981987539
0.0005141809087608614
0.015228221075280362
0.05538149060482771
0.63734570675212
0.0005512375181103472
2.42855720144386e-06
0.30533630358642666
0.05571574967528123
1.7165140638836618e-05
2.673996546246784e-05
0.18789843063245978
0.008153955177035039
0.001522529947865013
1.0510453760354103e-05
0.14891874140529177
0.0003020927197509771
0.04325283254449565
0.000785409679693627
0.0006737059316931741
1.8379918161542212e-06
4.572874137334144e-07
0.3059123738373749
0.17670081332461057
0.0022452815324898504
0.02023248165116697
1.6310205687319012e-05
0.0017012820344660122
0.00010857038030547319
0.036172059817420506
0.0571880892001268
0.00019367916602239037
0.004531129241381172
0.006613400267161102
0.00034872899548806934
0.0019484229717915743
0.02919239893900118
0.035192336756650906
0.0241865128216712
0.003647082770786643
0.03193776963421026
9.53805896950641e-06
0.000342355005475998
0.000935685938374521
0.04621493650315287
0.00012054808170891479
0.00042934945103429367
0.0018686261868612506
0.008462823905666588
0.05688726983936542
0.010572354226253293
0.03235049488646483
0.002193757557663824
0.07827194553526756
0.00016245127510517996
0.21081013790851724
0.9454990926961255
0.004169235966390389
0.00014463290618756786
0.012531808741293919
1.776862209822426e-05
0.14218942137004129
0.4276241132663998
0.0004810303959946787
0.0009730458795395293
0.0002573536376337024
0.023109227430738875
0.012524689186859797
3.3739478185800166e-07
0.004169235966390389
0.0029592388259927133
0.0003734416203578755
0.9381711854434273
0.0009249452875323461
0.0010220922559507604
0.5002164257760365
0.000168620440367108
0.00028410626222402364
0.00010675135845373648
0.0024912682467925504
0.001832634852734764
0.00015306377035531827
0.011985677177330768
0.002229916528666068
0.011850580974001202
0.00013732579488384705
0.012020122241971826
0.16103886793772712
0.03007288843021246
0.0008224408753860091
0.009102405916703648
0.010808513782452647
1.808113191520721e-06
3.336393479878174e-07
0.22527195434800223
0.0011567459352327775
0.7928329257740019
0.006067843191740186
0.003221223554018614
0.001793504349073924
2.6658279894723434e-06
0.8083823758590696
0.21146019034628105
0.012884960650852291
7.144762602535556e-06
0.00015306377035531827
0.0055537920565433595
0.12365640607577433
0.00029572423797421843
0.00018342364790515636
0.08161729676916159
0.001353260885808781
0.04614093566411192
0.0028928026301144223
0.09124750788976066
0.0030682841655684267
0.00799250897488681
0.9123189026072661
0.9536653055670766
0.0004834543692614569
0.0009033221123585685
2.3758997286946367e-06
0.09446060738469819
0.004674939764416322
2.2786308322817262e-06
8.959386427102187e-06
0.004367761860017031
0.06451930908805557
0.0021604299944768786
0.0
0.01975905273135713
0.0004877639367953837
0.0003863380604385392
0.00023962844241076991
0.0014232068476247861
3.69181035976784e-07
0.003895888768958134
6.56842583469275e-05
0.03802967224918101
0.0012353755571588697
0.0023499666812261447
0.018491313197338807
0.004807606049082265
0.7325849246242949
0.0615341099439115
0.00459783985812562
0.100787904814627
0.11557082304477032
0.000235578534255244
0.16402590992174043
8.932298133948841e-05
0.2543374187488927
0.0015889759361616374
0.004421602907543028
0.000670960090961885
0.0021957745626877165
0.04990846509809183
0.02514700916850134
0.002753623687798221
0.027193652578550026
0.2600894367822301
0.005756128133513019
0.16825674198236204
0.000292974375356828
0.01583170916495125
0.09080422656186035
0.00021345617889927316
0.00015556050187319674
0.004328066193926655
0.059530614726874216
0.042776055550227
0.014845693775943898
0.04112762409585131
0.4475341552137325
0.009505703401631193
0.0007422351404138513
0.008614000192511103
0.002590676914116787
3.8509273784755094e-05
0.0008795113808749226
0.0031439653369648526
0.14215159465693572
0.03033850544598165
0.003016583694059579
0.00011596907695030461
0.0007032869039680649
0.006663379837724238
0.0026830215173774597
5.3634468437515105e-06
0.007203164515690346
0.00024226968495932362
3.314078079909238e-05
0.0008758062328761724
0.0001219310203596848
0.00011058702831411394
0.0720960892537839
2.6133908393049758e-05
0.0008795113808749226
0.00035607989580532036
0.00046215958983107923
0.6448147143595032
0.08677293600853828
0.00017020547150844163
0.001397395548390879
0.08503770455805404
0.013290630698850364
0.06942479960218499
0.7245790313610779
0.0006991778770012605
6.607799516742206e-05
0.0009584207278937689
3.0123406630801574e-06
0.21550321687982305
0.000168620440367108
2.793220332361508e-05
0.012804489354821041
2.881990478429775e-06
0.01803823385543734
0.0042366964025958055
0.019105922676402792
2.7204633563157062e-05
5.193166290546728e-05
0.15035790235160074
0.07376299387219301
0.0010372689888744394
0.00035088096684917204
0.0005170289287144046
0.0013130023888170438
0.010367336425577146
0.0014063904675122823
0.007555880895785694
1.3998151237443312e-05
0.059530614726874216
7.90008398046637e-05
0.0005970012194280754
0.06197122857654057
0.004943924439480984
0.0003884081951607116
0.010652802207002796
0.0007330327735731081
8.236252455918525e-05
0.0004148955792770638
0.0013319816110407647
0.0008465269020588774
3.3182609871750766e-05
0.0006368550214168971
0.29320901459943877
0.02016807178642527
0.00043209878905784473
0.14177877397569597
0.02031223670174297
1.742649219667054e-05
1.811842964919686e-05
0.8313111834953713
0.0004290810629972889
0.0012274635162981841
0.0010226689594447609
0.002532361197717996
1.2487793661175311e-05
0.00013908000753835395
0.08465163333589211
0.000566277390330174
0.01049432077608146
3.7839247232551354e-05
0.2776949888208455
0.03395059096394616
0.0016072235248441522
0.8838928514147728
0.0011229739827757431
0.12165021747738969
0.1678376936256978
0.003721765348665865
0.005660644593870811
0.004367761860017031
2.5254488752685522e-05
0.0019585383067773072
2.3027220757488853e-06
0.007589748674050707
5.075039540806487e-06
6.082048417515848e-06
6.958347692211535e-05
0.0017131392541510286
0.001133103306930524
0.03308556789803426
0.00036825764232614717
0.000161297547532055
0.0003109598711284095
4.801065547088474e-05
0.012897643231511135
0.042776055550227
0.003103826680521293
0.04750690527796219
0.00026815304298587867
0.052471635259953193
0.00015783212434581246
0.30533630358642666
0.29457241766707437
0.005324068917022953
0.0009961373345812948
0.9978544270516669
5.795276155625375e-05
0.0015926163842535411
0.30533630358642666
0.7946822118523451
0.003027954090661728
0.0004464503650164117
0.00011055816836692707
0.02492177981638476
0.9741524324464192
3.6235447289411775e-05
0.1667947954775078
0.30670683926505415
2.7975233565891177e-06
0.4154543568926275
0.022322771268645167
0.01008069275611766
0.18681581070506387
0.02190874222583533
0.04410898088156355
3.471891936025968e-05
0.8530276860115351
0.00402441356012744
1.638920624080564e-05
0.009451048650772242
0.00015306377035531827
0.46616540058783146
0.00031202164905914654
0.8474133960105308
0.0005463836844681498
0.0007754841311013109
0.007035456761476271
0.0013545512700770426
6.661488053181479e-05
0.04879487501564634
5.099624287275809e-05
0.09211561230330818
0.042776055550227
2.3881109367431592e-05
0.01744637449569035
0.02602290461659728
0.0002224158336570349
0.012263378969934824
0.047221485194488766
0.00018553465723064065
0.17202023880521106
0.019103136033928447
0.0008065736021052024
0.853229965665523
0.01474053532698815
0.006430557164648447
0.21389097820360814
0.004304274814126859
0.00044052242548825373
5.327077736486499e-06
0.0017354213191869631
0.7623064250968566
0.014415130467930689
0.004224279616148872
0.00409883873729618
0.008304026319524767
1.4664259160189058e-06
0.21105127387845257
0.084408676908758
0.0001852743712540428
0.04623202940250689
0.0006640695508827193
2.3103426323269624e-05
0.21244622158968
3.373705455770885e-05
0.0006662080285245112
0.0002251331277402356
0.0007395270704389916
0.003015118561754627
0.000785409679693627
0.0022409672727554722
0.004197028714843526
0.05874451295706306
7.53945207087023e-06
0.049256539976898155
0.00016799538680758566
0.10487768874679478
0.059530614726874216
2.093815432253305e-05
2.3132635999682703e-05
0.09846808277663309
1.4907894405375939e-05
0.00018589825904947782
0.19411118847666933
3.538646137775231e-05
0.9141502825492279
0.0914700587823102
0.056525297292416704
0.0005118939127743441
0.5929100177695587
0.02210971062837774
0.06991053339508937
0.18046583216905202
9.959766170390784e-05
0.012122877351685142
0.24918950899172065
0.16241225367639534
0.14719908083256913
0.004177700346275651
3.9938562487034655e-05
0.006250877013257527
6.570125152153912e-06
0.005390769275043432
0.00018937978435217657
3.31741507960921e-05
0.010503356846675145
0.00032748991043696365
0.009476662819298983
0.0009420790469176245
0.00019389050447937158
0.0008077141856882427
0.005123894632976831
0.01396203433902636
0.0023673988179295745
0.00594326730984029
0.0030148774817413677
5.521686989284744e-05
0.03010467368751187
0.7706793344687697
0.07824323602993616
0.15133183203116196
0.37502826965569636
0.000682622336603296
0.016082728949124575
0.04425050650698754
0.0574520629548385
8.708945749445164e-05
0.007350778693789625
0.014185749130440687
0.001026855101705942
3.9535324689228385e-05
0.0028916391975552704
0.1091724904796387
0.03855985056476191
0.055202037544281
0.002045605029709017
0.03326330122339934
0.029880708956277223
0.06840899940705207
1.0
0.006382309453213443
1.3093238362915096e-07
6.201345667260021e-05
0.007365201060772396
0.008937082849506608
0.04970120903036802
0.01376189223006905
0.00011863222129164897
0.000168620440367108
0.002141766810897232
0.018859765527390528
0.2153991076185459
0.0003171995359735186
0.003488833326918683
3.7998939949736875e-06
0.00026291191336976914
0.0486507641917823
0.01222878188965678
8.7793593575248e-05
0.025067530170861222
0.16829831406232737
0.025008268320329156
0.016978945996790794
0.014166103674041058
0.031147021595052653
0.0011093209035142
0.0027013867316563857
0.007354509605174706
1.7631655747001703e-05
0.00295909380494025
0.18094810410892267
0.003061539054559155
0.12711373781006313
4.1254608137268755e-05
0.35310921889349894
0.003282153612959644
0.01701124232506609
0.0003253910396300387
0.04827420560457295
3.2834240741602715e-07
0.008898350570857999
0.0003406470445116558
0.0015047226682782817
0.3671373636316083
0.00021378699360315428
0.0008069126645900013
1.2332874543007924e-05
8.05310508897908e-05
2.1823583112466178e-05
8.600510017054817e-05
0.0026288060264266135
0.1691097903195689
0.08503770455805404
0.010699248113464429
0.005985336005306828
0.006338579777075282
0.30533630358642666
0.11744089516309617
0.00044148770729666233
0.00012626091590488438
8.846641431824856e-05
0.007273311338658598
0.00017107602041270385
0.009104449267995914
0.0764953434488523
0.10348144284067974
0.002241627561534534
0.14264322255306564
0.19345853964913023
8.950751450848667e-05
0.0003984160175534909
0.015703596354810407
0.03584673889337733
0.04568913773009524
3.4677403586699766e-05
0.9975163591967874
0.0011294367457230644
0.00015821663705796606
0.0003326301140272129
0.0002160757528078537
0.7708579183356128
0.12745244730149644
5.574586449157407e-05
0.005247124290508682
6.719259678336612e-05
0.14386227231790705
0.11029906251096067
0.0013041874636707236
0.5184878174959919
0.08650812663412878
0.018395860433868507
5.8428356873755276e-05
0.00019767974778497126
0.018428205257929837
2.6201610028577103e-06
0.003006842569345878
0.09580176207787999
0.5732423950652686
0.01727136439523326
4.688124865103163e-05
0.08429820350817532
4.357709071120687e-05
0.000445338371797613
0.008452917708758122
0.06628834583184973
2.7404318022277794e-05
0.6135607470483054
0.30533630358642666
5.118959475108219e-07
0.004507664741831462
0.030440863263294007
0.14976358276332385
0.012979835195335281
0.001535814179369326
0.9519677441510047
0.07639976198502675
0.853818003184286
1.5554983638408335e-05
0.0005410276979453364
6.704871235088784e-05
0.03523087971521173
0.0003033679490861037
0.30086132135624555
1.1508173751401624e-06
0.0005210981448376269
0.00029665224447593473
0.18086816813176032
0.22528942775275435
0.2283894574573339
5.7772228415280134e-05
0.00014811290142490197
0.015903643337418193
0.000920115526918552
3.625687913355472e-05
0.003308882485106686
0.0028527029101913792
0.006867771389932672
0.9389529076707152
0.21515125684746755
0.03972033980274618
0.03719600357416185
0.0017922735353505246
6.484268596626087e-05
0.011958726576854317
0.00042881733801663347
0.0011693155533515592
0.0024569437221581233
0.059530614726874216
0.0009636060465541977
0.008491698483192764
0.042036409012990175
0.2493645414748482
0.08345521991179278
0.000168620440367108
8.79530877482374e-06
0.0013978648850124366
0.15639189726760327
0.0008795113808749226
0.12354651462462403
0.07153597038599538
0.07360653900556108
0.024506622313938388
0.0002665848571356069
0.0002697783512764294
0.038604824810639704
0.00014831371886099508
0.008274543679450642
5.348622753098118e-05
3.434095678507176e-05
0.07119600000412522
0.068634057158695
0.006111761255354858
0.00011265180780751019
0.7129073341707526
0.0033588571594606554
0.0033907771790885628
0.06681370441238799
0.17297708304630843
0.006127095249853918
0.011054178512714428
0.0011036092423683435
3.584369955389122e-05
0.007992433433373953
8.851958773268175e-05
0.00386105527172318
7.412054331768396e-05
0.013166053418033563
2.632830945905245e-06
0.00012321854850593268
0.0015047226682782817
0.30533630358642666
0.3315960703995058
0.00035406125871170557
0.09675674855732778
0.06954823256897366
0.00010907774998037991
0.13432917960450624
0.18638898810085405
0.16492699146979026
0.28045399615804245
0.4138508325361182
0.0003285186972440294
0.24778851795946455
0.00019703726605234338
4.5547177373597245e-05
0.0535611378585207
0.0007141126555886148
2.0460777571785576e-05
0.03035544353186487
0.2619618516200659
0.0009503459463664925
0.00010323102777898087
0.00021432288078204723
0.059530614726874216
0.001410245882501889
5.882900847402525e-06
0.19621839752780534
0.28779891424030296
0.0002722990538183535
0.269916384115429
0.0015464621519665584
0.0002647403851966387
0.03159333017913493
0.0001632090946221977
9.795056819697517e-05
0.24225028427273998
3.6907335421142464e-05
0.0037782048843425127
0.009397326511183152
0.001002191030910373
0.01338593237929495
0.0014672880016352759
0.024484858897344905
0.05698314600835224
0.00015844624886701613
0.02134486120418418
0.28045399615804245
3.7843274013951046e-06
3.0264556640661353e-05
0.09912555133921482
0.0006282667790973576
0.015310375734653712
0.0001593444118080969
0.0007752003258342513
0.43702182066697737
1.7991816740274873e-05
0.0003889256486949737
0.9303890591978559
0.00907302120081286
0.0014933087886756756
0.0030346716896385386
0.010797470732406219
0.09656769706159167
1.506109937218953e-06
0.004805806109331433
0.00021340666306966398
0.0036406489187886873
0.025721139588008264
0.29584769270015315
2.767608495362942e-05
2.1199232085188256e-06
0.11742992019367243
0.015598644012945296
0.03702707782962933
2.81379031937329e-06
0.0013635747504185856
0.010663048807024763
0.1793128411256774
0.0008516999801963891
0.0870024553724962
0.005714677759318399
3.909523053119872e-05
0.0006448616640332693
0.0015495123737010485
1.9036156821153735e-06
0.04474863656889093
0.12588330272683926
0.00385438267124014
4.3808032219919046e-05
0.00022140330925898738
3.3411777233242544e-05
0.19527411742573555
3.5199716900000904e-05
0.00015340032644732944
0.41887383207025014
0.3296376464199184
0.0004873967793960802
0.005527676609459069
0.0001519220064361395
0.018965538567173115
0.04097434010753691
0.008076554037304172
0.14152126881275204
0.01849863233058468
0.007899537890005609
0.03286922073565184
2.496645793234175e-06
0.00012501191626172265
0.41382078007055817
0.0004551417774576796
0.008176086975080116
0.005095611330995748
0.30533630358642666
9.906678002456485e-05
0.12834912692435252
0.015546053130826548
0.2537687497009821
0.0006367618185781154
0.004437629832215594
0.0030400871301298057
0.001714880672544677
0.0013134018961697706
0.006487375107347841
6.62428269233445e-05
0.2426610211977672
0.6011088794958451
0.0012906847679764457
2.752287076543975e-05
0.015554170579319421
0.00514968832917302
0.013574078309488034
4.223123428745217e-05
0.0032596797797313443
0.514801242450681
0.053387097673784266
0.0016295134004994719
0.011664543677889274
0.0002037729343725078
0.03284937103738411
0.2078315416521638
0.3798106405604238
0.0085502711339964
0.9986930311055262
0.24821938436614047
0.013184665541146185
0.9640640555220529
0.00015648584168956333
0.06925225159548033
0.00018818628965162266
0.002422071987861105
8.33689663781877e-06
0.00044044892406254775
0.00015272355667848308
0.0016787706636341004
0.9667543928262274
0.00020596782042407524
0.016295429601441837
0.015480384240870535
0.0001760039383626509
5.69386415186117e-05
0.00833460571045225
0.03188889707322445
0.0018290640007588737
0.05719272987380563
0.00827913119428709
0.022213271514228215
0.1523142671255043
8.494177225172037e-07
0.2953248932049394
0.042776055550227
0.21526327465231315
0.009759950953409507
0.014247875030182496
0.0002830472238388918
0.003200568079613726
0.0019065139860050004
1.819449336516779e-06
0.00010464652039188948
3.252235023679116e-05
0.011189136689576055
0.000168620440367108
0.11876627753448207
0.20437594084439184
0.024350917266767427
0.13616940816219653
0.010079327413218583
0.059530614726874216
0.0004720955137237726
0.0020671280657476934
3.9377990253592565e-05
3.290952963429451e-05
3.852122650966297e-05
0.010823267692741853
0.0005441352169847186
0.35361867831710864
6.931304879795776e-05
0.0024247753947796154
8.406966948866634e-05
0.4157952300422069
0.042776055550227
0.003008557175165518
0.004479810441034515
0.41382078007055817
0.0009315997603838281
0.0015681474623661905
0.12092830920650562
0.04525704400698819
0.013855859343786463
0.001471402565981495
0.11518112582999115
0.004822310064668533
0.07688090733048343
0.2769116848848439
0.005850469690655283
0.016375516661629907
0.06548176391855243
2.8935346963772397e-05
0.0009306715207292944
4.291661556927292e-06
0.0011637880829315
0.001009073468929132
0.6480250458641917
0.6480250458641917
0.0009978942576373045
0.9924485047910202
0.04896732976122401
0.26236790310607333
0.30533630358642666
0.0022269951238632277
1.2996476642186663e-05
4.697501831983203e-06
3.2106201715561896e-07
0.0018827072181192514
0.01748400722565179
0.021266001460427248
0.44035543592065146
0.24719992833482968
0.0017079938046223864
0.0015047226682782817
5.287608117972552e-05
0.018955166064629717
0.12567660622587737
0.16630063087872388
0.00037905159773121515
0.011284423448240322
0.00017163396967694947
0.11056611015241782
4.135181407786718e-06
0.020659940296262815
7.894043865288909e-05
0.0015299563314069185
4.4598940652732264e-07
0.0013489602655142243
1.5134139159870657e-05
0.0015638231770606613
0.0025219229460800735
0.0002451355265313519
1.6758877318922453e-05
3.277884019407965e-05
6.490918552141732e-05
0.00023542385193290686
0.13395588142629633
0.2406960913219612
0.0674182752637432
4.282532166918415e-06
6.812093149776448e-06
0.1065215242928326
9.430148616479988e-05
0.3864871822586903
2.202861369283113e-05
1.3080469033925351e-05
0.0003338537000132709
0.0021926577758238403
0.02216428517466748
0.1688809051312745
9.481543512077446e-05
0.044098505791780464
0.020815846787468065
0.0001522675534836742
1.4015149535041642e-05
0.00011481077375313689
0.00272139497383999
0.00027252917564919184
0.08536938589095767
2.830148471320934e-08
0.09151448092231623
0.0007876060958105592
0.002083051470569305
0.056445614985519754
0.009848924866388083
1.439580520742193e-05
7.323712729230786e-05
0.002008640049416795
0.00011316965478715177
0.004308355921043772
0.024876822357509827
0.2795200717715132
0.059530614726874216
2.0010238896136024e-05
0.0004110365795628887
0.06955567107646209
0.047106960530549795
9.664416867534296e-06
9.432494716705734e-05
0.026336331016504642
1.8232590171240345e-06
0.00021600395631212547
0.06512317861573584
2.6901132347540742e-05
0.40196497795467195
0.051578424951021
0.0005583728103596471
2.6390261737359264e-05
2.277871730879589e-05
0.11649102685429737
0.001759742771917267
0.00037905159773121515
1.7644193175459623e-05
0.0003381966375441974
0.0004108384288121454
0.002953754838573112
6.320292948705282e-05
0.00020947081035803188
0.02574955065773332
0.20076045316051488
0.19916370329226982
0.12015727097392526
0.00010188645005270945
0.0022705224233558288
0.7549624620085365
0.029614892361696277
0.0027403973947690485
0.47337002409154416
0.0018558617695634766
1.1762237576027516e-05
0.05064613449943655
0.0002513444152045556
0.010364068555687552
0.05252314524561017
0.0009152397769115128
4.824937116885427e-05
0.007273311338658598
0.00012356306093783985
0.02284463442214399
0.014109165890793487
1.1108115165304597e-07
0.00010024933840077452
0.00024576160013445065
0.61342901757166
0.0011230258592776292
0.5368105102966797
0.005743065513761707
0.9579643301637505
3.201842787656494e-07
0.00011444429395420914
0.0003307383994986058
0.016885686735027206
0.027414524770813815
0.0007367024823436035
0.0013669158302928636
4.310973623013008e-06
0.04903915948122873
0.1394976217313956
0.00013734140155056613
4.166060369574411e-05
0.299504543559071
0.0032290283445832657
0.0003465414683223031
0.003995989900150243
0.012858217090077749
0.007503120744721467
0.0004715532294144505
0.03282604829474742
0.0043377518282698
0.11196753391630314
0.28045399615804245
4.594706359965245e-05
4.752121522487227e-06
1.768714065303929e-05
0.011157472671741723
0.012997410254715817
0.0004475598809865248
0.00015458583566388515
0.001527085520765468
0.0004881756263828231
0.023013030443475222
0.0005807092000020512
0.049150893772248266
0.007501977363304616
0.0003756533954166581
0.04044721329603099
0.008597188941760583
0.0023650843099105963
7.235906649570791e-05
0.025001165552897893
2.1540069286428344e-05
0.0005368211548126271
0.0010722454087864995
4.735080749636847e-05
0.000168620440367108
0.10992533906201168
0.002354533911767473
0.08892390318045618
0.5184878174959919
0.003761336044846079
0.0021666983079744336
0.028160255663975217
0.033265330585522564
0.0019650945640044323
0.00022762134918027658
5.788963486170427e-06
0.00012024746029489544
0.008372421232222585
0.059530614726874216
0.00013674684729397848
0.0007017985729577751
0.0037126173647197957
0.16196227246913233
0.00034816596057799274
0.1264408102830722
0.9737599299369403
0.10437980862471172
0.028749419777152306
0.0004855686281543346
4.580008989234275e-05
3.262510869807623e-05
0.0005726421708059554
0.17297708304630843
0.029359239364734283
0.00038572376105272245
0.11272932064508648
0.0016984880476779165
0.015544748407660012
0.012858180718238224
0.0003167370190718718
0.017989103893741046
0.00015824958446548413
0.0055808079398087015
0.004498058379446257
0.007869528324564013
0.012961806886877592
0.005932287211054578
0.02963503863034782
0.0011402239105523237
0.006727770583934905
