0.8595170926136223
0.9019385024040029
0.9053877518009333
0.9516287602588667
0.9315553375386653
0.9061322692229012
0.9377222313618031
0.8233002334398143
0.8674503240439202
0.7982426790582265
0.8002911742102359
0.8817766387607557
0.9159419021753065
0.99873264034918
0.9164928157309025
0.9539190640537103
0.8829039012535332
0.9301255238191276
0.9147682200724823
0.9215394669474902
0.9072312107068333
0.9208650514043992
0.015073261736787602
0.942549484661301
0.8995687749550912
0.8810879939462715
0.7913964315109328
0.9478823644321106
0.8990916684285059
0.8757792040925029
0.9214039756796566
0.9035367396276386
0.864691867060706
0.8752305747530321
0.9183284143623709
0.9197767736320693
0.9321010426799391
0.911673849489714
0.9044140154352213
0.9476047571466901
0.8740136913881735
0.9120956432975204
0.9095950741151855
0.9020457040365755
0.8982461036754695
0.88254677814021
0.9096545922834559
0.9117861524050063
0.9606211152504315
0.8951657252759422
0.957406918037576
0.9393735610360507
0.911358957582064
0.8925787209577769
0.961067532596161
0.9481287204101252
0.9474651872336629
0.8661440919641406
0.9562021447603516
0.8770793706299702
0.8332308438292484
0.9579019411747962
0.9604510485515358
0.9629908127477093
0.9595464142408093
0.9463799918869243
0.9531941864265664
0.9237575775157265
0.824862040828539
0.9243281690510726
0.9328625912141113
0.9429989912893445
0.7992261352768786
0.9425125132048536
0.8984860336534868
0.8986602296002767
0.9399007414715996
0.9071909174857964
0.9641596927100776
0.9279610389641381
0.933781106286909
0.9637763418461607
0.8691787098647232
0.8809170802810632
0.9788509418357716
0.9201137529128661
0.8824377579244249
0.9289336072940383
0.805677704060309
0.898463421737358
0.8994374783004963
0.8776774347241107
0.9209080532572472
0.9538316953110209
0.9134432740111638
0.7942722962726368
0.961119647388392
0.9437418730861625
0.8840385125184077
0.9578412253864871
0.9298306688259638
0.9145399074700477
0.9263703524001267
0.9045077636812991
0.9471102381788424
0.9382087752229383
0.9646570706213508
0.9787231336109563
0.9502351078148137
0.9546576162031618
0.9587501477113864
0.9540387316593054
0.9480187374442323
0.9550978303457872
0.9202840219343466
0.960990246956964
0.7910291958055319
0.9238530977020672
0.9068565864868889
0.830782128465589
0.9079876761605405
0.857911631873117
0.8544391412240585
0.9281967846083949
0.9219070663633391
0.8527589405339678
0.8944333663167942
0.9302911651148484
0.9364468524304085
0.9376313816944638
0.976646405200303
0.9092844512834118
0.9704370074711923
0.9209358255416821
0.9048534514086845
0.9546972470228446
0.629303575857859
0.9198519952393257
0.8242095502740088
0.9350301521640922
0.9149546558471848
0.8120958783648098
0.8747089504208813
0.9389122784877235
0.8689981763808234
0.9307343787686906
0.9500607130276714
0.872128256131397
0.9575423650166985
0.9268498306369148
0.945671194649008
0.9132958679970002
0.9390951365672124
0.9561255213443196
0.9135880145610914
0.8850015709477734
0.9415577691512984
0.9450956975202509
0.8374079459928409
0.9424339193700781
0.9320904716923502
0.9525237219247391
0.9145379225316507
0.8869623746574964
0.9462314630927096
0.9222482645404831
0.9374656286702294
0.8522034139838579
0.9032223799156182
0.9037495708009159
0.8465327227922567
0.9214759828850901
0.9070628297063638
0.9023484290674296
0.7627146700510534
0.8892291549866134
0.9451720003824807
0.9051804516262014
0.944379965763488
0.043534151459361195
0.9247686222148868
0.862339334672643
0.923520160320602
0.9695668432220017
0.9216101053536645
0.9055119577313275
0.8857379371001571
0.8871275828653685
0.9383214626934213
0.9447441715482413
0.9070220454527116
0.9547944439112962
0.9264323284563116
0.9441862620685968
0.9287256612629915
0.9364258285397311
0.9602556606896716
0.966414931621554
0.93693797520831
0.9504039820467719
0.9299356490899641
0.9328709888175368
0.8645312417155916
0.8831095697634836
0.9040617210112734
0.956435570187677
0.9839060042870155
0.9607309328185996
0.8692071708798859
0.900527825121206
0.8430439817220367
0.8625487576014875
0.8531608438042159
0.8979470791679305
0.8968257761504929
0.9434037556347885
0.9603699329312013
0.9567358256383602
0.9113054832097112
0.8168179315248493
0.9569817773924936
0.9310973433879373
0.9496915750244375
0.9161501408949883
0.915620546686083
0.7905113669346304
0.9239039152910304
0.9387711270783105
0.9247299478548668
0.9161805612100477
0.9244316145153045
0.9579408200622076
0.9143085580560939
0.9289589868739634
0.9263246479272139
0.925460247747194
0.897246334333635
0.9272078672112355
0.9308725869903274
0.9019606509284673
0.9667651037510492
0.9653038895534218
0.8997087131370071
0.9700331222002138
0.8413581977887746
0.9253175126554639
0.9389244986901283
0.9365774341306
0.9703619754264681
0.9622182548622966
0.94633291113389
0.9082580657070112
0.9623977009571928
0.8879559674671907
0.9611894326982384
0.9188578839481701
0.9852678634374282
0.8814130135719163
0.9369444307862721
0.9491159485177817
0.9160627358903498
0.892556493627586
0.951525690836571
0.8781370726454552
0.9299158632303607
0.9221116742864794
0.908644106735869
0.9698449930664957
0.9357354105977426
0.9216346925794189
0.9080032973799869
0.9236387247502462
0.8725579264725271
0.8986954868065649
0.8199888532169496
0.7769000111174682
0.8900541921334031
0.9695345227732387
0.9248032259801738
0.9420288242490296
0.9231947433266956
0.9494927840131618
0.9420259547941277
0.9258607330323907
0.8397976594341237
0.942912745841499
0.941030241565481
0.9262883177639726
0.9318979835996494
0.9143612164245222
0.8921553129127541
0.873986223354086
0.9456773877271377
0.934508682819406
0.8943321103102835
0.9418548506877784
0.9399185364912878
0.941517890911421
0.8616429372599376
0.9144906327049087
0.9247201455133133
0.9224099172935127
0.8895901817200914
0.8589864442098327
0.9016060219185703
0.9351213273603484
0.9531971218050809
0.8899397491727187
0.9374686110111252
0.9259830437377318
0.8948691638768694
0.9528615125095259
0.9657127152663406
0.933663929211114
0.9345283976439479
0.9558020917706193
0.8789032008363908
0.9362400355474493
0.9444184058824241
0.9404611778473739
0.9555923549270487
0.9632988391520775
0.9395753851767578
0.9412122843931313
0.9352482220800838
0.8337643914384149
0.9445680914242182
0.9244702890409072
0.07529543086417584
0.9536271127263065
0.8369521941323015
0.8846142117254545
0.9272965161848279
0.6618856873106456
0.9681385642349185
0.8211719722408574
0.9566054177162562
0.9202776902588732
0.9260352580759876
0.8902387569801458
0.9023649229041304
0.7211591338053845
0.8760396247934906
0.8852996782288789
0.9393587870284454
0.8782177528100639
0.8609510671293276
0.8818682146589105
0.8689915633865052
0.9130365230344231
0.8465905745295523
0.9431326487574282
0.9051924491468256
0.9321298165753478
0.9185189941411872
0.8870246668734625
0.8702960542375524
0.9293169454100709
0.6864948691981905
0.8269674156595815
0.8693591055685991
0.9504078556775991
0.7714449087256418
0.9716031354495454
0.968094819443127
0.9362911770401452
0.9060846446506475
0.8987194510560562
0.9230386629087505
0.9600237566425129
0.9189654953194673
0.9879061525396728
0.9211938443549589
0.9573855446117033
0.9111261191945088
0.9601494207922803
0.9465045933765655
0.9568084900834042
0.928945828848929
0.9012622181626403
0.9537208556633919
0.953347258958261
0.9588349407093696
0.9714732669382543
0.9640062199487494
0.9663948309124547
0.9395974166214506
0.9014388320375151
0.9538867689858433
0.931864521305244
0.907208640684837
0.9649973834768177
0.9440737887510479
0.9082096584275123
0.9447308737572637
0.8613377308626391
0.9129415571836885
0.9617504140367966
0.8645022528862761
0.9442513309186893
0.9052198624670739
0.9042731699241554
0.954730464147065
0.9219449667488733
0.9367982868203649
0.9439111491411262
0.9433760098597697
0.9278888083038551
0.9094860183312925
0.9471430768577985
0.9267734869994446
0.9385882068119319
0.9502961623929131
0.9148873606480202
0.9459550855037997
0.9059822621334007
0.05349327797618304
0.9496869938374578
0.903776222130467
0.9706498839881196
0.8851281686321838
0.9565018074213375
0.9413547324935237
0.9612211843023171
0.9324347261235363
0.9547194840781842
0.9491322849435931
0.9408910982951657
0.9093852863787464
0.9529531141159056
0.9712051746093067
0.9035799726886864
0.9507093582492865
0.9404289309496708
0.9531664790690734
0.9453766104794541
0.969441809419903
0.9623328676245231
0.9754725632489887
0.9450146463416804
0.9811503217400124
0.861493805410863
0.8500324614201239
0.9536574526638742
0.9441318638705272
0.9536123375590234
0.9232770881668394
0.9371795239357879
0.9271010508357405
0.8197322578151169
0.9701312205455354
0.8955914351806081
0.9528116932256527
0.971862228934842
0.9110082028143176
0.9302598695865671
0.9120036693312358
0.9455471814795993
0.9449831335265462
0.9447350822422356
0.948641183933975
0.9450188478739332
0.9487168145299307
0.9491665875401648
0.9252882487779784
0.9575800240742975
0.8796834525340936
0.9143041495145219
0.9292362883506453
0.9156588469405769
0.8476930825523371
0.8891708634978424
0.8888943649467504
0.812403302269139
0.9244038937504829
0.9661384235481241
0.9669938342700202
0.9172982680763595
0.9194231933931847
0.9124166283889377
0.8283855705254246
0.9516800875611295
0.954067667163038
0.8841530449351501
0.9499153404898202
0.9377789600064661
0.9336371188988316
0.9374380459359206
0.9266606766867093
0.8945692428127187
0.9072926059132869
0.8799434203073466
0.9377966925117666
0.9017630966972652
0.9391435969032116
0.9028707117430689
0.9263406048707001
0.929274931936622
0.9078387670961368
0.914617393635782
0.8843520172955514
0.9097731899113721
0.9667164983311072
0.8591980445288208
0.9282194423462473
0.9572186295312526
0.9029779323378728
0.9465872595389392
0.8854904538299257
0.9333002655315914
0.9628743211684246
0.9543508203415226
0.9112470698329833
0.9172695626222596
0.8951352428650483
0.8749482387299312
0.9304547772748326
0.8544105684865785
0.9113740438353116
0.8715248226859486
0.882561669343617
0.8556456747465672
0.9317599353540699
0.9490412762267223
0.9410937660162366
0.8101762139113147
0.9452713146201916
0.9428275683064583
0.8957510228538209
0.9489104962679261
0.8859143574111249
0.8828059823940971
0.9090337168200517
0.9481213685480872
0.948210198104886
0.9470272514849353
0.8983034072524696
0.9074734824161783
0.9629546039116447
0.8949878640011156
0.8656179961211927
0.9070446330951537
0.9326878203453824
0.9396744064391395
0.9348220090742204
0.9332418065007565
0.9181991612209344
0.9233429665748571
0.9762300990084651
0.9226952769520189
0.9432272223883754
0.9440994382579644
0.9271073534714044
0.9583660715425935
0.9524510131391983
0.9082796844615731
0.935942587112672
0.919536854406672
0.9312486877867616
0.971045472780873
0.8776398278244855
0.9098951909892192
0.9174147257833188
0.9588817269992032
0.9345957200666875
0.9343187661497178
0.8509273142211112
0.9366475388830194
0.9076960045090873
0.9582438655171688
0.9314322526499332
0.8900468954737576
0.8320827638449669
0.961620814212273
0.9202572979818003
0.9619096008518591
0.9221614763193455
0.8761320037958865
0.9587549465400111
0.9502785480137738
0.9914646490715017
0.9259808263063888
0.9560300015060771
0.8945888508443336
0.9813477400123995
0.9419941324557162
0.9720841464590722
0.9504312582639568
0.9274106000615517
0.9256111325612841
0.9270480783134206
0.9438210623779164
0.9173499309162826
0.9326622242555499
0.9524061460443998
0.8778546839129946
0.8713613284104054
0.9304434008370039
0.8934566365887163
0.9222582167980061
0.975813444075096
0.9687655177529556
0.8968184424223609
0.9571857771005566
0.8912540859287533
0.9096244791602482
0.9315627875358622
0.9005595693658011
0.9397514603808026
0.9146457504107309
0.923988192682361
0.9510485984476553
0.9333165867002844
0.9132810864104687
0.9712914185956196
0.9471734174423593
0.9348341880767369
0.8980348273923945
0.9494884577265865
0.9654989067277776
0.9377593625862548
0.9712484344931921
0.952074146365839
0.9874199734124509
0.9702937574176652
0.9191000508312137
0.903942473864961
0.9081621055326392
0.9755352342826686
0.9410209406839803
0.9436544502653857
0.8566928594680315
0.946547048657633
0.9490059624151465
0.9590701531305751
0.9715300827218942
0.9535347270874512
0.8863493142251656
0.9517880804108163
0.933557570622059
0.8757218364867841
0.9421914049064832
0.9532707782030249
0.8968162231517602
0.9347771146442334
0.9404384138189953
0.8882199257059432
0.8209521992262883
0.05070313845797153
0.07539900100869494
0.9551417884720012
0.9012190771741893
0.9479199006464251
0.9174885513061385
0.9425781194002344
0.9302427566596102
0.9368471113660919
0.909733071606353
0.8678785778820356
0.872051933234344
0.9351181233873148
0.9200127677637209
0.9393083422977935
0.9421000860357954
0.8126346914793044
0.9466934829349839
0.9379217594543334
0.9390973832417221
0.8900302893556011
0.9405921626621224
0.9280139850146831
0.9200220513448634
0.913572391421121
0.9217172533019246
0.93415294471768
0.9428699374855805
0.9184159618645062
0.9498384340133676
0.9367097741233628
0.9203916688129227
0.9506731274266534
0.9496119545848314
0.9289317130455941
0.899747462703758
0.9353810371789896
0.9146283155115782
0.8958068194586015
0.9037466594376209
0.9157453097014872
0.8768622866631522
0.9281815293397144
0.8941060456741773
0.9256331066216905
0.9612310050155565
0.9196744064845617
0.9018723626760808
0.9436649797526176
0.8920663869512258
0.928964335080202
0.873603710797009
0.93662529202463
0.8954230215910366
0.9174747881847811
0.9560461060122877
0.9201232116617662
0.8869268852484331
0.84568054384677
0.9351285867817661
0.8689318948228979
0.9599610851198112
0.04880235925412709
0.9352442310951896
0.8084152995660363
0.9223731549061474
0.8432821264292889
0.8890947064250085
0.91154639401196
0.9447164542139951
0.9244947851587817
0.9596174981756435
0.9134181177846232
0.9235657132871339
0.9012317364772503
0.027779727762671035
0.8877180365534719
0.9433170108841565
0.9053352421455128
0.8621999106434671
0.9425652582641967
0.8981904433119288
0.9615606285973288
0.968337213090764
0.906669298672752
0.9236199518513856
0.9542538281069893
0.9076262820621235
0.9515866602038134
0.9451798533308782
0.9353910589972366
0.9553450439468205
0.9515288930035961
0.9532806169185164
0.9313891123358384
0.9400872453950601
0.9204357672260279
0.9359864150128996
0.9439443581869309
0.9241471724594157
0.9448064892076941
0.9792251374754184
0.9733598482605789
0.8825391400767801
0.9643702555480971
0.9452233793059733
0.9313013862776687
0.9194363920855646
0.9543066717029636
0.9273006117804362
0.914773571458444
0.9327237224335981
0.9148656137267936
0.9324808869813392
0.9493036884105663
0.9062132374622309
0.9488093951917986
0.9675865543116746
0.9379268210771337
0.9471868734895642
0.9211743330594534
0.9255374455402233
0.8702423156673762
0.8987658653778411
0.9569197428582868
0.9095956848190736
0.9430689207285251
0.9678563864716163
0.9346997155703445
0.9287332454758352
0.9055167578306771
0.9645161594741105
0.9398128518439247
0.9218467502098383
0.9180096605473306
0.9304952176317239
0.9601375104389335
0.9484331214555871
0.93808001115472
0.9291875775976189
0.9444244596464125
0.9369340483258541
0.949891912972285
0.9043784130478407
0.9236743109329627
0.8958732204590878
0.9426997635195201
0.8921257197057221
0.9570107003571283
0.9155216122862492
0.9183154351831978
0.8487694706117918
0.8604330716245615
0.8325189830713792
0.9718081073098852
0.9437281147378016
0.9131766516641273
0.9368048976519885
0.9167631377310517
0.9435326223335216
0.9650366563116325
0.9226379172275669
0.9185157551358994
0.9042518205509618
0.8748925378098036
0.9041535148286156
0.9746542982964815
0.9097362655733249
0.9338196944341284
0.9499315996859645
0.8932646509185872
0.9060488838906067
0.8905972740878791
0.9144978260304446
0.9079070807667647
0.907090259767875
0.8996807155027895
0.8857644500365432
0.9629503421154775
0.9148735186792054
0.9643063969376242
0.9720072906882192
0.9561140490017089
0.9330102077579169
0.9622905872579403
0.055353634778239964
0.9493847264679387
0.9061503395030335
0.9238011377621234
0.8964670199002838
0.9044258615479236
0.9089896679503532
0.9286051826386786
0.9576674237258576
0.9048281416936806
0.9168689739492563
0.9494385943762049
0.9838074081012143
0.9449623042631956
0.9218557412160767
0.940474034598132
0.9126500611798335
0.039570347362394565
0.9324174917182709
0.93234848315137
0.9687798978309959
0.9066711562231914
0.9700553223582761
0.9620685433381835
0.9460819460889106
0.9360369013455266
0.9096925784985147
0.9730075951971167
0.8784649832591253
0.8961912357126757
0.9258085674276074
0.8726226508128486
0.9092397097182102
0.9280129261869998
0.8842045105787545
0.9401458911056424
0.9621322003693236
0.9437656919608769
0.9153810960887417
0.9254582060003673
0.9366874512505453
0.8751842889990774
0.9021747971573758
0.9004551803664081
0.8556864099156346
0.9249744816593457
0.9017216048868246
0.9243134072639918
0.9326641022321369
0.9009639559923718
0.9421526426348822
0.9542412077568637
0.8957698574519861
0.9109908490032699
0.873244939464288
0.9569463229737902
0.9538053793224773
0.9030571907916681
0.9260380219045831
0.9065943217184868
0.8165480028301033
0.9498301688206606
0.9221539376164565
0.8996213389185828
0.9647951131937235
0.8735867935562764
0.9468663839768396
0.9377940043635226
0.9322960086597543
0.9527777375907733
0.9230131421560871
0.9059726861981117
0.9063855291526592
0.8871462636223428
0.951022072637381
0.8866243289050009
0.9151619830951773
0.9547593828874414
0.9443163410047399
0.9264405332714609
0.9361845406885907
0.8661517620093774
0.9454879206361309
0.9699800427197881
0.8788106132227997
0.9078116546254501
0.8649513201601574
0.8752384241263763
0.9274111131075433
0.9326844240324382
0.9706083714102314
0.8774082124726029
0.937913580413495
0.908118021280967
0.9538525922655158
0.9477792270998507
0.9375256127761123
0.8895560435651181
0.9040687449941529
0.922276117215968
0.9491358973943559
0.9606515244527556
0.921181395140696
0.9462896726446254
0.9455157643905154
0.9578795713684145
0.9950617271033065
0.9493691456233078
0.9455234440459818
0.9435611440723369
0.9496883498388368
0.9659666980543191
0.9721106994951277
0.9153389790058646
0.9502618249717635
0.9562779521735152
0.9326440681680668
0.9117673204960451
0.9567902955839035
0.9539147400379124
0.9406008641051081
0.954561313345844
0.9092342848895221
0.926131521633269
0.940231696482814
0.869285405666205
0.9870999193471087
0.9038100779306698
0.9498162090857002
0.9520578629118821
0.9455078348665168
0.917350344540009
0.8095999252919192
0.9529244339540662
0.931934409113917
0.9264653667058314
0.889805064592439
0.894864169668846
0.9326972406846152
0.9354693790630346
0.9287804302112949
0.9401277869302596
0.957019555898856
0.941165351442844
0.9447737496402138
0.9419744204439101
0.9453280623705836
0.9637626318046864
0.9173937853706114
0.898794897658133
0.8899255314996048
0.9126703867766597
0.9197136445970702
0.9307453634742991
0.9126664445004063
0.9473787183028235
0.9514018918285374
0.9555462120828957
0.9620737411157974
0.9559008405101904
0.968444801287795
0.9405684453251925
0.9089819865081856
0.9319638788131203
0.9455999969916092
0.943153745536405
0.9179518977488106
0.9108815401887405
0.9057965390775018
0.9568967539209594
0.9299362767599367
0.9295822927537374
0.9008382912746702
0.9134413930000288
0.9156349880608503
0.9174315121272686
0.9364678876418931
0.9174613549973185
0.9013762762454037
0.9084167857533443
0.9027694409351923
0.9543377915356256
0.9368268885442678
0.93166700635352
0.9519435087103834
0.954083034511516
0.9733114924906818
0.905112218434622
0.736537572419988
0.9429573324226188
0.951088772923427
0.8821910400117201
0.9403784655543587
0.940955364150806
0.949974556672915
0.9151154600394217
0.8339861011674364
0.9479837550732663
0.9714193484236439
0.9676412684215997
0.9580138626603364
0.9492353448500452
0.9482263412912467
0.9371238770218837
0.9351011597064756
0.9395918769405359
0.9435825378896873
0.9391782999341386
0.9357711165927672
0.9058680903764312
0.948457253245479
0.9610302119381058
0.9297491817877374
0.9298440047002358
0.9367530420804878
0.9294538715983142
0.9353167569001436
0.8211792214046839
0.8657420399085334
0.8936551292387077
0.8101109981190228
0.9394094648896426
0.9055306315067415
0.9213947128451234
0.9583587902837912
0.9292718547315227
0.9690103374600655
0.9598918863147711
0.9440175806862499
0.9199699885299374
0.9144625767878557
0.9469846662500515
0.9276788923930118
0.9177428685211321
0.9381257345842147
0.953532664510626
0.8945441772282167
0.9296524394530751
0.8932304221301829
0.9281612920502107
0.8831963281662614
0.951186438097923
0.9197687156376984
0.9250075147377336
0.8981759002558607
0.9527245981495535
0.950676785641108
0.9286166076928095
0.9215211313465814
0.9160845734531412
0.9514805111217772
0.9274305328707997
0.919574255481975
0.8508129863785326
0.9497920800010878
0.9071077546208642
0.9249269210855794
0.9499245156305369
0.8906465710844768
0.9355064795951353
0.934153862360213
0.9479899241508436
0.9422926903106142
0.958952753335164
0.8074520517852499
0.968829439502949
0.9544137070635575
0.9637520238530266
0.9850445873071724
0.9178945989406491
0.8661065417727306
0.9430310697923938
0.9627554509121864
0.9134685349465053
0.885337517494063
0.9067029117869949
0.9005693349257408
0.8476323198266503
0.9217099295483966
0.9107244700630271
0.08081457900664792
0.8662165894173053
0.886445941697063
0.9413947156525978
0.7774255164975357
0.9303368367904755
0.9538204407196043
0.9236490491770871
0.9659990093031318
0.05782806670781095
0.9045291121899409
0.9100798451509476
0.9302232026460382
0.9105341466495765
0.9750227894280239
0.9135517574302238
0.8637027351952521
0.7548571083187027
0.9230916442519261
0.8708618822486895
0.9401215496399448
0.9393852900983105
0.9210246796988226
0.9288556978758223
0.9131252276675665
0.9266702085523376
0.9126470024487486
0.9242902653078886
0.9307120701372105
0.9714410233281666
0.9256309563386487
0.9226856580502323
0.9290361271686821
0.8511679619886111
0.9512128396689737
0.9325605060972337
0.9205435060228669
0.9491047186507925
0.884906357578107
0.9223077039039854
0.9523370165210719
0.9385842523322547
0.9067252525567641
0.9434293106768675
0.9153861746861652
0.9393574762978116
0.954854362899074
0.8651777188419115
0.8992457413044613
0.874876355701275
0.8820235912828522
0.877032877605346
0.9256689107342497
0.8522626922976815
0.8948654527559751
0.9224242984690356
0.919720123471147
0.9262405201265518
0.9574655501348618
0.9547735914304291
0.916235663086417
0.9323058868199885
0.9717552016265701
0.890964632181647
0.8963495633186009
0.932585902937987
0.9407789920614676
0.9069329092644995
0.9295920370634458
0.9658978895115942
0.9563382872039086
0.9529711735335794
0.9533163467357112
0.9536678689632954
0.9548899406514585
0.960143569686243
0.8767954619791637
0.9130264689892016
0.9085683423101039
0.9121311109981164
0.9272354994558517
0.9292344601299845
0.9186525101608001
0.9291576763162933
0.9590468714936072
0.8096777771743773
0.8795986029275267
0.9203905756136554
0.8920000004205345
0.8946832525646073
0.9604419046741662
0.9419036054427423
0.9345353544692729
0.9347197025725719
0.9161057559333122
0.9440968133586803
0.9561818654726325
0.9599833821711721
0.9142907026918041
0.9229262142529521
0.9429247444627069
0.9610902735765098
0.887023263950945
0.9560795702801651
0.973816743419191
0.8956881066652699
0.9383089786834521
0.9268525132675041
0.942755131753922
0.9372934779711606
0.8985006684626937
0.8780475629783496
0.9331691993092286
0.9408043353932101
0.9537651393947565
0.9668503284214096
0.9717959554212598
0.9063165771370052
0.9285403375228877
0.9595286959488111
0.9170315477287427
0.9263473773962961
0.9398554572613841
0.9161116516291616
0.8160917285668245
0.8896833056726238
0.709375533735793
0.9914094505089254
0.9545994043830397
0.9327700827491735
0.903340185014863
0.9169443553653123
0.8571209173791108
0.9132825682895941
0.8979671370085844
0.9090439780377984
0.9302381154540948
0.9836062633040653
0.8768030513996377
0.890665335531503
0.9785013560801921
0.9414163818888693
0.9235465884635718
0.9261918462035826
0.9395180064961245
0.9275320391174385
0.9430938590933362
0.9246523677979157
0.9400608108870028
0.948618516795894
0.9449507228846674
0.9166046236952474
0.8894033807792742
0.8930709018174532
0.9015006086053948
0.9444313698918145
0.9350221532447403
0.9503224732446772
0.8904006446598516
0.9473088157078373
0.9407744566770155
0.9282363739486695
0.9230303513786662
0.9461635401911084
0.9207321037417173
0.9413041698256907
0.9511461027927022
0.9084810757685302
0.9111134710033889
0.9242605294888548
0.9041066795114988
0.9243998907047282
0.9814652240281407
0.9141466490692081
0.9777220664596454
0.9339866515617405
0.9199204130812415
0.8778835277626053
0.9245841558088127
0.9442214939347314
0.9258470746945664
0.9374135438167941
0.9275277968747437
0.9491671578554252
0.9583287408207095
0.9047062724819537
0.9413708161929643
0.8869680916430264
0.9399079885701377
0.9335904297996578
0.8606349175598025
0.9084649880002134
0.8603764126575877
0.9238906336844802
0.9168143499302774
0.8946304626969976
0.8580063971161072
0.9036244659480119
0.9303864073953171
0.8846506630716044
0.966118023916909
0.923758306347785
0.9697689960811949
0.9602844390185894
0.9314891069763028
0.8251713673450233
0.8966885921553439
0.9201968685230779
0.9547194057023548
0.93267593933877
0.8860734506584967
0.9634591166946918
0.8877700470310891
0.9408169963500119
0.9328231961555369
0.9720566377749646
0.9295277418831365
0.8944776787846831
0.9328647550826688
0.9383866173360691
0.9410979759451047
0.9360548105556614
0.9829205897417401
0.942616948599267
0.8423662133101296
0.9313629001865952
0.934970175121836
0.9266921892149281
0.8962864674125953
0.9393136573981773
0.9514920713967305
0.8786826966143364
0.8991933405480196
0.9752329293687813
0.9228701947197824
0.9330010686736806
0.9278069002693993
0.9227386364072292
0.9147016174098764
0.9555541812758008
0.9402974104118547
0.9224366927138994
0.9267611586053423
0.8773640835812843
0.9007030551970602
0.9604955349662162
0.9611002622835617
0.932099097888738
0.9425801489635153
0.9120560556284659
0.9451908519562797
0.0
0.9248289805341804
0.9073431414104915
0.9692901411405027
0.932038228022268
0.9263747038434229
0.9027863044926401
0.9287118368937373
0.916886222333124
0.946713645178873
0.941059748641722
0.927216055987689
0.9197567718200859
0.8846071953703569
0.9259908462878015
0.7740518086498864
0.9561872525462936
0.9418848547093864
0.933877549176291
0.91974438043611
0.9335922697065829
0.9318392127406495
0.9457448908939535
0.9456104248938642
0.8690170066123407
0.9531086303670775
0.9388137645637116
0.915579553581637
0.8834241302467423
0.9537267919407362
0.9447277687626765
0.9232729071084362
0.9101677124362798
0.9267585789561581
0.9382138295015394
0.8926217985940524
0.9058126482058548
0.9469482610684312
0.8992626955301966
0.9450482023477578
0.9597761685399655
0.94584227967868
0.9391346616318367
0.9255648681921452
0.9467107589217899
0.8967681759984418
0.9128341765253208
0.9250829369180393
0.8960650357042053
0.9100849892852816
0.9208640893762411
0.9125742489944418
0.9718360255484452
0.9884543194613967
0.9458536585607429
0.9481840975018473
0.8810055374822856
0.9152275283102599
0.9646257340802834
0.9130653503355066
0.943558432126108
0.9813030118816783
0.896321466430596
0.9456703020211983
0.973714439794839
0.9475960265254306
0.9467288399069747
0.9369251301163855
0.9272661473357356
0.9554652411725109
0.9002142446787418
0.9558811736202409
0.9681739919126521
0.9536754030968594
0.9514020057583992
0.9127181028067672
0.9510417274147226
0.921300334191933
0.943245017342882
0.8971048591597844
0.8579763486722782
0.9191607263213548
0.9468374252469143
0.9082703081479436
0.813991797520021
0.929322129143379
0.9241678506670269
0.9316166746094987
0.9612071055812905
0.9655250067365759
0.9623972118063214
0.8926356568307405
0.9234263544352486
0.9264111798348261
0.8917378074398581
0.9021738560860183
0.8945735830916626
0.8329470594581958
0.9274053148872755
0.9924910064630804
0.938295722133789
0.9463153723981995
0.9286213625040227
0.9610921008750232
0.9362181032496243
0.8990963439448116
0.9167468456891061
0.9832425604613788
0.9583680632316312
0.9275582627660497
0.9202786816025391
0.8734079644908797
0.8677251318954979
0.915757970669368
0.9234016522124384
0.9728362766024397
0.9279959887472299
0.8878999767396181
0.9355379448017336
0.7021420134478213
0.9538203933490795
0.9263438083746482
0.9244911585858644
0.943287768817661
0.9534975584120445
0.830292095642091
0.8549899972482503
0.9491226932032565
0.8629936900934918
0.9667172004896047
0.9522021479625797
0.9524075352112658
0.9687763727555285
0.9381838560120799
0.9484120011169203
0.9405803318731464
0.9369814970570765
0.9254088404301377
0.965725658531086
0.9628201802342176
0.9478521666249659
0.9204199863264935
0.934832459446365
0.9259024830011229
0.9109755223533946
0.9272127575261631
0.9475221806997828
0.9196503726871856
0.8993328883477401
0.9561640226647493
0.9461009197002788
0.9512209014458832
0.9135436165611052
0.92526809554939
0.9331285657207375
0.9290304755023312
0.9244084612901976
0.9530390419355872
0.9359214063859791
0.9181533029474491
0.9266042712515553
0.8854337293330434
0.9482277682202748
0.9401885089194028
0.9394463418263879
0.9726537513972924
0.9353318473611596
0.9509111010798876
0.9430270785202027
0.9708548845948768
0.9678156369565788
0.9216736393649461
0.9479510432111771
0.9609978633537999
0.8755581814282989
0.956888283944226
0.9530089268881731
0.9490871290704793
0.9674179382629107
0.9283962214591803
0.955586178230762
0.9428022488660016
0.9156083005834696
0.9652246196239198
0.8806426078695253
0.9587867018447553
0.8979609650757533
0.9036375617856853
0.9602588655513985
0.9544602863695433
0.9205681166199744
0.938909109330653
0.839366375395581
0.905662157532143
0.9056342032897648
0.9029062803685012
0.8131902812968415
0.9457086458150578
0.9502883620301349
0.941795053710285
0.8677508353808121
0.9086177856268494
0.9657775828117562
0.9361039376571119
0.8887052908453084
0.9662473111470721
0.9183146757342447
0.9665386587855566
0.9386780627022983
0.9548551980193553
0.8908150834672683
0.9628234152063874
0.8608338170851518
0.9515336294702372
0.9621725144196246
0.9292562716912615
0.9620382556759101
0.8597093895108139
0.9154139794838665
0.9387632041784644
0.8675620764348009
0.867508937176759
0.8744525738527862
0.8862989185446631
0.9035005324536365
0.9428156494521069
0.9314331032826142
0.9242614738031081
0.9270104656532852
0.9388898575142335
0.9404246612186473
0.9248299230742432
0.9302065864056865
0.9074096855747065
0.9551243639126179
0.9526430663246063
0.9249691153308681
0.9310006749357219
0.9526325660336729
0.9735292441577821
0.9195117263205973
0.9242997179471064
0.9559254636741069
0.9538479165322086
0.9344493884766017
0.9246396540894052
0.9126610000845626
0.8836376591368652
0.9552244785660687
0.939908066442114
0.9378141198070253
0.9228227976055525
0.9165685557980633
0.9526350464005556
0.9472190616814549
0.921952290332702
0.8603269839083881
0.9265800082433733
0.9597679128472734
0.9417722623455028
0.9388048488211417
0.9114947784523653
0.9124843024058552
0.9110052798998624
0.9275981424103852
0.8896254691160274
0.9368511367365033
0.9179507928998878
0.9553667117676642
0.9201393045487504
0.9548373232382127
0.9315408308934396
0.9366937134748733
0.935043121403362
0.9369770649016044
0.8756692638858846
0.9067870601905579
0.880966179613365
0.08987453645644541
0.8977867369099883
0.9516585337779554
0.9472738507273962
0.9223376759615672
0.9207071444017355
0.8527727681311321
0.8619871773346632
0.9478662418014258
0.8977743147804446
0.9508332558249308
0.9124255419833971
0.9378076973704137
0.9407257001131256
0.8654380251229875
0.8963954215877983
0.9373459198317002
0.9319685768861777
0.861816812011871
0.9351703974979527
0.8578430579568693
0.8810028370680547
0.9219401593548749
0.9419097399080008
0.847027632269141
0.9655287764849709
0.9377493410215267
0.9340723093779221
0.933305791236824
0.9463469277917566
0.8485040711509354
0.9574001312033062
0.9331047299261171
0.9091375363892298
0.884771697095063
0.9262352627681497
0.9712556166688707
0.9720142796356709
0.9401994471421735
0.9148210758401155
0.952930181567119
0.937508205762345
0.946121653019518
0.969142420808272
0.971683771707348
0.8575575418898645
0.8325716547183315
0.9115090085023658
0.8917162220032135
0.9147482562687158
0.9604773507319879
0.8071477582153002
0.9359564708664295
0.9499122727655054
0.9311652468541408
0.9133903056172704
0.9233087030914042
0.941404870170734
0.9359466592518187
0.9779502784083335
0.9428812289019132
0.9568091348465269
0.9081634559112182
0.925460799399217
0.9662313299954488
0.973010464550063
0.9287615860594043
0.9434207867639965
0.9513271318058537
0.9370050472345267
0.9615570636180509
0.918097859565839
0.9460125833092967
0.9078837867906684
0.9545650166016455
0.9417254159312657
0.9626413243025547
0.9372552985360171
0.8935626480666232
0.9527897600352528
0.9302923195356457
0.9117225296482823
0.9453394401637463
0.9383735417080292
0.9118090947931949
0.9042275391678098
0.9294076448787211
0.9610939395374036
0.9659031704785409
0.9377964651060836
0.9305174522954549
0.9031351364247884
0.9335264364886238
0.9305492727923583
0.9350368557677898
0.9740105173674466
0.9565059161669989
0.9708074270350937
0.9710034451075129
0.9088453012454585
0.8746999186487165
0.8559922183086859
0.9101936229808936
0.9128187041699923
0.8912806337190045
0.9483133892046168
0.8523573974337851
0.9360205643502936
0.9325208256997022
0.9041665844931235
0.9416536728473409
0.94862134668961
0.9515831988831426
0.9607113065541385
0.9073713046247239
0.9211741483655386
0.9322044221968191
0.9630248481150366
0.9317781246128254
0.8881717792815428
0.9216338230047318
0.9545525932292711
0.891004841274851
0.8919638834162135
0.9411387373166329
0.925043903332062
0.9344952321072114
0.9168244169889622
0.9290069214524657
0.9042458937301993
0.8594358717008127
0.9134576707192686
0.9311094335372786
0.8626799195846339
0.8332870249592337
0.9372486562199316
0.959773812881073
0.9261573146396215
0.9408721219885006
0.9585055790511156
0.8371960111239857
0.9434663578627546
0.9452433281092866
0.9683424191640788
0.9017069660807545
0.9606852474445617
0.9404332795240627
0.8828385908608005
0.9644672418860855
0.9022784584538992
0.9193096103828022
0.9509980617634183
0.9320548608889252
0.9385057192067725
0.9276615961984986
0.9249500183248571
0.9512885117165129
0.9216288529288785
0.9312419013822153
0.9622024634422245
0.9252023810340296
0.9639627692467808
0.9239405386409175
0.9182918286515493
0.9196884082510423
0.9057332558455775
0.9610577542751679
0.9133990550875718
0.8926507226711186
0.9243220683097019
0.9595983911522009
0.9522398011690966
0.9656761183170512
0.8941634665125969
0.9515946883181594
0.9152737139083327
0.9737534883407182
0.9555391055471149
0.961805696259052
0.8985032197048094
0.9204671303007224
0.950855151408155
0.9233240184867418
0.9262710422422357
0.9598481634891857
0.932977853338939
0.9459496041147791
0.8585124380165188
0.9190106680977256
0.95222603670622
0.9355915318361187
0.9507959888765624
0.9582348950362005
0.9415298812716462
0.959139842106555
0.9338663834758171
0.8990702515213258
0.9788105480552521
0.9555733487610347
0.9320077120272654
0.9030085934720915
0.9280386839750325
0.8367976729967943
0.8922197014438402
0.8675088071968426
0.9245623642087585
0.9166225338200861
0.9341866117050664
0.9446460302132231
0.9408848417814648
0.9583516978592196
0.9520294610976701
0.9478729867892081
0.8804923219439096
0.8889155307124373
0.9136068147636077
0.9427216631327688
0.8773178331406615
0.8873686614961176
0.9519902240111462
0.8229025185715896
0.8621187785512703
0.8717278496109728
0.934433620656134
0.5686716838490646
0.9446186150053103
0.9738421925409655
0.925099324527035
0.9250234904723104
0.9229722683932942
0.9152506832705855
0.9313478787807061
0.8692063303844343
0.9317105463925489
0.9628595525080541
0.9461395646967122
0.9344210252667833
0.9344074954813648
0.9360345264429408
0.9234641893052498
0.9497076139455454
0.9338198781610851
0.9538496481536886
0.02276015247591569
0.9020163492787464
0.9105709402329201
0.9596416702243445
0.9295490241695135
0.9555014100227217
0.920259977484852
0.9215254306535385
0.9324375274193648
0.94322352504002
0.9416194216526061
0.9640220505736836
0.9631343977758967
0.9535757665390714
0.9476835769974575
0.9087555404773963
0.9179988635584211
0.9559845543277523
0.8696155890017719
0.7417345299724039
0.9318980901042373
0.9043415203154154
0.8527449533209684
0.8831840380174514
0.8588764977887829
0.9035562118051373
0.9859834283034528
0.9700265565693061
0.9564616766593272
0.9485399203375422
0.9470844849896771
0.9450276877800747
0.9381900588250385
0.9097484984896658
0.9545419796761642
0.9462605149293161
0.9245496398594136
0.9353003992269707
0.9407988982848015
0.9096199835571206
0.9037659349726785
0.7288012018860455
0.9653768694171305
0.9104651505994996
0.9228133214441983
0.9435392871313981
0.9332019461376816
0.9773350286578366
0.9639326170136608
0.9260453523358009
0.9398603672461178
0.9445134713406098
0.8719480767203177
0.8950174261727174
0.9582046886606607
0.8799518168772396
0.9349945129157637
0.9266434121785745
0.8870819549061504
0.9320639899129098
0.9070500021641663
0.8692212298136588
0.9180351533213138
0.8914966214990636
0.9519479303077709
0.9102110937180145
0.9704972750198381
0.9615810852465658
0.931713008313123
0.9403801120121433
0.912628942683626
0.885407597811479
0.9032730318307804
0.9112003853602656
0.9341509721871847
0.9572960300828588
0.9369513543779684
0.9056892092370777
0.9773748269998118
0.9277366021017217
0.9566342518483097
0.9506305546394659
0.9123257616455507
0.8782957918003234
0.9194750921352273
0.929521277406761
0.9455126600204168
0.9289993220628024
0.9328192205387469
0.968763249404083
0.9677676287913791
0.9359914938129537
0.8704398381049753
0.9417694254155168
0.9572199034020903
0.9338319004974768
0.9656492897540587
0.9382986723554781
0.8863931086894661
0.9738901526602998
0.9386933271765823
0.8774592910288969
0.9265419743137859
0.9297906089696559
0.8396158426149993
0.8359997669158471
0.9434870611099083
0.8443196256747124
0.9174478800748361
0.9284266305865421
0.9632784850014025
0.7905782348669549
0.8938290231676118
0.9559994593110143
1.0
0.9071954759988728
0.9068479043098505
0.9542792960104357
0.9400702727547178
0.9330822692925469
0.876713838963707
0.9255894588283354
0.917508000555435
0.9350756377376205
0.9256974159051276
0.907179783547079
0.9236316788539146
0.9834901037368161
0.9298432986218625
0.9573283465288539
0.980919553830087
0.9454928013850626
0.9624911585285351
0.9519172006170595
0.928563859397786
0.9249799298551565
0.965010745842917
0.9358212244096981
0.9162979395318077
0.9457056879218739
0.9258493550397944
0.9647319799148965
0.9073517527483597
0.9450864846546673
0.9378919358723089
0.9152253607418237
0.9172596028713356
0.9461228969662562
0.9248773949237334
0.9647944437613588
0.9403640891349285
0.9024323456811785
0.9487750909031195
0.9163916859547578
0.93783443128925
0.9563930435386419
0.9605665308126085
0.9190266265371667
0.936596768926361
0.9537606774355251
0.9495169497213459
0.9259657824322555
0.914644875637673
0.9456824227874391
0.9422522094960131
0.8380427020710722
0.9044367164862439
0.948490510751022
0.9266114912776328
0.9328080552320208
0.8857338665293945
0.8887503336428566
0.9008899814419571
0.9005449176380947
0.9172137021321529
0.9054194867291329
0.9339734928460919
0.9367346984780369
0.9388440222933481
0.9091219739570352
0.9635822300118687
0.9292982620435442
0.9336974274185551
0.9519441641632966
0.9504859893014613
0.9740369367418484
0.923777510470376
0.9522455355003798
0.9498845010810555
0.9041974332426731
0.8787244208433949
0.8666261422558826
0.9124669743635323
0.9012395528694558
0.9342893483078761
0.9147985819998198
0.9589202006110574
0.9366078180915128
0.9280073551470133
0.9273546217404194
0.9178686443040225
0.9329199950461315
0.9531801673358364
0.93110051432576
0.9186227452448078
0.9328780937274117
0.8901576199494585
0.9344706944288141
0.9474785433491706
0.9214838645273608
0.9225453917689705
0.9360190021828795
0.9290812916405772
0.9187051835215586
0.9592473814134987
0.9481654686097133
0.892792006769351
0.9652504604116177
0.976517610647719
0.8998264357389139
0.9496849793865825
0.9460041888870078
0.953652081719568
0.9161071967120799
0.9764450020880451
0.9460231516899931
0.9385813315193405
0.9310195892036791
0.9341604128038559
0.8714006908689779
0.8896838353051858
0.9707879606579446
0.9492015136685878
0.8956497624882546
0.9284734551183702
0.8844109140932427
0.9147862785163164
0.8852289134058444
0.9243676697277237
0.9626346328226983
0.9394802828549847
0.9788044306066106
0.9623290672369632
0.91713155162368
0.9279118729298579
0.9373821131560892
0.9627584709132325
0.9497854998802676
0.9540208493432383
0.07171811248413087
0.9116551541452274
0.9215281034779385
0.9285229377213503
0.902922347999425
0.9844785199191152
0.8900399733021837
0.9185514376167623
0.8925848705213307
0.9542931709260764
0.9184999970132157
0.9495417399279213
0.9086268006324403
0.9577466539369691
0.9173115395164104
0.9341480747060554
0.963357150636024
0.947187037563073
0.960527417817792
0.9321067519526733
0.938981210263865
0.9658086927267325
0.8968990867701094
0.9882303092641475
0.948738539370553
0.8806674179995669
0.9690242480254808
0.8673800372102539
0.933446846132141
0.9534476467366532
0.9230436541148179
0.951835245493373
