9.820315388352736e-05
0.01193584888910556
0.0004816552988453167
5.804334701146653e-06
6.521785731704341e-06
9.669288441811031e-05
0.0037363041872261814
0.0005829207422963122
2.19612530357005e-05
0.031032198588958997
0.0023816260926194455
0.021873671689458703
0.002735281368436004
0.0018159618255469642
0.010940663532035908
0.013602524655571921
0.0008371184391877826
0.00021244130445733503
0.009909480610774957
0.0010253992813028026
0.030952182684327
0.00027972949764577934
0.6467847734736146
0.007347583952772688
0.00014797690275631037
8.194590681326101e-05
0.11755042694114984
0.05949163757988193
6.4264823816051e-05
2.3742326730000654e-05
0.0003817482567887713
0.0007885062787805695
0.0002797764725531271
0.00021507054590252038
0.0001490640779044322
0.000328779683056452
0.0006465456639848923
8.49375157206108e-05
0.36219687320313426
0.00013516945912026864
0.0007213390881802902
0.0031368009897468924
0.0025137109171045617
0.014827925476785483
0.00435783122367012
0.00018215158442158377
7.6003449934935576e-06
0.004686756160779721
0.0007032106739673378
0.0006802659056233206
0.0012746338202015838
0.0002778752694102037
0.355591598181661
1.2656405942948585e-05
3.31840114871748e-06
0.011612571185714982
0.026086494073616885
0.07940806322109635
0.038653023841337196
0.00036029428689838953
0.000185313630167489
0.02409677530366878
0.0012776437068300081
0.03513995364726406
6.730774422380607e-05
0.003583329208157462
2.777474889484443e-05
4.455062448156175e-05
0.0004034254302506835
1.5021843737431124e-05
0.003935357883216987
0.00013216162436976745
8.849096081844469e-05
0.7583094016437806
0.03758356341391345
8.165138229349289e-05
0.024888017616150865
0.004354449961689925
7.489021520957306e-06
0.01600656699790879
0.00023726386125223016
0.5374783351211548
0.09516610568081514
0.00022508721727814747
0.006395725875301065
0.0015653189707765945
2.761022211956238e-05
0.0016834942166867315
0.0027591516064850055
0.00014816053855427243
0.00013904430688343179
0.00023209446769977243
3.987624283999055e-05
0.025538933598222277
7.649240820623373e-05
0.010986294037326547
0.0001515278448541245
0.008573225993336993
0.9375152248564251
0.001726327066466902
0.0011144171381919459
1.6444069813344637e-05
0.00020198267895031024
1.4337438764728924e-05
0.0002826215686453662
0.0002144851494967339
0.0064908277685173325
0.00029998502530576514
9.005219980461316e-05
0.0011319815624702113
0.6376608927511321
0.001050285853778436
0.008543910857105451
0.0019817496035075812
4.087070148301958e-05
0.17437128977059363
3.3001429496446496e-05
0.0003888245871004768
0.0005206507003393636
0.02399260393540413
0.06132342193816401
4.4684804200644806e-05
0.0009233171031244261
0.0008025686567753605
5.6240907902384393e-05
3.6808205118083614e-05
0.00046380748257644094
0.0029137275742175325
4.33096639935625e-05
5.268171982300873e-07
9.770077121967562e-05
0.0005483940689770959
0.0028859016647884506
0.010444764977049346
0.534906500970981
0.003345730243211048
0.0005817988744037303
0.012954832071851548
0.0001560568778666407
5.707017842093124e-06
0.003398277410695853
3.862904382396806e-06
0.2059860380612291
6.18398577863656e-06
0.007498716723826857
0.004329853038704951
1.349142384852643e-05
4.4646818992495945e-05
0.968882696303433
0.03950237300823173
0.0014412401373779685
0.006048939530050388
0.00012889279365790247
0.006638412100473706
0.0003510861572907765
0.3099468618806765
0.00011850291333746718
0.0025341177016378353
0.009043375546817852
0.23043598674773935
0.0044706604107938456
0.003388643072573246
0.1696934300067624
1.5417034979202794e-06
2.462113200093729e-06
2.444337306875567e-06
0.034610690451269785
0.00017130700213244078
0.00031661408429757283
0.00017875977200525905
0.0001802776377846896
0.0015665759424609413
0.00014833830976497886
0.07753830218232828
0.0003852413679442682
0.007273459295256991
2.6535103900138866e-06
2.9307914625703952e-05
0.0020556069639048884
0.2448577671392294
3.301190717094786e-05
0.03693199921304622
0.010355304263784613
8.237082744743116e-05
0.0017530106765381243
0.001559642981661996
0.8718107544048153
0.2599583741749648
2.498483522164585e-05
0.0012899716222297042
0.009367172011514855
0.012468698709500256
0.024434530824848127
5.848853279659047e-05
0.5284439831004027
0.00019459229489775216
0.027282437262225685
0.0021586285820209172
0.004581493251669245
0.9787433112159206
0.030172226457143358
2.4165113132021617e-07
0.004954650273779371
0.0024525373637841806
0.013355722799855144
0.0027592787356022883
0.09338592549931274
0.007386016994192526
0.009531705029744632
0.0021250250500345737
0.32355483710257604
4.689287223552682e-05
3.503981955960883e-06
0.0002453358907927303
0.011605358820262666
0.00017762255140906755
0.00010449302558146295
0.0002567977390809347
0.00035097483199919956
0.0010628229734123426
0.014294312881687088
0.0002445055350884974
0.17863853645583283
0.00884555239548793
0.003775300927534192
0.0033575227494437245
6.604002564693268e-05
0.0013836560025045426
0.00048264701073687054
0.01798666307159485
1.4758348968367975e-06
0.10986209007372678
0.008723210411265812
1.0028371431275678e-05
8.595947462112447e-05
6.225078193967823e-05
0.038868560316341914
2.079824208029367e-05
0.005032719193651803
3.970075894507822e-06
0.002159464933283337
0.020313923152488058
0.003897523699104205
4.914138909918829e-07
1.6763724380549622e-05
0.010799483154734765
0.11401235934408857
0.012850416690189628
0.00040967120112559634
0.0009627729402035051
0.08099683258806366
0.05176029474821221
4.995159452204609e-06
0.00010680415318692642
0.0013166210052308889
5.715423174463291e-06
0.0003673106907328775
5.3443281496566755e-05
5.708059164738862e-05
0.051473606946878074
0.0004385256398302438
0.08674956577880324
0.29549882490256046
0.0019322502751166171
9.686609934395948e-07
0.00021675457013675166
0.0013901486681372195
1.4485760615827752e-05
0.03306259495104234
0.02328075538652587
0.0004018300878892457
0.2596270524116037
0.01880743100514735
0.0002287163199172766
0.004345548595107991
9.440923160356152e-05
5.789625314074963e-05
0.04195894342540209
0.00657949357554323
0.0005624137213436424
7.264074229790485e-05
0.0015646289577013772
0.0006672056589852822
0.00033674059103793493
0.005079325286857125
0.001655149778788438
0.7924115517237369
2.1973426056145487e-05
0.0815331628590905
0.0022017013705471693
7.905847423958857e-06
0.0016621544534484146
7.575339745039675e-05
0.0007410135414752214
0.05460153831595575
6.795873523766878e-05
7.07987016350999e-05
0.002553187302067524
8.624719580072827e-06
0.0007109908129590207
0.0005498440627094787
0.006500339634266879
0.0005167128992152381
0.00026471603785277876
0.0003865866722455916
0.13466686031764422
0.29565246020796
4.788275404422305e-06
7.448743411990919e-06
0.003051666624702376
0.6802310155416926
0.014934892754281514
0.37097378550166693
0.016806906725904597
0.007969420429870235
0.05994423586438695
0.0015072752152483757
0.0028666599976597284
0.006126677355408576
5.8708585789607604e-05
0.0045335357712904594
0.00021700273094685127
0.0012613146003754533
0.0007479349186229123
0.0033750074269771743
0.006758892318355537
3.156584620458446e-05
4.0174088928098865e-05
0.23519443426439315
0.002708598456876415
2.248804540686712e-05
0.0012818904247240154
0.0013126931578975396
0.0008241513274342006
8.640364239716744e-06
2.080479595607786e-06
3.883467831868249e-05
0.000149860075567696
0.0007005911389233919
0.0008789231380528556
0.00027603987188407915
0.0009651315229430642
1.9137430624588746e-05
0.00011810099265406009
0.012175918024024972
0.012378985600698644
1.0199303958425187e-05
0.002377262257608234
0.00013052496795567771
4.1607991426342976e-05
0.00025796620352039627
0.0021990074440142635
0.005606949774559386
3.326258917147435e-05
5.714009325069857e-06
0.007925009991565975
1.4449355244537302e-05
0.00012071331702062345
0.508037876589088
3.4543714078395485e-05
3.6937931825503595e-05
0.0006007516487627288
0.0002621375694719479
0.00013228080791722043
0.0034036580458081185
0.0009151373572691217
6.03486074290146e-05
0.0002463306877773318
0.00026927918151672714
0.03249838754639998
0.06026014566706817
3.95346888416533e-05
3.831768511983164e-05
0.12001605006908939
0.0010458866275111312
0.007060870073670904
0.009249733578959375
0.04621625448116747
0.0004243422446949622
0.0038076112816498565
0.025461231164120184
0.6389485086065115
0.14086980753984674
0.00012633578995747372
0.19712910426997135
0.00010825288814313652
7.644986448206051e-05
0.00489041467829527
0.0015383806367963836
0.033468584813969936
0.00017357476380732917
0.9716350184088929
0.0003070483167336467
0.0015255383839972761
6.919022579972113e-05
0.053848952568616194
0.022880232541315878
0.0009941873367306975
0.0007060061757336037
0.00013157480183606271
0.006560751111395194
0.0034023627724025394
0.0017202920423727234
0.0038498924236582276
0.001145187623411727
0.008168794277026359
0.031859966540427255
0.00028727837107749623
0.00021441577856013948
0.16310931523103767
0.0012332898479680567
0.17043070065370194
0.00017283390490612874
0.00018994349624475512
3.5134815407981333e-07
6.5910616234215654e-06
0.0019092877529352504
9.251661056681624e-06
0.002196651364274724
0.34623716019000866
7.826738447606713e-05
0.011485765246480862
0.9636027083354042
0.004070447239074671
0.0007855251475477211
3.0085036885117984e-06
0.017399946828077023
0.02482664731538707
8.675449896970607e-06
9.812689969687856e-05
0.0024170373727130903
0.17235340701158586
0.0026995550595956845
0.0024355800625339664
4.4066421310586165e-05
0.00011889585523591962
0.00029940008002207524
0.007756436316374051
0.056230553129194415
0.00017906666600186907
0.0005048837211218068
8.295479577835737e-06
0.42758018476997495
1.3180517048105654e-05
0.14954726668336132
0.0009898949827433065
0.0013432294088829126
0.0019856440387011317
0.11448842016868589
0.000516395949561572
0.0002168454057537482
0.0021850579338575735
5.174931152934107e-06
0.38607624033350996
1.2210162513551893e-05
0.00113938753206359
9.26096400748128e-05
0.0020613966939971294
0.004321493717150554
9.181475566446473e-05
0.0006182076873192079
5.4521379631535465e-05
0.008618429940856822
0.008262080039995724
0.00016837674583022674
0.01770480897076401
0.00010451937984329902
0.00013598973006279395
5.9000771023020045e-05
2.3166258364985532e-05
0.000931217153279847
0.27271546909246935
0.0006869497888156473
0.0020025903966024226
0.014161099262402358
0.02787342094614931
2.6570847723271613e-05
0.013707298606539
0.0002556084648157274
0.005457581909565669
0.0005681719019937737
0.2626138956069159
0.005919550960470288
0.00011660331822653323
0.5968406328744857
0.03807513678486585
0.00013688568765126593
9.900974787106524e-07
3.080402467821847e-05
0.0002096988459182322
1.7646707078481463e-06
0.009902040064855724
0.0012028481288904073
0.08806923493601719
0.0008468556913577143
0.0019597788514270713
0.007865275139373237
0.005216053351006822
0.00816373519010268
6.591553050060054e-05
0.1508634339689197
0.047280249753571306
0.8943132750097115
0.0007153143671327048
0.0010671005422368263
0.00011168031010044015
0.055953268225795015
0.0002129003866760773
0.0006094558604361292
0.00039698460000213697
0.10448228386193271
0.0019970234917212437
0.00012647667102253996
1.3438047154251506e-06
0.7289697374090681
0.000224780919926891
0.0023850378562742997
0.002443227600733904
0.11478999092455618
0.23596220844868987
0.0003041284216873285
0.00035062385900805533
0.0006875833388671629
0.23170046044702897
0.023668777667544105
7.418295411822536e-05
2.2523111054673152e-05
0.5001181628655119
0.00011655489536277867
0.10147645605177294
0.00048311137544984064
2.3690525907643834e-05
3.511164041718351e-05
0.7968597930180336
0.002322124077637848
0.00012602489407129722
1.0237388304292851e-05
1.9567597372172413e-05
6.803800175573671e-05
2.111329161803482e-06
0.0009168915528178607
0.0008849285336119164
2.8684784039386883e-05
0.019491231052222682
0.04338770706087305
0.0022709941902572606
1.9850529472341575e-06
3.331297296111649e-05
1.9347939110989795e-05
0.09173881644072186
0.4734234697430393
0.0021050874324817503
0.708536867657356
6.064869457528015e-05
0.0027350848538298007
0.33461604263440675
0.08877181470119433
0.01287217393054752
0.27985940648247626
0.0003283327520296662
6.4753533532489374e-06
0.00048447722763504724
0.002872856727197045
8.673212307780855e-05
0.0008145925449866087
0.6489293494786463
8.845087267133142e-06
0.26533707021893616
0.001266733187953135
0.09000553153624102
0.005487643987570552
0.00010122618853821839
0.06805071855985688
0.6726674496162783
0.17543988218089424
0.11994059591109807
3.2053214506399e-05
1.2471246698390197e-05
0.4941881679118839
0.16604768358168787
0.003361819294500916
0.4482724612526662
0.00042631548185008243
1.21660067640264e-06
6.187282335166958e-06
0.014173006557380127
0.0030595865824393493
0.06804977976022156
0.00220394149735556
2.5682530887409282e-06
0.0005301421928329356
6.720354957182032e-05
0.22723129733228797
0.7464946529379981
0.00024136897046488643
4.461335579165593e-06
0.3268207571164645
0.09962500905668441
0.01952038599645296
3.4903720425715694e-05
0.0004916731780639766
0.00497150442814505
0.0022549382018513748
0.0005650038024803788
0.20847403591381047
0.0005787382874725799
0.0018925869218731084
3.48527836476971e-05
0.2692830090035911
0.0002689530638978723
1.3036903783889947e-05
0.0007015394266750678
9.73185107282843e-05
8.813875815577914e-05
8.115442037096304e-05
0.0004609018197046537
0.009071027294013002
1.0552748443235584e-06
2.1353153182787036e-05
3.2418929003473596e-05
0.01707060697505717
0.0050979410875622985
0.0002132479253183572
1.2099900451271118e-05
6.09885859704066e-05
1.7345368105347152e-05
0.002309220937908027
0.2296545925179397
0.20251377584812943
0.06183544772974306
1.7644133135873925e-06
0.0002415251751289109
0.008245424728608359
0.00012452951163506752
0.002811563961224559
0.001687044518482215
0.05287722788894115
1.0709312040941795e-05
0.21697936688926786
1.4480260746234893e-05
0.03954303569878545
0.00879594409928215
0.2378418492360011
0.00022133498741130163
0.014586909160091147
1.753189799708206e-05
0.00035055042797259165
0.0001667334390032938
0.2000309935490776
0.4488657826221897
4.530944095267145e-05
0.001207051888318959
0.010287487166318734
0.10246262036393414
0.00010325951952230165
0.00014691079937579688
4.22014851639578e-06
0.33448702474166675
0.0013003101764974085
0.0013800121001501804
0.006522784675746484
0.0005104105197933665
2.800715681237775e-05
0.0011339461264392163
5.8525204657345236e-05
0.00018349457490312145
0.04640170466309734
3.8766966347217444e-05
0.11905174637700783
0.0020676246237207384
0.013083288361238237
0.20884219438667181
2.1190284789972887e-06
0.5917179460009085
0.021813351950191576
0.00015398667856540577
0.07469468553772877
0.0007121999365964778
0.009944428544818432
4.300396328765959e-05
0.0010069120067381786
0.5951038237459771
3.01784165584516e-05
0.00010536340018136076
0.5160570136645193
0.0009960349000011043
0.0011190758615310678
8.038880237872973e-06
0.096324077777031
2.0839197781925296e-05
0.00014110846696950273
0.0011336361036925818
0.042047764302010605
0.0006059933382692459
0.2570880017407587
0.010516178012404091
6.826584751916424e-05
0.0036729685075631412
0.02688589127658199
4.513213710752671e-06
0.05482108331638747
1.9999557693898152e-05
3.5816125780305934e-05
0.003007597060075228
0.8963860253918503
5.672587143237761e-05
0.17528426496515348
0.0010354866042196855
0.002598672516938411
3.620965704794908e-05
0.0005397927131417173
0.004843877970578868
0.01702914704989249
0.0011354866938467333
0.007472302273571714
0.00016888655745634645
2.78207041019718e-06
4.601264207305117e-05
6.023561953422683e-05
9.591176819901039e-06
0.020788348528514317
0.7435710818577904
7.871201623539294e-05
0.778941416130833
0.5784849839793664
0.046352630029779504
5.9761901313915456e-05
8.074448135609729e-05
0.0003032216371685384
0.23504455415753492
0.007591885136841806
0.00034921763867136707
0.013467157757758556
0.0036257894019812004
0.016033604054866528
0.011862303064896761
1.1190229114871074e-05
0.00010899688307052449
3.852075178277842e-06
0.0061708479713853594
0.0012390389479669537
9.654131999904096e-06
0.02038106222799509
0.002018726015334519
0.0006455233340000734
0.6492866894033292
0.0010458777796971078
0.8983143496459646
0.0001162881294042763
0.1644661191293821
3.5285719756863547e-06
6.913619301441064e-05
0.0010380254611699708
2.6452098926548804e-05
0.006960591743576543
2.3790075966030274e-06
0.030321786179999054
1.3822730281012399e-05
0.008145715452658027
0.0002303876545235007
0.0013056055931903966
0.24253341845482432
1.9891170153071137e-05
0.005554804949775434
0.03128451589253329
4.151525309276166e-05
0.0030725786659838265
0.008203491678230646
6.820953001871941e-05
0.09791387535312271
5.490890793692757e-06
0.0001307116888466874
0.29399898072327224
0.00030585290138699555
8.654208830674794e-07
0.01684324609512185
0.9422644780972854
0.00010754592160848285
0.0007721941112331252
2.010220252319725e-05
0.00014328993335301185
0.0034133575783498456
0.005361579402016707
0.0009640141953760996
0.560012864323141
0.0031344162710303827
4.403342755015115e-05
5.96534319162564e-05
0.003788302790241537
0.0003147569164922066
0.00035830277202219467
0.0001344567735216163
0.003011752272945257
0.0004049913478095633
0.0004745381347077073
0.00014317095353811864
3.6872378017942084e-06
1.9929989718245345e-06
0.0005554588738468499
1.4112276995872023e-05
5.041012011433049e-06
0.08049289835524619
0.21038073797314938
0.00013787780700793927
0.10254759663251228
0.0001522492764005203
0.005634125602494961
0.03891562696155087
0.0005665728342369577
1.1564125657068436e-05
0.06029688924168397
0.00012233448248400944
0.062138706089719706
0.3264759047170896
0.09068181001004764
0.03656118453328018
2.483507620048321e-06
0.006515181143779452
8.895865801399922e-05
0.003043053743425046
0.001797514715401262
0.0005087460247802198
0.0004447776099959033
0.005855887678851173
1.3218817859818052e-05
0.0003439837783160746
0.05771766763247509
0.009015236704176997
0.015347637690378738
0.00015642202482301314
0.7740743807896937
0.00014603102397349924
2.4948197922664612e-05
0.001699161250531406
0.0002530338673535318
0.7686558081135935
0.0013468713321209802
1.8728693995633646e-05
5.227833508184231e-05
0.0005595452251116836
0.9197904493162421
6.907887127559148e-06
0.00010573022065518827
0.006753477456173234
1.685665007532428e-05
0.00011787391816389448
0.0005416683915053693
0.10977276254334682
0.00019071865497762182
0.12782116318003944
0.09697049348148548
0.002651648104891716
1.6135374966429702e-05
0.009707660110204158
1.5734190411849522e-06
0.0003263496192930724
0.12111381977599253
0.001573117154652141
1.0335168109207595e-05
2.6917673173691066e-06
0.030965005495218977
1.2406290673082682e-06
0.0008097559922274776
9.363364357708681e-05
0.09537635954517347
0.0034141152306348993
1.088540882467279e-05
0.000382752483680424
1.7992982979648304e-05
0.00047421670293772665
0.16425462098296742
0.00019682853623518228
0.009664640175724836
0.0024317352216663888
0.00047179024815111975
0.0008383440360579279
0.4308692022352087
0.4394911976923317
0.05440345904369357
0.0003330674094042716
0.1503893401530821
0.003995434540435681
0.0005391993275091235
0.0001806576281132723
0.00012229615165812528
0.0005168907868445501
0.017217314907750806
0.05041744618095472
0.00012072658146549566
0.00022382007351813907
2.1657045762222177e-05
0.00030152003372486594
0.0025467006902023365
4.379596530009812e-06
0.00453892781542607
0.0021924535421950567
0.004522779623484572
0.0010254071977679816
0.01103881000462506
0.002902770022224009
0.0004210666034946713
0.3023062249756767
0.003508531418264355
0.00040342522651812376
0.0010284161530475613
2.3585940161904988e-05
0.00017189311160218637
0.0003133739216673296
0.0001034006916338818
0.0008292915581259629
0.003186748529769304
5.727469316818611e-06
0.0022313585446418777
0.0018797943798185798
2.3100705594845676e-05
1.0420051824994319e-05
0.0011975780914534337
0.0008276740380201639
2.3013302507672776e-05
0.0002730488450697572
0.002076851263886637
5.9179579086932334e-05
0.15324296320966763
0.03415044393005319
8.359479796727863e-06
0.5657068182256024
5.600000506472584e-05
0.0012751177723449411
0.0015812478300651974
0.07199729066172607
0.15825426076143478
9.12016624168954e-06
0.004065865934108254
0.0003061419105753248
4.0742619188403286e-05
0.001698603954666539
0.13408040857719825
7.432500664551013e-05
0.00032277830393928343
0.013381785665921464
0.2524391255529703
0.07924410857049906
0.012823870454072978
0.042982041307343365
0.000983565186739823
4.7280083118314675e-06
0.0016374297028345244
0.11864270541526543
0.004724770560893927
0.0003058362826310503
0.017040453624865518
0.5501565410661293
0.00017478217027035409
3.3129624571586934e-05
8.856066645853015e-05
2.0783473288752605e-05
0.32024585151811485
7.745841874366584e-06
4.9979755219210516e-05
0.00015326374812946325
0.00033820173185180116
0.1606056856194491
0.0035231547593100885
0.00019591708041984373
0.015121302225521287
0.00043854569293505334
0.00342364618903576
0.007859078875510343
0.004157108317712641
7.68621644838692e-06
0.08226006945608769
0.00011248346750794657
0.020642175190057458
0.0017669161804619088
0.011079723228017976
0.0026926004449361034
0.004448760674062734
0.0033033217392481828
5.1825412134950996e-05
0.0021737168989773
0.0036047967990246953
0.004649745289045535
9.457030402053142e-05
0.013032914496282227
5.170761456861929e-06
0.0007023075566346232
0.03378579850503355
4.098332193158352e-05
0.05266067438099817
0.2582022823999783
0.008603689482693884
0.23398630344480437
0.03899578256850955
0.10266965548668566
0.015538756992725479
0.0007610695567499105
0.0007064272618299528
7.303540137078945e-05
8.692464307060821e-05
0.02893734729873865
0.001504375460620821
0.0003730761184412057
0.0006101375495810483
0.0012987200147639186
3.129801416032354e-06
0.0001765502050808303
0.004395345023780372
0.00031240473677595374
4.9093493899352794e-06
2.88575528881352e-05
0.0004470693684558649
1.1321763948758822e-05
4.86877317146095e-07
0.012259396683661062
0.000386442167651427
0.021169055995707335
4.379078934765331e-05
5.255380502225049e-06
0.018121026906702618
0.0009619970684066792
0.00019403073520145628
1.1936483290823411e-05
0.15803993131453262
0.0005468818495000356
0.00028380071449188884
0.0004151469793432647
0.0032585990662437835
4.715971095565767e-05
0.00808395305403067
3.10859359696893e-05
0.0053144866790400995
0.0004998335984307562
0.0036048293962342554
0.025909377601148184
0.05614154225742161
0.00916506279280224
0.00029920848410195733
0.00500135974670644
8.064474699193746e-05
0.03526504497327534
0.12820908114998708
1.7318728254119297e-05
2.901558386903455e-05
1.0
0.00972165083254722
0.001745574205270086
0.0006008244103912105
0.001773368332419847
0.00010552306102273809
0.0021544284315691384
0.00182002669757907
0.0005881911871984053
0.04283222080681119
4.6910044761467554e-06
0.0004390415779854817
0.015163507229761616
0.0001342385613977998
3.1438621459762596e-06
0.8634461986699117
0.007995732897426897
0.005043770113366994
0.06112618833065269
0.00043245109161947404
2.7288681207139007e-05
0.00034573200741127815
0.0497264300430317
8.542002718372419e-05
0.0074367242820348916
0.0002850805042229273
0.003973961361475381
0.0014088924128899157
0.024158611278854856
0.021436124002281856
0.03500138011537886
0.022697913554201435
0.00011091060848970958
0.016592176798999277
0.00044144562219051623
1.3927895391218032e-05
7.329429348366845e-06
0.0006828081969224703
1.9009261016018275e-05
0.00014815812286820683
0.00019648467933130358
0.0001411348794406416
0.008371297456300225
0.0003568763530574399
0.004656803981938497
0.002394491047046639
0.005246309615245797
0.00016089765080022378
0.0009212073069449715
0.0001677749344010548
2.3821342220450326e-05
1.4158433334899373e-05
0.006829395891563564
6.289355985682476e-06
1.8920645381886988e-07
0.4070669656907445
0.0013037532567571615
0.9702717025194273
0.00018250591899996382
0.005139371209563948
1.8028064998820742e-05
9.223862125502188e-05
1.367354256653464e-05
0.23780642817674458
4.291115661215026e-06
7.348834519401519e-07
0.00154239055924666
0.025783932362575975
9.606942640446507e-05
0.00027871773264941596
0.0004415287741795451
0.0016470476259337462
0.006987718210023356
4.996894284121814e-05
3.002645207832691e-05
0.011806856142784402
0.0012875291598848314
0.016637194476750192
0.1341350675781881
0.020375131398552897
0.0038057974797750652
0.00038853694583076303
0.0003315718086831565
0.0171587051249623
0.846544288460879
0.017203940738342846
0.00027524092009869895
5.8104680516674805e-06
0.0711363815929728
7.150331069299075e-05
0.1411664980277715
0.0011028587497750719
0.226219390538063
4.894388429533114e-05
0.01500605339409938
1.2401816642972626e-05
0.007828196279173397
0.002091314412931105
6.134845043255127e-05
0.10752316019181117
0.0016797249314941696
1.69508691080452e-05
0.005970209352498315
0.00011442311061919684
0.00017832605449020548
0.2324923155870508
0.6749982953902232
0.0003293456521074339
0.00017349327078342968
5.9500225031325384e-05
0.0033961802459351025
0.2012997738054245
0.07838245442267013
4.614198423810688e-07
0.00010628467154038149
6.875807265967992e-05
0.019070507250574065
0.002830823091144117
3.548590076752328e-05
0.0005180493848071895
6.633011898352628e-05
0.00018744713208550303
3.344545005809307e-05
0.00010164755112875576
0.0009023689138659461
0.00025003862036475794
0.054704795099655035
1.1403218772803346e-05
0.0005032492621088973
0.003407514994210675
0.0026532022932760847
0.006501577862555729
0.00014773958342885455
0.016394550162275555
1.0869194805286005e-05
0.00024365012027941543
0.3295033398204433
2.7580489899124055e-05
0.1090902626592585
0.0005085981149418421
0.06107381672242509
6.270995874853754e-05
0.0006859626754590135
3.2736715415867314e-05
0.0001191025928509246
0.19000666986208778
0.007332765726981229
0.0011430869660928097
0.0024099200048429215
0.013976381120664315
0.00015836957712327937
0.0001590611327450206
0.0013613907113519388
0.0021247884874280544
0.11639690296701562
0.01093516391710875
0.011935595562219839
0.0005314399110292321
0.0009255344700954281
0.00019371154448963288
0.0055095479153714644
1.4555467165433552e-05
0.030208347890730982
0.00010436373544381386
0.00019962926228637325
0.0010580421269559771
0.8310216686366941
0.3983177405306631
2.1278963607346407e-05
1.939616733738816e-05
0.010702966542623604
0.0013300209031506798
0.00022523568010490147
0.0005532547203875802
0.0751569325962635
0.0021488331205482005
0.00013080897114396738
0.00017540659601365813
0.11077090027625375
0.1608810817473917
7.324120036078703e-05
0.06671466511376933
0.0001456443395750962
3.091859736959284e-07
0.0001909009519616198
0.0006137521144468068
0.02425108118023638
2.6606040703927485e-05
0.18989028851047088
2.418388794860455e-05
0.04651324672611788
0.00015064058955641896
0.020220704446635502
0.011329760589620772
2.486624286242428e-05
0.2674019525660361
0.0039022435422112513
0.010998175254536668
0.0004449532856717094
0.000772165414046852
0.0045008756956836605
0.0712940626777531
0.01312736071991192
0.12561173549226295
0.09270343306601518
0.00036520168037901046
0.014648389360018601
0.013471181184767079
0.00433744958555565
6.031051307842302e-05
0.0002395592723459416
0.006204258714160879
1.74878699356878e-05
0.00799914442824454
7.817261050802773e-06
0.0023107187796872998
0.0001978727674701742
0.15210989165616007
0.00037775355607117314
1.7539788413029423e-06
0.00012700039467202534
2.8894335710373398e-05
4.207440801723621e-05
0.03069679379226333
0.0010604447741377448
0.0006756462407263677
0.0015719175773403408
0.0006606774856779062
1.0360264376489981e-06
9.797662497767406e-06
0.3527576750158357
0.003037752040127357
0.9127451603958516
0.0009271376707127419
0.0002574365861790038
0.0022490641846887004
0.00042684699099381537
0.003122110358747139
3.0746321068751074e-05
0.00021128619905286274
1.1376444312562802e-05
0.0004938023579412588
1.7765137216220784e-05
2.9999923188582487e-05
0.9038147022014085
0.0007455447282319407
6.693524834295698e-05
0.0019293599503961137
0.14431870407313394
0.02297797573985533
0.0004204336064315321
0.0006049785172844863
6.692122717714856e-05
0.012931706680040988
0.03876354514602409
0.00019048034609201863
0.004078293387415713
0.11712697615008434
1.460711700741127e-05
0.00014499802713394488
0.0002001254529356412
0.06475726787412303
0.0005091614645741987
2.8469853465014862e-05
0.00010644978950389496
0.0027706474781106875
0.024047378423650713
0.0027993516495001948
0.7027891488487955
1.2117708859842008e-05
3.7736258642497896e-06
0.13817209973063224
0.00021239872435234756
0.00017158391833811635
0.00010220865970295505
0.0011069317711095677
1.0148738264711845e-05
0.00015581452343449393
0.00014275324358133102
0.19095090857466201
0.0003725638765766947
0.2876235476950562
0.005725672537171522
0.0044923566478024205
0.6168551854299636
0.026569655501805168
0.006194736603574042
0.012070934519567866
0.0019130081423134725
0.002944422038087876
9.909051832367563e-05
0.018408392729995598
0.02667409137314167
0.38614657579825157
8.134002800905695e-05
1.843985215904994e-05
0.0018723440547364783
0.023660281903383977
0.0002212612798816497
4.884525590792423e-05
0.002266101349102336
0.0028677452519008583
0.00020797963416046718
0.02409912602815246
0.005107922818803929
0.9572176190823677
1.2028484912916354e-05
0.04587651704964689
0.00017326621084558976
0.05028554483219198
0.00013760739569184996
0.05309492136786988
0.00012576423281342446
0.004916630751246521
0.00011712784225393193
0.0040374393046744275
0.0033396138425115757
4.47065962657413e-07
0.010267143713506892
0.0047930374998517294
0.2672402704066195
0.007685420501301513
0.0002368444777779875
0.00012935260349292957
0.0054562109640664685
0.007870620150392197
0.002236659549427933
0.00022893924699461877
5.756347497642632e-06
0.019298639287352683
9.68474463604705e-06
5.918885151906067e-06
0.0023389800947012157
0.009512830314060668
0.0152037573327772
0.4253027164610099
0.04458418856911401
8.172751278537327e-05
0.00020201795378779817
0.6983298803841792
0.0022871565852686385
0.0015657669495708305
3.497397541609617e-05
0.0008396774365568316
0.0002748900635261603
0.0006602147799300655
0.0004930664759354466
5.369351965115951e-05
5.8663837388091374e-05
1.9635675752439636e-06
0.0035746781415775045
3.9761090286755456e-05
0.006900875984035117
0.006480688173646548
2.449388555552818e-06
0.9307114607691981
0.002314636032927542
0.028063069648670485
0.003679978071804552
0.0038598355039228083
0.0043876851452082435
0.717358723125732
0.0005179088093409629
0.015110980086276968
4.966430081700963e-05
5.481996425017287e-05
3.443806270165826e-06
9.054970003529248e-06
2.6399806963199735e-05
0.008714337450823638
0.0006415801776200917
0.0004613862375224333
0.0004526518152208874
0.015007104886944895
0.0009515130490913143
0.0020439408882778616
8.44952140245358e-06
0.7724242988655909
0.004950746525097375
3.427143278845421e-05
0.0012804327473636648
0.0015191947341797298
0.06760774669700928
0.005504518165936389
3.525981583550502e-05
0.17180572918623685
0.00169842362224651
0.18799661043337434
0.01237220165571483
0.00021542715064370906
0.0002168195317186601
0.00026347230878481575
0.014056170707527082
0.09199205391695459
0.06481367036014991
0.0007987345846287984
0.00015968126555224423
0.00823750546938302
5.4365969760400865e-06
4.510435866471442e-05
0.017950992410847993
0.031187003668507286
0.0038112759065160105
0.0020086355491152857
6.795358995311346e-06
0.017562042506380573
5.8697522383996964e-05
4.5668002981666296e-05
0.00042284047378775177
0.017969915556671875
3.0855976480954386e-05
0.0004457383836430267
0.0007568991512518547
0.0005965252459153936
0.0006332090977865319
1.3694358758922892e-05
2.2512595507175715e-06
3.225714716062601e-05
0.0013520307718826615
8.542165704420218e-05
0.0365256032820224
0.0010288988245862574
6.241439373748213e-05
9.320649643708513e-05
0.41870429616703264
4.884838829603036e-05
0.0006084874322656895
0.00517709921990845
0.011945463203228009
0.0021314713810622337
0.013564477192573733
0.6749047730646472
0.0001823110924635413
4.175462066005925e-05
0.0010331355304801855
8.3024830792713e-05
0.005502532064525353
0.0020579679332258616
7.91724081634479e-05
0.010375402771850334
0.017723029879559087
0.01369407531564386
0.0026013263954710003
1.2467843600076844e-06
0.003266183272722291
9.987313512346168e-05
0.06515111667351287
2.109756828488011e-06
0.0001475567480088058
2.1979352817644194e-06
0.10045303033503838
1.3610125350190724e-05
0.01590088684451595
0.0008100161296016252
4.022797982823382e-05
0.036966962048671205
0.00264244242007482
0.1184880120975785
0.001096716154889346
0.2287194288685069
0.17746385968674086
3.456349796517965e-05
0.006887160940950047
1.2549819252426491e-05
0.0005422430337424662
0.0045549474812270185
0.00014324259463752167
0.026819543847592834
5.6437534251690195e-06
0.5368221290776463
0.6300471382991819
1.5959058988292906e-05
0.08752741343220279
0.11772224962678603
0.005797094886014712
0.00015281562381197028
7.050394427812063e-05
0.06451747162441507
0.07010755405293975
8.512199555346325e-05
0.037340123727525557
0.20483143372243517
0.0007375594596572421
0.0011203912753554109
0.00016776803659867474
0.0013313910337196411
0.9905069176939503
8.275102878473646e-05
0.008313627404495887
0.00010370073148508884
0.9972433266327384
0.0212804043381682
6.6848900171495765e-06
0.00013566185161252982
0.0004784887418784456
0.18474702255282416
0.011366899987495509
5.533924216415804e-05
0.0008914756249426975
0.005037096067546838
0.03279884440905217
0.0007220043040925211
0.0002872753441937514
1.325844657125024e-05
0.00023057482653660694
0.007096657618697754
1.5109103120387774e-05
0.08387271860742966
0.03402299442876748
0.04635407175779089
8.095157719422124e-06
5.408293624871201e-05
0.0014883030571915497
6.023383128930559e-06
0.0178528617711892
0.06596083135897807
0.0012156358977821074
0.0002676659397946828
9.020801155584382e-05
0.0007818063880299769
0.00787615515657545
0.0007269575665037369
0.3290332545300327
0.0029390679464176804
0.004731473478528265
0.0005018128311440634
0.005483877147168707
1.3127314654880208e-05
5.3763756451132866e-05
0.00837419953929989
0.0001247026697585282
1.0785658998666906e-05
0.00410844999732832
0.0007394040542532068
0.002429803138488338
5.236291319878941e-05
0.0003682482097635382
0.8510587523834198
0.0031656204155559144
0.16407285149167128
0.00989030320671651
0.0019653327174244265
0.017125845275028344
0.00046654381458642564
0.0004733327946749313
0.0007821358526837419
0.0008500247222199538
0.9164893913731459
0.0028610006564057265
0.46076544053943347
0.004097874996872701
0.0033514214831629765
0.0007275010667638436
0.0012676589487046331
0.015475082534920229
0.0003009501646505975
1.96065685003872e-05
0.00014264248583045622
0.0024038192042365953
0.00044192707133385375
0.0032714642535081884
0.06798550178836502
0.0013936128201645806
0.1609491372701618
0.0017033703652158138
0.006310037590531244
0.005444837331976635
3.300760332062317e-05
0.0010759399741205968
0.00017188899329401432
0.0002655989856620782
0.00010574971349545851
1.3233294794803628e-06
4.9336047644358826e-05
0.0005162309843974783
0.0031282342102373684
0.00013007614512655134
0.9880708667545234
0.0005016719646313229
5.0824364926462956e-05
0.0020443758281882734
0.9938550050283017
0.0013744553236876862
0.24447794072804335
0.021903869744394892
3.7207076961356013e-06
0.0906650382800547
1.192230023039162e-05
0.018485527041302508
0.044308088341444896
1.2122691993971346e-06
0.002834304938799525
0.0003955179001998547
0.17789974584757898
2.5284036495084634e-05
8.407050270794885e-05
4.327598627381976e-05
3.1999014369343e-05
0.00014100152192796038
0.1857234635830481
0.00478277636395673
0.0017352876901190718
0.002699805592434873
6.814062130321216e-07
0.0002590235464008406
3.3409316633389075e-05
0.0012223568603003084
0.009281490711861367
0.00043336701499880134
0.0002353458792777789
0.10045311974452746
9.889445834974903e-06
0.19529527094423124
0.0010576314021155237
0.0033263977695699807
0.003334721001356651
0.831534283040743
6.34329463563612e-06
4.1069249776738954e-05
0.02506910722279048
0.0011741155513611409
0.001148316140599228
0.5984887477898289
0.003446688690799154
0.022542074677435676
0.09631626189752741
0.0003994148674980763
0.012834142300479691
0.3483918692704692
0.03687304110578985
0.22535082205641202
0.011419653448749383
8.64902561485726e-05
0.0008013200090213121
8.931319801607843e-06
0.0004577596233309983
0.1624635999009143
0.036631877635978076
8.456496514063905e-06
0.004169276856041312
0.5485582570393659
0.2392301252745011
0.003204705401166948
0.000465014306946438
0.0017782969140866817
0.06804999583315349
0.07905995482616081
0.08345774681624507
0.06016884740253311
0.15067959315779325
0.00046018421541991605
0.0005014985591183254
0.007796194667199705
0.002632357309111443
0.0007964168066104917
6.697379017756373e-05
0.0012717308058530733
0.00019958164707669482
7.37910672633859e-05
0.00015435112701014478
0.00016374277599711428
7.784527244075638e-05
5.086144789041864e-05
0.10537138672290867
0.02412152124246888
0.8224662534457714
0.0008494334903315631
0.00018105381518035502
0.00020711898051413452
0.001316191420576333
0.0013537272238030374
8.105501694431151e-06
0.06711805837611828
0.0004344373094491154
0.0005195368653305661
0.026798601537473935
0.000979445597963099
0.0001372030156654002
0.00020665953448724983
0.9594501144183264
6.36200248167721e-05
0.008096890420830529
8.268801721447132e-05
3.497410444008543e-06
0.05128727757163893
6.309865136788664e-05
2.0665010081421588e-05
0.0024192840189633936
0.0331494041141466
0.01437132518629536
0.006684413748278905
0.0010506587425720788
0.0013555646586547595
0.0011179578936617726
3.959660534940978e-05
0.0007552412338899226
0.016218923847958158
0.8457649953540728
0.11094162769564872
4.264562214420995e-06
0.00010414909591595577
0.011281970286359584
0.0025621787766501695
1.4928898814827687e-06
0.0008119582247797553
0.0005526826975691087
0.6176714940652483
0.008998275910368616
1.3799157431903837e-06
4.630769775270722e-05
0.017635777394404816
0.1364485679112517
0.00037098978061077357
0.00012652451906942948
0.0007118900302684487
0.19906704004416162
0.012963407932012307
0.0003795296674224108
0.00819487577006957
0.0007464325365180227
6.553838593331053e-06
0.00015103171241415936
4.3034497705051924e-05
0.791792718846663
0.11755265472758604
3.5799093974217787e-06
0.10225291040730103
0.059795383966653126
0.06363307021240648
0.0003866323956529295
0.0004865513415118945
0.09781314811288527
0.00015502335714336128
0.0029321489558514035
0.00010011540951781712
0.10202484170224384
2.1866093558931453e-05
0.00018946404077003798
0.0023046580270812897
0.0016332664570807114
0.0002390017290915379
0.0035233375365208344
0.03776801146448657
0.001675552605089122
0.00033207255421036736
0.07925576160724225
0.6362358843142025
0.05019480165156828
0.016345740032029567
0.0009018169732569355
0.0006530376311059358
0.0005872058783301579
0.0002005414893749737
0.0008696434692121194
0.0014777264268754533
0.03154854956457222
4.023457203177426e-05
0.00046852269804391604
0.9701654244400761
0.010243417601691587
8.740487709475012e-05
0.00900449452660378
4.0977511915549255e-05
0.0005095427355074427
0.007230427253242689
0.0034027103983587732
0.0002815533988346038
1.6459353393407212e-05
1.881769601959243e-05
0.24449378110919173
0.00253080978337915
0.00032373360591194506
0.06501680871933577
0.13295302942782866
0.010700963211258943
0.042275650462694256
2.0339247175505567e-05
0.21743419296020908
7.996839127438604e-05
0.00013905519202305264
0.00786352327219661
0.0016245872171982059
0.02528578925687401
0.0022335700324732986
3.404752706720897e-05
0.004831389979596513
0.13363210939895973
2.9672414003582908e-05
0.9223022598960814
0.015437943137045492
0.008322694085497732
0.00010464616698092834
0.005532921511649101
0.007609056415489059
0.034579978291771396
0.003986268205107468
0.00010624345935400947
0.01353314009800064
0.0023011147104021407
0.006249716454240851
0.007848384196728198
0.0006754678292133306
1.523014027032633e-05
0.00022760983383295576
0.002521216890280126
0.005577864215818029
0.0014787077193018085
0.010836912202100162
0.002695347225515938
0.0011783615707435147
0.0054824913000879934
0.003264060030193893
0.0028403167955911948
0.03060718499453231
0.00098000068187446
0.05736277529255574
1.243860946993474e-05
0.08753104941809198
0.09105385034489313
0.0738162969138607
0.014360799081654082
0.07416906950380983
3.684206110381614e-05
0.007768226261397405
0.0015146269337715586
5.033096468564729e-05
0.014840851667399206
0.019221601836325607
7.091021610691091e-05
0.45323063466633934
2.7412659745908933e-05
0.03927443469201278
0.0004904510155426955
5.5993954935317586e-05
8.673568839760414e-05
0.00289613206617158
0.0003266308575394798
0.006926862479496183
6.602133318457574e-05
0.00012395309401423568
8.33089285711197e-05
0.7990132503656471
0.002321092608792492
0.04845289245678677
0.0011731651098652617
0.0007934870741920027
0.08259440878970517
2.8736511517453742e-06
0.002688930231976882
0.0012334203532249014
7.551478296595395e-05
3.2134496521575876e-05
0.045964637551924294
0.0016721712266903215
0.00026821072065945085
0.0006907176769849424
0.9607624072926914
0.01664317932442537
0.0006216459362068296
3.0417819014381597e-06
1.4294386718155462e-06
8.567401607236386e-06
0.04073567632439142
0.0002795574309467459
0.01875396599337623
0.00320555851670857
3.7646234317658943e-06
0.002793781019223638
0.0009626247975279164
0.003411635281499033
0.404329843198428
0.0003176584173988446
7.519074632967364e-05
3.3814402447635105e-05
0.00012672960499546793
1.4824405968066454e-05
0.885818777484014
0.003940494272094765
0.17773247559509503
0.00399519564945705
0.0007691261899298239
0.00033647710662887707
1.059362559925771e-05
0.022564723218637818
0.03482674848162746
0.0003821251038150036
0.0032669798088216058
0.006566039775809059
0.005889168964137297
0.010020455482349153
7.49028940512373e-05
0.01320556794508777
0.0017798196694475462
0.04965036119480297
8.211841008206537e-05
0.002321970637915706
0.00021715956136088068
0.0051522899493869154
0.016971891448323985
0.00033963877401431425
6.995165823612107e-07
0.0008762095949849114
0.0001051523332494611
0.0008200991450301019
0.1031563709420648
0.00022206127943448002
0.07396231751110706
5.429343200182807e-05
0.0005901274032369541
0.02131231793767608
0.34026448710692725
0.13186497555207202
0.0017939961958850993
0.12851527884691719
0.0012934025949544777
4.370893784483226e-06
0.01358788757713073
0.6245839204848685
0.016937820844892093
0.00010859862229703003
0.0007153587226214271
0.0006636541930037429
0.000673017974287004
5.572780745065731e-05
0.720567033625491
0.00012857511638795146
0.0071440632748861355
0.014114622161012008
0.000300594651333836
0.06189698753599657
0.0005869184407930038
0.0011346853845845902
0.006389208296086796
0.011478240879165618
0.011707973904608043
0.00023048946259407224
0.1118356108245702
0.05499235836890306
0.0007632911730000157
1.30362471101929e-05
0.0005790084368468067
0.004928782059621566
0.0001507210057082169
0.0005642283381486725
0.003342786715187799
0.0015381491966085091
0.5663003184141041
0.003045079892836398
0.4255882307627999
0.010547423834790418
0.0019866363908950164
0.21363653981319053
0.0009699447337717785
0.01867749107705127
2.5724362585045054e-05
7.257936786428055e-05
0.0037663725518357655
0.000553379521132752
5.433625949635239e-05
0.31966305066513956
0.002969222460795387
0.0028950591523026403
0.00014750012490952135
0.0017312710153896721
0.12608550147330727
0.0007089134393612176
0.0002938495319549791
0.00018842186141296925
0.00013341505983896986
0.0010437736298200232
0.008123784981415045
0.0005319389975913135
0.033107053819486525
0.5662681309980359
0.002967774446179299
2.7300923351131048e-05
0.0030475812629956896
0.02264695573351988
6.640788739366655e-06
0.0007681118346194865
6.677897819346689e-05
0.0008038463509714987
5.0313814769814155e-05
0.9719397259476716
0.0015742643435914345
0.004351424009293932
0.0017769886017972784
0.2260844120127178
3.183366720669981e-05
0.149830128503642
6.394959861297984e-05
0.05058827046062954
0.012560083589477862
0.005893981243617167
0.0009992463072357716
8.047558881110124e-06
0.06508349329660665
0.00029014180310011267
0.0008011290825081762
0.0010798725946167744
0.001237432953303106
0.06431223214223587
1.135222014740054e-05
0.06007209888455965
3.8883464990579454e-05
3.129993519521675e-05
3.1417397930156146e-05
0.0002028028480265557
0.00036190051439944824
0.0051743275257470234
0.025218804785275176
8.8257681452509e-06
0.0003366585159210076
0.001046865824402586
0.00012204436731892728
0.0002558981434110387
3.1716269957226054e-05
0.00040263378373280284
1.3155353348415623e-05
0.9726589358778174
2.254983640081447e-05
0.033046072822539754
0.00041717991013839135
7.0999832838729075e-06
2.037363795920743e-05
0.000977199766643035
0.008499464096196254
9.509138993308306e-06
0.0021634380674542533
9.169646708504207e-05
0.0005920697894615981
0.0008073531122084987
6.319163113648872e-07
0.0002474950193562955
0.0007514032035107713
0.002247243630534786
0.03855809704170371
0.7884453467882243
0.0017014617985960882
0.0002738359512620206
0.004831495222015948
0.012104572045787037
5.776124757718331e-05
0.002646016704103051
0.002705055605871688
0.0009967266593554052
0.0016394437447108973
0.0014871942863920946
0.002159703358587546
0.0
0.001360780794277354
3.774269362691805e-05
0.026091478652633
0.005071169930699687
0.9746108642370485
0.01797043711202483
0.0017943377680738437
0.029351300194287278
0.0031241416305771365
0.0002509236346043063
1.435485731592596e-06
0.0002899973567152509
0.00019117354612656356
0.002005503190113801
0.49060421834534396
0.00010081301890704803
0.0008726560334684719
0.0001372609339216716
0.0006128653539281749
4.612841206270671e-06
0.0009442740237783239
0.010880507710165426
0.2748209135444478
0.0003395386831181749
0.005349673504062204
2.437479523391169e-06
0.0014405073986745065
0.20205526908655447
0.005721314290253378
4.519589903208556e-06
0.022575452357327212
3.217720883387385e-06
0.02867435487470795
0.00042642057874626136
0.37463787577358404
0.006574754872622081
0.00016266043222112366
0.0035422346045770672
0.212675968967278
0.00021401570602209584
0.025955967395748725
0.057382400675408424
0.0015361728743603412
0.0001441748311739546
8.76936243412168e-05
0.005285859343930269
2.793751380129557e-06
0.0002594737371485824
2.732159129170127e-05
0.21220795499669773
0.0009710407567339236
0.31893996632380045
0.253938373668998
0.020884407848342796
0.000740199600794374
0.05161787288290126
0.000409231866412824
0.0012313141078129166
0.027939580242671864
0.05833333392347739
0.01645576958452653
0.0018776551879412184
0.0005241987319720385
0.01686763253326795
0.09215090477588367
0.9224031137997617
0.0014293912845401958
0.0037090959949182575
0.019468416730926207
0.0005786069672854962
5.491210593840064e-05
0.00012801288728467357
0.03186616559833668
