0.20329344272613525
0.09653717279434204
-0.0643644779920578
0.10000310838222504
0.16933445632457733
0.07510130107402802
0.13220512866973877
0.11288362741470337
0.23140478134155273
0.11914730817079544
-0.05810750275850296
0.1179002970457077
-0.04705777391791344
0.21665532886981964
-0.09011633694171906
0.3013336956501007
0.17721667885780334
0.14717848598957062
-0.005720517598092556
-0.027271166443824768
-0.013173294253647327
0.1868223249912262
0.346065878868103
-0.07302047312259674
-0.018743718042969704
0.025152195245027542
-0.14361578226089478
0.0695171058177948
0.21247848868370056
0.05152668431401253
0.2832016348838806
0.24376757442951202
0.2063218057155609
0.22112353146076202
0.2286621332168579
0.2746332287788391
0.010479374788701534
0.08371563255786896
0.05271931365132332
0.0977015495300293
0.04352332651615143
0.19138164818286896
-0.005676725413650274
-0.02818726934492588
0.002736298833042383
0.20898818969726562
0.28624871373176575
0.12799225747585297
0.00025992721202783287
0.1427067518234253
0.0812823474407196
-0.0434996671974659
0.2890259921550751
0.03639722615480423
-0.012433772906661034
0.113603375852108
0.07182890921831131
0.3524312674999237
0.1651879847049713
0.26865771412849426
0.20455141365528107
0.1322527974843979
0.11113794893026352
-0.038305360823869705
0.011126014403998852
0.14699871838092804
-0.019204948097467422
-0.03156808763742447
0.021554887294769287
0.232621431350708
0.22916361689567566
0.05651545152068138
0.09026148915290833
0.1642030030488968
0.05673900246620178
-0.011644456535577774
0.12201463431119919
0.2939518988132477
0.08648830652236938
0.20450231432914734
-0.016413556411862373
0.06520605832338333
0.10980476438999176
0.18934036791324615
0.08691880851984024
0.029179301112890244
0.06894710659980774
0.05912461131811142
-0.06653747707605362
-0.14085158705711365
0.11683057248592377
0.05990651249885559
-0.22262835502624512
0.27293241024017334
0.0769554078578949
0.21255265176296234
0.04993992671370506
0.06682354211807251
0.16576433181762695
0.04834222421050072
0.28023967146873474
0.39493221044540405
0.1743161529302597
0.055029697716236115
0.21211791038513184
-0.05840274691581726
0.01530003547668457
0.018182896077632904
0.048056162893772125
0.0874972864985466
-0.05560287833213806
0.064211905002594
0.21628804504871368
0.029027441516518593
-0.0010873856954276562
0.07899244129657745
-0.04243240877985954
0.29081228375434875
-0.004437127150595188
0.006184219382703304
0.17431403696537018
0.07373280078172684
0.011673062108457088
0.1945572793483734
0.006030946969985962
0.380409836769104
0.11372415721416473
0.04100669547915459
0.08800336718559265
0.24198198318481445
0.0865698829293251
0.1615687757730484
-0.08736097067594528
0.2514580190181732
0.014392762444913387
0.15408386290073395
-0.22800207138061523
-0.054079338908195496
0.07533756643533707
-0.02669374644756317
-0.05605881288647652
0.17648033797740936
-0.031425412744283676
0.09284522384405136
0.12355124205350876
0.028823666274547577
0.18844828009605408
0.062365930527448654
0.009094980545341969
0.05866408720612526
0.1116638109087944
0.0848277360200882
0.27827784419059753
0.10555092990398407
0.2864217758178711
0.14457285404205322
-0.0385327972471714
-0.057182926684617996
0.1394565999507904
-0.022101934999227524
0.02532665804028511
0.08986347168684006
0.0537254698574543
0.18703527748584747
0.1539101004600525
0.1364494264125824
0.008076814003288746
0.39013731479644775
-0.04280605539679527
-0.10225062817335129
0.049352265894412994
0.11297085881233215
0.10189146548509598
-0.04537319019436836
0.11659571528434753
-0.0704914778470993
0.2201738804578781
0.0653674528002739
0.03207099065184593
-0.1945781111717224
-0.002977861789986491
0.08896008878946304
0.05594438686966896
0.15388290584087372
0.023725420236587524
0.05816047638654709
0.1556575447320938
0.05944139510393143
0.07228554785251617
0.23241165280342102
-0.052292339503765106
0.043997623026371
0.1589846909046173
-0.06368816643953323
0.00306368013843894
0.008222317323088646
0.034166302531957626
0.12443626672029495
-0.026023799553513527
0.028448961675167084
0.05362340807914734
0.24092285335063934
0.41242995858192444
0.2260942906141281
0.008861186914145947
0.12241511791944504
0.03917872905731201
0.03474690020084381
0.00315126427449286
0.12890729308128357
0.19440683722496033
0.018825652077794075
0.15554700791835785
-0.06454988569021225
0.07059566676616669
0.03833078593015671
0.12809784710407257
0.16004911065101624
0.03349282220005989
0.026246996596455574
0.1284252256155014
0.23949077725410461
0.10169828683137894
0.028936326503753662
0.1852126121520996
0.10987821966409683
0.11953119933605194
0.02262532152235508
0.3058612048625946
0.12251047044992447
0.08911265432834625
-0.05970308929681778
0.01155510637909174
0.26189079880714417
0.16295811533927917
0.06821499764919281
-0.12408486753702164
0.11622066050767899
0.10618273913860321
0.01309595163911581
0.2099675089120865
0.2724955379962921
0.033192988485097885
0.24387069046497345
-0.0017764046788215637
0.061870090663433075
0.07435259968042374
-0.056972794234752655
0.022687477990984917
0.08285321295261383
0.10586700588464737
0.007479970343410969
0.10610009729862213
-0.040695205330848694
0.16314175724983215
0.06779791414737701
0.2584601640701294
0.13278324902057648
0.3207325041294098
0.16296376287937164
0.20986402034759521
-0.20869329571723938
0.05233295261859894
0.20408383011817932
0.11871504038572311
0.04384894296526909
0.1140967458486557
0.14396576583385468
0.28290146589279175
0.2157953828573227
-0.007370490115135908
-0.10149062424898148
0.12867949903011322
0.14777250587940216
-0.1137591227889061
-0.056840360164642334
0.045729175209999084
0.061342112720012665
-0.028705710545182228
-0.007740603759884834
0.030001109465956688
-0.09183623641729355
0.06509728729724884
0.09413426369428635
0.13386639952659607
0.12220428138971329
0.17398029565811157
-0.022913148626685143
0.07253487408161163
0.1366189420223236
0.1174192875623703
0.032198481261730194
0.037287548184394836
0.08296586573123932
-0.009940450079739094
0.09908594936132431
-0.059896621853113174
0.1239132359623909
0.1864938884973526
-0.02319285273551941
-0.08310960233211517
0.07751870155334473
0.1253431886434555
0.04252352565526962
0.010806050151586533
-0.05640914663672447
0.2079777866601944
0.04921877011656761
0.2966606318950653
0.1923072785139084
0.14637009799480438
0.1717514991760254
0.016793910413980484
0.1462750881910324
-0.015346652828156948
0.06715727597475052
0.06635277718305588
0.13120003044605255
-0.06463322788476944
0.006260855123400688
0.20165619254112244
0.0665191188454628
0.012680280022323132
-0.019428852945566177
0.037671081721782684
0.009633905254304409
0.12154281139373779
0.0018403270514681935
0.17558400332927704
0.10719313472509384
0.03751321882009506
0.07768150418996811
-0.04915343597531319
-0.02629644051194191
-0.0428590290248394
-0.20963023602962494
-0.03140704706311226
-0.11859779059886932
-0.025050483644008636
-0.005292485002428293
-0.01755426824092865
0.061693158000707626
0.1021171361207962
0.019531268626451492
0.10786696523427963
0.23919659852981567
0.04278310015797615
0.19072122871875763
0.04760517179965973
-0.044781643897295
0.08744008094072342
0.05017195641994476
0.05532847344875336
-0.15421099960803986
0.07529731094837189
0.07741804420948029
0.08171108365058899
0.2653485834598541
0.21056011319160461
-0.02115616761147976
-0.00047288386849686503
-0.030620554462075233
0.09572702646255493
0.012910895049571991
0.09684407711029053
-0.0018216094467788935
0.0719546303153038
0.11591058224439621
0.027912508696317673
-0.05657690018415451
0.28981247544288635
0.37865954637527466
0.17433452606201172
0.10046469420194626
-0.05694454163312912
-0.023944733664393425
0.18720445036888123
0.02883143723011017
0.06901384890079498
0.2518966495990753
-0.05348178744316101
-0.14030030369758606
-0.056225504726171494
-0.03813019022345543
0.13363930583000183
0.2067629098892212
0.05428876355290413
0.1344342827796936
0.010851607657968998
0.07982272654771805
0.03918861597776413
-0.015698403120040894
0.15443985164165497
0.08977977186441422
0.10146943479776382
0.0726291686296463
0.27901560068130493
0.052450910210609436
-0.0047030579298734665
0.09159785509109497
0.20428971946239471
0.018437527120113373
-0.015028807334601879
-0.1474136859178543
0.04399938881397247
0.04091734439134598
0.07768750935792923
0.0434788279235363
0.3713286221027374
0.14662578701972961
0.05774975195527077
0.21312548220157623
0.09059769660234451
-0.10066740214824677
-0.11544793844223022
-0.04720044881105423
-0.11639794707298279
-0.0033048896584659815
-0.09238293021917343
0.2472568154335022
-0.03719431161880493
-0.048471834510564804
-0.037432342767715454
-6.568812386831269e-05
0.0750829428434372
0.045835480093955994
0.04774114117026329
0.13266387581825256
0.09422184526920319
0.1873912662267685
0.052812546491622925
0.2283577024936676
0.09467848390340805
-0.08649607747793198
0.07514545321464539
0.18778857588768005
0.2197977602481842
0.010402032174170017
0.11738786101341248
0.2105202078819275
0.32611575722694397
0.11112841963768005
-0.11552704870700836
0.01307652797549963
0.11461023986339569
0.05193423107266426
-0.1199910119175911
0.10507804155349731
0.03611963987350464
-0.03249160572886467
0.027917100116610527
0.17988693714141846
-0.19411689043045044
0.081724151968956
-0.017598414793610573
-0.012005740776658058
-0.01426138635724783
0.16507603228092194
0.2102765142917633
0.023958859965205193
0.06658939272165298
-0.06176520138978958
0.24292351305484772
0.07102828472852707
0.05109935626387596
0.09496419131755829
0.011079750023782253
0.12243807315826416
0.21966850757598877
-0.16303792595863342
0.1695689558982849
0.2730793058872223
0.28080084919929504
0.10483471304178238
0.16038109362125397
0.07008145749568939
0.0939273089170456
0.059991974383592606
0.2392379194498062
0.21221254765987396
0.0470673069357872
0.098717600107193
0.05605916306376457
0.09133192151784897
0.04025799036026001
-0.0032974733039736748
0.1652451902627945
0.17454183101654053
0.20630592107772827
-0.014062203466892242
0.048858899623155594
0.07769986987113953
0.007182961329817772
-0.11967069655656815
0.08172732591629028
0.1992289125919342
0.014873063191771507
0.11471547931432724
0.09272585064172745
0.10345985740423203
0.03071802854537964
0.3072547912597656
-0.06030699610710144
0.4733567535877228
0.01103772409260273
0.2632875442504883
0.09956094622612
-0.008140383288264275
0.07526940852403641
0.11150842159986496
0.1362753063440323
0.09451426565647125
0.2382713109254837
-0.020721424371004105
0.11167263984680176
0.09586793184280396
0.022769764065742493
0.17182636260986328
0.365163117647171
0.14329582452774048
-0.001274208421818912
-0.03659605607390404
0.06953158974647522
-0.04235294833779335
0.057000692933797836
0.2886272668838501
0.18147438764572144
0.5210798978805542
-0.2298794835805893
0.26373112201690674
-0.023213336244225502
0.0063689230009913445
0.031421881169080734
0.4214557111263275
0.020200157538056374
-0.06943517178297043
-0.09936070442199707
0.050634950399398804
0.19124002754688263
0.04790465533733368
0.16330738365650177
0.04929893836379051
0.17053590714931488
0.1456083208322525
0.2931933104991913
-0.006783535238355398
-0.05586669221520424
0.027029603719711304
-0.13620150089263916
-0.13719917833805084
0.08424749225378036
0.29530733823776245
0.0726969763636589
0.13475707173347473
-0.048615921288728714
0.1441119760274887
0.2600381076335907
0.05929730832576752
-0.07629816979169846
0.03062267415225506
0.01082476694136858
0.056805748492479324
-0.05637418478727341
0.16792674362659454
0.0378745011985302
0.13202394545078278
0.2599226236343384
-0.01123796682804823
0.18730580806732178
-0.014766408130526543
-0.01943415030837059
0.09597847610712051
0.10002747923135757
0.059205129742622375
0.08670409023761749
0.052204400300979614
0.15497206151485443
0.14116767048835754
0.07663402706384659
0.1403970718383789
0.10248936712741852
0.15777581930160522
0.19136293232440948
0.15257056057453156
0.16956542432308197
0.1699182242155075
0.11827217787504196
0.1248907819390297
0.2589733302593231
0.21857723593711853
0.022739391773939133
0.08912148326635361
0.09644747525453568
0.08128941059112549
0.10662136226892471
-0.2339535504579544
0.307291179895401
0.270805299282074
0.06391490250825882
0.09019297361373901
0.07190200686454773
0.049425724893808365
0.10764094442129135
0.06857593357563019
0.09419182687997818
0.044930677860975266
-0.009990246035158634
0.060320768505334854
0.08011338114738464
0.13991041481494904
0.1686524897813797
-0.015161949209868908
0.11699903011322021
0.08256538212299347
0.06538476049900055
0.1167486384510994
0.059698499739170074
-0.03443541005253792
0.06821712106466293
-0.0047182440757751465
0.3450321853160858
0.07636279612779617
0.1888674944639206
0.3386607766151428
0.04531067982316017
0.1749151200056076
0.10577518492937088
0.1278463900089264
0.09075626730918884
0.16032953560352325
0.24804577231407166
0.051245566457509995
0.06759590655565262
0.16515937447547913
0.09447436034679413
0.0548301599919796
0.013838298618793488
0.14642871916294098
0.019346565008163452
0.13502724468708038
0.07673361897468567
0.06475471705198288
-0.05432761088013649
0.148193821310997
0.027423731982707977
0.08591865748167038
0.07308933883905411
0.21962754428386688
-0.2681184411048889
-0.16815736889839172
0.2379598319530487
0.030918270349502563
0.04332979395985603
-0.0007483502267859876
0.03971553593873978
0.08068443834781647
0.05215178057551384
-0.10213302820920944
-0.025294166058301926
0.19815316796302795
0.05083978548645973
0.11140706390142441
0.13740260899066925
0.1322234869003296
0.05264832451939583
-0.021498382091522217
0.06962588429450989
0.001687054755166173
0.036845386028289795
0.22552816569805145
0.13540442287921906
0.1565842479467392
0.1949644684791565
0.22667276859283447
0.02868911251425743
0.13612663745880127
0.1929917186498642
-0.11780035495758057
-0.09148554503917694
-0.19709722697734833
0.042087372392416
0.044344428926706314
0.14902657270431519
0.11648058891296387
0.0310605950653553
-0.06217769533395767
0.09425539523363113
0.02267935499548912
0.007056176196783781
0.13474436104297638
0.0689435750246048
0.007229931652545929
-0.00013843948545400053
0.06338197737932205
0.027172282338142395
0.37430471181869507
0.08127916604280472
0.10458997637033463
-0.13584092259407043
-0.010047811083495617
0.11759445816278458
0.0996580719947815
0.11839436739683151
0.05926022306084633
0.08626687526702881
-0.027832340449094772
0.32165002822875977
0.1290874034166336
0.06614334881305695
0.18422800302505493
0.10733263194561005
0.07052114605903625
0.14343002438545227
0.1541050523519516
0.1853605955839157
0.15180666744709015
0.0943627581000328
-0.03319757804274559
0.1846037656068802
0.1253301203250885
0.10540683567523956
0.1397712677717209
0.18091639876365662
-0.005703565664589405
0.12096433341503143
0.13293474912643433
0.3121192455291748
0.1387891173362732
0.06013147532939911
0.07169823348522186
0.05418246239423752
-0.02049328200519085
0.21916630864143372
-0.010497032664716244
0.14223845303058624
-0.0009316412615589797
0.13269637525081635
0.02995908260345459
-0.002902284963056445
0.03324031084775925
0.10695121437311172
0.16220305860042572
0.021108491346240044
0.17875857651233673
0.13762687146663666
0.18006139993667603
-0.07753035426139832
0.1412428915500641
0.17797279357910156
0.1499267965555191
0.09413532167673111
0.07029759883880615
0.15187659859657288
0.21072256565093994
-0.02117982879281044
-0.030154380947351456
0.11369731277227402
-0.007086548022925854
0.04129134491086006
0.045678675174713135
-0.0649627298116684
0.13794788718223572
0.09650574624538422
0.05642398074269295
0.19856885075569153
0.06855438649654388
0.18018287420272827
0.043296243995428085
0.1789552867412567
0.07906237244606018
0.17816561460494995
0.10239013284444809
0.1005445048213005
-0.0724271610379219
0.0019840640015900135
-0.14025403559207916
0.21583564579486847
-0.04774679243564606
-0.0770864263176918
-0.05541640892624855
0.22124113142490387
0.06774670630693436
-0.049289051443338394
-0.017473747953772545
0.05714337155222893
-0.016466530039906502
0.2240932732820511
0.2301284521818161
0.15285344421863556
-0.04028306528925896
-0.21001553535461426
0.3355688452720642
0.10391861200332642
-0.03831065818667412
-0.04940418154001236
0.21355068683624268
0.11872422695159912
0.0007080897339619696
-0.0008991503855213523
0.0745270624756813
-0.16102489829063416
0.018714405596256256
-0.0799533948302269
0.07371973246335983
0.060066141188144684
0.06601444631814957
0.2558690309524536
0.1378408819437027
0.2523494064807892
0.15040461719036102
0.15774190425872803
0.1374746561050415
-0.09775735437870026
0.008435273543000221
0.22945639491081238
0.11027023196220398
-0.0022920211777091026
0.06281550973653793
0.029945310205221176
-0.017550736665725708
-0.03220660611987114
-0.18624773621559143
0.005442578811198473
0.10875940322875977
0.1126674935221672
-0.01792791485786438
0.0373348705470562
-0.04758010059595108
-0.003212714334949851
-0.028490282595157623
0.026647130027413368
0.12491833418607712
0.09491898864507675
-0.10470510274171829
0.029168706387281418
0.019174575805664062
0.09129483997821808
0.004163073375821114
0.08358319848775864
0.0017848805291578174
0.1796552538871765
0.1975075900554657
0.1259160190820694
0.13352523744106293
0.06544303148984909
0.15279729664325714
0.08222634345293045
-0.012522770091891289
0.13963671028614044
0.2566961348056793
-0.00532744824886322
0.1285940408706665
0.05493222549557686
0.15043111145496368
0.02083761617541313
0.0980638936161995
0.029165174812078476
-0.0073051550425589085
0.07840478420257568
0.263245165348053
0.2848304212093353
0.15215665102005005
0.11992426961660385
0.2710549831390381
-0.028251543641090393
0.13223160803318024
0.13766005635261536
-0.11909433454275131
0.18899285793304443
0.06056515872478485
0.09563908725976944
0.09278165549039841
-0.05310037359595299
0.09181787073612213
0.16772368550300598
0.21998105943202972
0.2806260287761688
-0.04111723601818085
0.06329015642404556
0.13026943802833557
-0.1294412761926651
0.08839184790849686
-0.0011820330983027816
0.12409687787294388
-0.017085622996091843
0.11111358553171158
0.025957757607102394
-0.07045722752809525
0.02445363998413086
0.02088034711778164
0.22081097960472107
0.306673139333725
0.22144031524658203
0.10849347710609436
0.18222592771053314
0.11564994603395462
-0.0005025494610890746
0.11596249788999557
0.1010795459151268
0.08620047569274902
0.06371960043907166
0.1503562331199646
-0.10050918906927109
0.08874572068452835
0.015534888952970505
0.18365199863910675
0.20371972024440765
0.16742809116840363
0.06987909972667694
0.11121705919504166
0.1450178325176239
0.08420228958129883
0.1523982137441635
-0.007693633437156677
0.32122305035591125
-0.012108864262700081
0.1276705265045166
0.1342199146747589
0.04791207239031792
0.13601715862751007
0.14480629563331604
0.1268603652715683
0.020818190649151802
0.06489315629005432
-0.039109863340854645
0.12391746789216995
0.013937890529632568
0.11539885401725769
-0.01177653856575489
0.004806887358427048
0.026225455105304718
0.1150997206568718
0.09214560687541962
0.13917900621891022
0.012476152740418911
0.03636932373046875
0.1152777150273323
0.06020811200141907
0.08972468227148056
0.23526908457279205
0.08410657942295074
0.13721437752246857
0.21654868125915527
0.08488494902849197
0.1291552186012268
0.061483025550842285
0.07578431814908981
0.07285554707050323
-0.005514271091669798
0.028482159599661827
-0.08347512781620026
0.04826134815812111
-0.10727400332689285
0.04234164580702782
0.18218813836574554
0.22848589718341827
0.19384989142417908
0.03987657651305199
0.061223097145557404
0.08776957541704178
0.08301177620887756
0.08792673796415329
0.14351937174797058
0.012684518471360207
0.034788571298122406
0.25081175565719604
-0.05519533157348633
0.0830153077840805
0.02122362144291401
-0.027518380433321
0.15871310234069824
0.27074384689331055
0.1845998764038086
0.06685037910938263
0.13565480709075928
-0.1335577368736267
0.03539777547121048
0.12924562394618988
0.11989248543977737
0.19058173894882202
0.10004548728466034
0.06180828809738159
0.1377653032541275
0.17190511524677277
0.1430574357509613
-0.11113230139017105
0.14710396528244019
0.137034609913826
0.212675541639328
0.5180066823959351
0.06920456141233444
0.16758841276168823
0.06416211277246475
-0.048200249671936035
0.08037648350000381
0.2574356496334076
0.016296658664941788
0.12775209546089172
0.1773551106452942
0.1965346336364746
0.10424529016017914
0.2351461797952652
0.0725535973906517
0.2059781849384308
0.164094939827919
0.05462886020541191
0.29363685846328735
-0.023081254214048386
0.20601914823055267
0.10776419192552567
0.07318257540464401
0.06272757053375244
0.0664258822798729
0.15915562212467194
0.000863481021951884
-0.12415126711130142
0.144673153758049
-0.03045421652495861
-0.05346059799194336
0.047665562480688095
0.05024611949920654
0.20619149506092072
0.1406668871641159
0.07234098762273788
0.050669558346271515
0.22800560295581818
0.15894584357738495
0.3370228111743927
0.09662123024463654
-0.10046009719371796
0.03153100609779358
0.09728552401065826
0.22576408088207245
0.0908837616443634
0.11701703816652298
-0.005540051963180304
0.020643023774027824
0.16733838617801666
0.08551322668790817
0.040617864578962326
-0.08356483280658722
0.142488494515419
-0.0817248597741127
0.11911199241876602
0.03658439964056015
0.009227769449353218
0.0858229473233223
0.03731827065348625
0.06047545373439789
0.052523307502269745
0.06515166908502579
0.2022046446800232
-0.17666256427764893
0.00977234449237585
0.03709154203534126
0.06377116590738297
-0.13921362161636353
0.08833110332489014
0.06510823220014572
0.1901780664920807
0.09927206486463547
0.23436817526817322
0.1221710816025734
-0.02069917507469654
0.07506492733955383
-0.10554492473602295
0.18537965416908264
0.0327935591340065
-0.08151896297931671
0.055222876369953156
0.08317635208368301
0.1844981610774994
-0.09704502671957016
0.10632753372192383
0.14088831841945648
0.12339125573635101
0.07986369729042053
0.12053100019693375
0.007987463846802711
0.15252959728240967
0.10099443048238754
0.0820402279496193
-0.006261208560317755
0.014910144731402397
-0.05209704115986824
0.12169396132230759
0.0197173859924078
-0.0917016863822937
-0.25039535760879517
-0.02158384583890438
0.04405130445957184
0.14996881783008575
0.05871529504656792
0.13923870027065277
0.10728389769792557
0.17579731345176697
0.1243055984377861
0.074197918176651
0.1496262550354004
0.021676374599337578
-0.00040648941649124026
0.1446007490158081
0.11755666881799698
0.3216938078403473
0.13666944205760956
0.15633103251457214
0.1010286882519722
-0.0612817220389843
0.09710682928562164
0.17108295857906342
0.06006048992276192
0.12894085049629211
0.04675758630037308
0.007515639998018742
0.3839707672595978
0.010242050513625145
0.1411440074443817
-0.23838184773921967
0.16928288340568542
-0.15705606341362
0.049298230558633804
0.07011889666318893
-0.2991846799850464
0.07822714000940323
0.2087155431509018
0.0880584642291069
0.011311070993542671
0.24588195979595184
0.2275892198085785
0.11059337854385376
-0.13669699430465698
0.1555844396352768
0.08376825600862503
0.058067597448825836
0.03749025985598564
0.09349751472473145
-0.1263500452041626
-0.0680416002869606
0.051597315818071365
0.17400112748146057
0.06395868957042694
-0.03048953227698803
0.006835096515715122
-0.07756707817316055
0.11707036942243576
-0.15699321031570435
0.15851180255413055
-0.011281758546829224
0.019008589908480644
0.06741826236248016
0.05187172442674637
-0.07086512446403503
0.03419844061136246
0.17575281858444214
0.1633395254611969
0.16899824142456055
0.13054031133651733
0.07075493782758713
0.09596046060323715
0.05530057102441788
0.045993342995643616
0.042733658105134964
0.13992488384246826
-0.271355539560318
-0.020721424371004105
0.12539085745811462
0.0022369278594851494
0.33427098393440247
0.2431710809469223
0.006318420637398958
0.14552533626556396
0.005371240433305502
0.046772416681051254
0.1667090505361557
0.0654560998082161
0.16659003496170044
0.10737748444080353
0.19250081479549408
0.09322557598352432
0.23995201289653778
-0.10622546821832657
-0.0191608015447855
-0.15069667994976044
0.05427604913711548
0.3069683909416199
0.18726059794425964
0.09087669849395752
0.21237288415431976
0.17375992238521576
-0.04633025825023651
0.09092119336128235
0.17628291249275208
-0.04129381477832794
0.25302571058273315
0.15759994089603424
0.009297695010900497
0.017777113243937492
0.10605912655591965
0.051510438323020935
0.25694864988327026
0.00605460861697793
0.3392367959022522
0.06637255102396011
0.020700234919786453
0.005575721152126789
0.0019261453999206424
0.037920061498880386
-0.10785813629627228
0.3921182155609131
0.11874541640281677
0.09532159566879272
0.047419410198926926
0.08456745743751526
0.17446236312389374
-0.007437943946570158
0.22597457468509674
-0.0681302398443222
0.05190739408135414
-0.010012495331466198
0.3193933367729187
-0.026038985699415207
0.045240048319101334
0.16761738061904907
0.17873916029930115
0.20045897364616394
0.3020212948322296
0.012546079233288765
0.09882001578807831
0.08171708881855011
0.01065313071012497
-0.005742413457483053
0.07763241976499557
0.04829101264476776
-0.11704564839601517
-0.192389577627182
0.040230799466371536
-0.09859363734722137
-0.09685713797807693
0.0696643739938736
-0.2619706094264984
0.041286397725343704
0.19866737723350525
0.08023416250944138
0.0689266175031662
0.03553339093923569
0.050613053143024445
0.06654207408428192
0.24495208263397217
0.1520337611436844
0.1405612826347351
0.21685239672660828
0.17197398841381073
-0.07895748317241669
0.03553197905421257
-0.004883523564785719
0.12937453389167786
0.09889523684978485
0.07024355977773666
0.09402231127023697
0.05808454751968384
0.1395999789237976
0.0659039095044136
0.1032642051577568
0.12310554832220078
-0.012285798788070679
0.2972348928451538
0.1989785134792328
0.11457739770412445
0.13252685964107513
0.09879670292139053
0.0005654122796840966
0.1651618480682373
0.11262793838977814
0.12960337102413177
0.13957703113555908
0.03688140958547592
-0.10050530731678009
0.053294964134693146
0.009291337803006172
0.0032836999744176865
0.06140003353357315
0.018030330538749695
0.1816689819097519
0.05469384044408798
-0.08045630156993866
0.0427364818751812
-0.00011972190259257331
-0.00012925728515256196
0.014685180969536304
-0.2519383430480957
-0.03662748634815216
0.0989418551325798
0.04465697705745697
-0.2084972858428955
0.21384063363075256
-0.040490373969078064
-0.03845509886741638
0.02143622562289238
0.008240328170359135
0.09247581660747528
-0.03967810049653053
0.044981181621551514
-0.016620155423879623
-0.040046095848083496
0.21433329582214355
0.3456604480743408
0.09384184330701828
0.33927175402641296
-0.06387287378311157
0.09101584553718567
0.07032796740531921
-0.02348138578236103
0.007211213931441307
0.18548420071601868
-0.12568151950836182
0.15209272503852844
-0.01272195391356945
0.23449848592281342
0.13392290472984314
0.09309172630310059
0.25328704714775085
0.13808880746364594
0.10647974163293839
-0.05460060387849808
0.0800928920507431
-0.0901375263929367
-0.014307297766208649
0.1580149084329605
0.07783195376396179
0.04119069129228592
0.09559070318937302
0.06446865946054459
0.032324209809303284
0.09365996718406677
-1.6598613001406193e-05
0.24114322662353516
0.10200130194425583
0.11263535916805267
0.040560297667980194
0.031307101249694824
0.10605347901582718
-0.007639599498361349
0.18627457320690155
0.22689703106880188
-0.1061604842543602
0.07142382860183716
0.15217572450637817
-0.050704170018434525
0.17848734557628632
0.12089087069034576
0.05403696000576019
0.1597341001033783
0.15315645933151245
0.2247399091720581
0.17320087552070618
0.08753543347120285
0.16015507280826569
0.13285847008228302
-0.007659730035811663
0.018361596390604973
0.12195565551519394
0.037106022238731384
0.1096479594707489
0.14058777689933777
0.13494354486465454
0.06120791286230087
0.12169325351715088
0.19517813622951508
0.07208070904016495
0.1970396488904953
0.014912264421582222
-0.0814967155456543
0.12844747304916382
0.34688839316368103
-0.08984934538602829
-0.015402805991470814
0.045053932815790176
0.10606301575899124
0.1553909182548523
0.23300248384475708
0.152105450630188
0.028810599818825722
-0.07557524740695953
-0.015641896054148674
0.059215374290943146
-0.038146790117025375
0.02840728871524334
0.18451158702373505
0.115231454372406
0.07684239000082016
0.0560867115855217
-0.011849996633827686
-0.1046810895204544
0.16219280660152435
0.1019560918211937
0.10191159695386887
-0.0044611417688429356
-0.046520259231328964
0.13061624765396118
-0.0634571984410286
0.10292410850524902
0.013230506330728531
0.04222969338297844
0.08897986263036728
0.09597953408956528
0.048117611557245255
0.13760073482990265
0.05938171222805977
0.041249316185712814
0.06796637177467346
0.10840412229299545
0.08854794502258301
0.01353069394826889
0.036551911383867264
0.018759964033961296
0.08198831230401993
0.11972790956497192
0.053275540471076965
0.13060671091079712
-0.06848057359457016
0.08635057508945465
0.04437021166086197
0.015887698158621788
0.04163603112101555
0.17391283810138702
0.4104914665222168
0.1563013643026352
0.14606425166130066
-0.014656574465334415
0.10301098972558975
-0.011452335864305496
0.10988599061965942
-0.06759978830814362
0.10357039421796799
0.11232775449752808
0.09986678510904312
0.08341968059539795
0.1291382610797882
0.14843855798244476
0.22678719460964203
0.06686627119779587
0.1894788146018982
0.09448707103729248
-0.08195759356021881
0.1612064242362976
0.07281175255775452
0.16080065071582794
0.09903968125581741
-0.06977880001068115
-0.12681975960731506
0.07875193655490875
0.12122708559036255
0.026315510272979736
0.004406048450618982
0.14675787091255188
0.013452998362481594
0.20916971564292908
0.2777145504951477
0.06241890415549278
-0.017870701849460602
0.03639369457960129
-0.13763675093650818
0.029753895476460457
0.306866317987442
0.11012084782123566
0.014632206410169601
0.007805938832461834
-0.023145528510212898
0.008972079493105412
0.12551306188106537
0.05892224982380867
0.25434088706970215
-0.050338998436927795
0.07573593407869339
0.13309791684150696
-0.10474254190921783
0.08245166391134262
0.15063205361366272
-0.04300735890865326
0.46118927001953125
0.09114369004964828
0.018432581797242165
0.22232075035572052
-0.11738856136798859
0.10069601237773895
0.1787172555923462
-0.09182387590408325
0.07454860955476761
-0.1733718067407608
-0.12696561217308044
0.025806251913309097
0.33166074752807617
-0.08663875609636307
-0.019261101260781288
0.01797841675579548
0.06325766444206238
0.18533021211624146
0.0024428213946521282
0.11567220091819763
0.01849897764623165
0.09319096803665161
0.1189378872513771
0.0881216824054718
-0.018907586112618446
-0.06587635725736618
0.02165306732058525
-0.0112354950979352
-0.026921536773443222
0.08171603083610535
-0.028790822252631187
0.008398191072046757
0.10975002497434616
0.08631490170955658
0.02557952143251896
0.1689600944519043
0.09167272597551346
0.138402059674263
0.16100053489208221
-0.01192204188555479
-0.054397184401750565
-0.006736917421221733
0.012371616438031197
-0.02072778157889843
-0.179477259516716
0.08781655132770538
-0.08338294923305511
0.2418668568134308
0.11897815018892288
0.3549129366874695
0.15447022020816803
0.23412907123565674
-0.0888555496931076
0.20766028761863708
0.08599105477333069
-0.038192346692085266
0.07433635741472244
0.1687125265598297
-0.03255129233002663
0.22671231627464294
0.17536857724189758
0.02770237810909748
0.05525678023695946
0.04985940456390381
-0.0614081546664238
0.048282183706760406
0.06724097579717636
0.15202033519744873
0.14158686995506287
0.16466671228408813
0.052555445581674576
0.061882805079221725
0.21548494696617126
0.17761538922786713
0.09741336852312088
0.09864307940006256
0.3157070279121399
0.1129581481218338
0.12175294011831284
0.06812035292387009
0.0679490715265274
0.07099120318889618
0.05516742914915085
-0.05082671716809273
-0.08212993294000626
0.08046194911003113
0.14476461708545685
0.39778926968574524
0.09946312010288239
0.07203974574804306
0.11350978910923004
-0.08737827092409134
0.2033277004957199
0.11337205767631531
0.12496141344308853
0.12541240453720093
0.15420463681221008
0.07427419722080231
0.029089951887726784
0.08135015517473221
0.07852733135223389
0.04531880468130112
0.0073231663554906845
0.15554842352867126
0.18717019259929657
0.08000778406858444
-0.013596735894680023
-0.135003924369812
-0.06389830261468887
0.13929449021816254
0.23467083275318146
0.0758800283074379
0.08415248990058899
0.18348459899425507
0.20476578176021576
0.10763564705848694
0.14340458810329437
0.055620186030864716
0.019357159733772278
0.14050866663455963
0.23190169036388397
0.22444114089012146
0.20896311104297638
0.09174865484237671
0.07832072675228119
0.019415078684687614
0.10256176441907883
0.07296149432659149
0.09700652956962585
-0.0892171859741211
0.0421212762594223
0.11982078850269318
0.19904914498329163
0.029283836483955383
0.2888995409011841
0.03007633239030838
-0.04382563382387161
0.016648054122924805
-0.04935791715979576
0.14409537613391876
-0.0012212340952828526
0.09618295729160309
0.1462157666683197
-0.04099009558558464
0.03829653188586235
-0.09469649940729141
-0.0255533866584301
0.004551904741674662
0.18004973232746124
-0.04419645294547081
0.1399700939655304
0.171951025724411
0.12212976813316345
-0.06113763526082039
0.18324938416481018
-0.0013653241330757737
0.03996345400810242
0.23059675097465515
-0.0015782808186486363
0.11740516126155853
0.15291206538677216
0.010991459712386131
0.011633861809968948
0.11477269232273102
-0.027553696185350418
0.21768267452716827
0.15918563306331635
0.15742158889770508
0.22245778143405914
0.19387567043304443
-0.10251585394144058
-0.025615191087126732
-0.0940929427742958
-0.1786201447248459
-0.1730412393808365
0.20736928284168243
0.4422859251499176
0.01414131186902523
0.04729156568646431
-0.03346491977572441
0.19182275235652924
0.20123274624347687
0.11636298149824142
0.020994065329432487
0.1776934415102005
0.15130765736103058
0.06556346267461777
0.022003402933478355
0.16852465271949768
-0.06097235530614853
0.25790005922317505
0.030714496970176697
0.1353309601545334
-0.035901740193367004
-0.0063339597545564175
0.1634444147348404
0.07977434247732162
0.022013291716575623
-0.019824746996164322
0.16531723737716675
0.14748220145702362
-0.03959404677152634
0.05076456069946289
0.10804460942745209
0.13262149691581726
0.09452062100172043
0.02171875536441803
0.05341433361172676
0.0002397969801677391
0.03478080406785011
-0.04057689756155014
-0.11843321472406387
-0.07347746938467026
0.23935623466968536
-0.11640571802854538
0.1392655372619629
0.18028953671455383
0.12794281542301178
0.15590900182724
0.2352277636528015
0.13416869938373566
-0.043367937207221985
0.11662997305393219
0.08773991465568542
0.2388858199119568
0.16654659807682037
-0.09462833404541016
0.171896293759346
0.014894252642989159
-0.04386094957590103
0.13177461922168732
0.13805101811885834
0.002409270964562893
0.11102458834648132
0.0440693162381649
-0.019945882260799408
-0.014254676178097725
0.08980096131563187
0.0559348501265049
0.008702264167368412
0.08535995334386826
0.03091367892920971
-0.1594310849905014
0.002288136398419738
-0.08109799772500992
-0.08552735298871994
0.008471649140119553
0.17950022220611572
0.127863347530365
0.03320746496319771
0.12906339764595032
0.17539824545383453
-0.10037604719400406
-0.11503474414348602
-0.1641196608543396
-0.01629948429763317
-0.04608127847313881
0.14237618446350098
0.16172310709953308
0.02398746646940708
0.21297290921211243
0.11226242035627365
-0.07036681473255157
0.0035492777824401855
0.2922934293746948
0.27670276165008545
0.26126956939697266
0.06291121244430542
-0.0018985987408086658
0.01615609973669052
0.023916129022836685
0.036071255803108215
-0.03112875483930111
0.08738427609205246
0.04483320564031601
-0.042150940746068954
0.16108106076717377
0.15609228610992432
0.10411462187767029
0.20656514167785645
0.11277909576892853
-0.050967276096343994
-0.08987477421760559
0.1280081421136856
0.11045140773057938
-0.07628899067640305
-0.11676453053951263
0.07112541049718857
-0.0018608104437589645
0.08474863320589066
0.11989565938711166
0.11603489518165588
-0.018165238201618195
-0.08372622728347778
0.06461840122938156
0.13716880977153778
0.4104236364364624
0.24075227975845337
0.19076961278915405
0.10376287251710892
0.16223059594631195
0.03969187289476395
-0.06507927179336548
0.3239738345146179
0.012263196520507336
0.12553425133228302
0.09183023124933243
0.1387251913547516
0.17851878702640533
0.022124890238046646
-0.12869787216186523
0.029775790870189667
0.15430070459842682
0.02577870525419712
0.11888349801301956
0.2883274257183075
0.10117242485284805
0.23059605062007904
0.15773802995681763
0.11803202331066132
0.05926446244120598
-0.05834200233221054
0.28546398878097534
-0.040303196758031845
0.06306836754083633
-0.07620953023433685
0.18761906027793884
0.08969607949256897
0.22774673998355865
0.19074594974517822
0.12582595646381378
0.1685469001531601
0.13998599350452423
0.05791785567998886
0.17412297427654266
-0.07142029702663422
0.01197254378348589
0.07100250571966171
0.10516703873872757
0.02861918695271015
0.15060310065746307
0.02382960356771946
0.1457139253616333
0.3111851215362549
0.06709865480661392
-0.025208700448274612
0.24300403892993927
0.12884867191314697
0.04346434772014618
0.0916554182767868
0.2590774893760681
0.11651024967432022
0.054307833313941956
0.16804789006710052
-0.06480133533477783
-0.021749479696154594
0.08347971737384796
-0.08412953466176987
0.11875494569540024
0.3102012276649475
0.016524801030755043
0.14780957996845245
0.036021459847688675
0.16953222453594208
0.14188210666179657
0.014547094702720642
0.16736169159412384
0.2548547387123108
0.10193808376789093
0.155193492770195
0.07583870738744736
0.11209183931350708
0.14249661564826965
-0.025396229699254036
0.03105812333524227
0.2504444420337677
0.15268993377685547
0.1875908076763153
0.022486882284283638
0.1319582611322403
0.15074612200260162
0.0015274254838004708
0.21209847927093506
-0.15176606178283691
0.10248089581727982
-0.027175813913345337
0.09139301627874374
-0.05500179901719093
0.09172464162111282
-0.07214957475662231
0.17871937155723572
0.11246830970048904
0.186241015791893
0.08564318716526031
0.2106056660413742
0.030552394688129425
0.052177559584379196
0.041057199239730835
0.03025432676076889
-0.007969452999532223
0.1627543419599533
0.041026826947927475
-0.026586385443806648
0.11998394876718521
-0.07141288369894028
0.056813519448041916
0.04195811226963997
0.10562827438116074
0.1303471326828003
0.20319633185863495
0.05750889331102371
0.09128812700510025
-0.05944845825433731
0.0030287171248346567
0.17984242737293243
0.0048948246985673904
0.1334729790687561
-0.1450517475605011
0.061904702335596085
0.10449956357479095
0.12189208716154099
-0.047697700560092926
0.10074757039546967
0.018300145864486694
0.07091880589723587
0.14984026551246643
0.0826854556798935
0.039645254611968994
0.04279263690114021
0.1442423015832901
-0.06555639952421188
0.008013244718313217
0.036690350621938705
0.2167535126209259
0.20169220864772797
0.15250663459300995
0.010049929842352867
0.09565144777297974
0.07851920276880264
0.03205404058098793
-0.08491037786006927
-0.1461387723684311
0.030178043991327286
0.0029199430719017982
0.1013239324092865
-0.05049439147114754
0.011591481976211071
0.03315519914031029
0.0333293080329895
0.11865394562482834
0.07562151551246643
0.09235256165266037
0.050359129905700684
0.0011548396432772279
0.0009641321375966072
0.3068793714046478
0.03984726592898369
0.1287536770105362
0.32020947337150574
0.11727449297904968
0.2749499976634979
0.029203316196799278
0.13915781676769257
0.10434805601835251
0.1895812302827835
0.031015390530228615
0.14176803827285767
0.18873928487300873
0.14391879737377167
0.1877218335866928
-0.021559124812483788
0.05750394985079765
0.09029362350702286
-0.03178492933511734
0.19281195104122162
0.22459016740322113
0.07015244662761688
0.13920725882053375
0.16129295527935028
0.19098787009716034
0.0837530642747879
0.1697155088186264
0.031852029263973236
0.11374323070049286
0.11212221533060074
0.28643694519996643
0.15701015293598175
0.16958414018154144
0.10935448110103607
0.15571264922618866
-0.023105621337890625
0.08224577456712723
0.09404350072145462
0.05711406096816063
0.2702741324901581
0.18565230071544647
-0.004265137016773224
0.08455191552639008
0.1981528252363205
0.059859540313482285
0.003848758991807699
0.11210137605667114
0.11957499384880066
0.18318475782871246
0.15788282454013824
-0.049553919583559036
0.1316520720720291
0.09290526062250137
0.09993388503789902
0.046139199286699295
0.06748218834400177
-0.013466771692037582
0.32272857427597046
0.052160609513521194
0.06340952217578888
0.11682986468076706
0.2183840572834015
0.23943674564361572
0.0598524771630764
0.1585192233324051
0.09564367681741714
0.11330460011959076
0.2294624000787735
0.03448344022035599
-0.015073658898472786
0.1181492730975151
0.09798337519168854
0.051506198942661285
0.06569801270961761
0.06231154501438141
-0.032380007207393646
0.15438969433307648
0.06446336209774017
0.1623312532901764
0.03334766998887062
0.1320045292377472
0.03611116483807564
0.011235141195356846
-0.04957970231771469
-0.07073304057121277
-0.12124897539615631
-0.07596267014741898
0.05943009629845619
-0.0733460858464241
0.031155595555901527
-0.010555657558143139
0.09031269699335098
0.13899219036102295
0.013147866353392601
0.18545806407928467
0.02962499111890793
-0.04739009961485863
0.010578966699540615
-0.046595484018325806
0.15525177121162415
0.09302462637424469
0.05214153975248337
-0.009831676259636879
0.21032242476940155
-0.011343562044203281
-0.1811562031507492
0.15346087515354156
0.07206764072179794
0.06603634357452393
0.0802154392004013
0.012746321968734264
-0.0938263013958931
0.3345199525356293
0.039585571736097336
-0.0657350942492485
0.1265312284231186
0.12983646988868713
0.13564738631248474
0.044426362961530685
0.16716709733009338
-0.000823220529127866
-0.06433657556772232
-0.08483833074569702
0.02409270964562893
0.07009205222129822
0.017940275371074677
0.140911266207695
0.17141281068325043
0.11741222441196442
0.05039232596755028
0.27797096967697144
0.09439560025930405
0.11863628774881363
0.14092151820659637
0.06301398575305939
0.04435749724507332
-0.020798061043024063
-0.07148174941539764
0.0814635157585144
-0.008486482314765453
0.017302464693784714
0.08759687840938568
0.09717957675457001
0.08564742654561996
0.2085174173116684
0.08416732400655746
0.11765414476394653
0.030448565259575844
0.026022033765912056
0.09566628187894821
0.16652151942253113
0.11497116833925247
0.19204171001911163
0.04508960247039795
0.16955482959747314
0.17362572252750397
0.07136202603578568
0.08224224299192429
0.13879548013210297
0.14484797418117523
0.38806283473968506
-0.1128779798746109
-0.11532928049564362
-0.13440214097499847
0.028011394664645195
0.06361329555511475
0.10833737999200821
-0.007431234233081341
0.007486680522561073
0.10045197606086731
-0.06267070770263672
0.12953698635101318
0.06998752057552338
0.20587505400180817
0.1041654720902443
0.1297033280134201
0.04637723043560982
0.053500860929489136
0.21433046460151672
0.016925286501646042
-0.027664942666888237
0.43438002467155457
0.07196946442127228
-0.09423385560512543
0.4477355480194092
0.13036125898361206
0.0723809003829956
0.2941955626010895
0.2999369204044342
0.13523949682712555
0.0890791043639183
0.09366773813962936
0.20345942676067352
0.12165970355272293
-0.09122173488140106
-0.014249025844037533
-0.06720142811536789
0.07495933026075363
0.024656355381011963
0.23891229927539825
0.13492058217525482
0.19361363351345062
0.36858490109443665
0.40155327320098877
0.08030020445585251
-0.03918543830513954
-0.009050128050148487
-0.09850887954235077
0.02800680324435234
0.13630922138690948
0.19694924354553223
-0.02159656025469303
-0.2372630387544632
0.3060579299926758
0.05427534505724907
0.062022656202316284
0.0010729060741141438
0.20978279411792755
0.1292092502117157
0.2613109052181244
0.14021801948547363
0.013320209458470345
-0.02724432572722435
0.030029715970158577
-0.08041533082723618
0.3709641396999359
0.04925161600112915
-0.18938346207141876
0.06469786167144775
0.06374537944793701
-0.06266047060489655
-0.05565761774778366
